trial Response_Time velH Occlusion_Duration velH_Subject xRotations_first0 xRotations_first1 xRotations_first2 xRotations_first3 xRotations_first4 xRotations_first5 yRotations_first0 yRotations_first1 yRotations_first2 yRotations_first3 yRotations_first4 yRotations_first5
1 0.6199999 4.75 0.6 1 -0.020962 -0.0198532 -0.01673049 -0.0163379 -0.01673608 1000 -0.007757314 -0.007058162 -0.008477761 -0.008270646 -0.007113148 1000
2 0.6799999 4.75 0.7 0 -0.01616249 -0.01689241 -0.0167963 -0.01676266 -0.01632206 1000 -0.006025596 -0.005355695 -0.005328482 -0.0056435 -0.005742471 1000
3 0.8799997 5.5 0.8 0 -0.01665606 -0.01639026 -0.01543626 -0.01491512 -0.01505414 1000 -0.004350487 -0.004269985 -0.004505845 -0.004645244 -0.004139591 1000
4 0.52 -4 0.7 1 0.004472551 0.004563753 0.003517995 0.0035299 0.003213289 1000 0.008184216 0.007080099 0.0106174 0.01140943 0.01216988 1000
5 0.06 -4.75 0.1 0 -0.001243584 -0.001278431 -0.0009426421 -0.0008105804 -0.0005686498 1000 0.01202535 0.01237528 0.0118596 0.01143213 0.01179217 1000
6 0.28 -5.5 0.1 0 -0.001457062 -0.001111837 -0.0007151317 -0.001140704 -0.001189454 1000 0.0116922 0.01187209 0.01169269 0.01218862 0.01199771 1000
7 0.4800001 -5.5 0.6 1 -0.001032028 -0.0009237318 -0.00139349 -0.001647562 -0.0009644224 1000 0.01120647 0.01137984 0.01152128 0.01175978 0.01151175 1000
8 0.4400001 -5.5 0.4 0 -0.001728731 -0.001685626 -0.0009142822 -0.0009597851 -0.0007365692 1000 0.01153999 0.01144538 0.01100984 0.01133885 0.01073656 1000
9 0.6599999 -4 1 0 -0.001863549 -0.002316762 -0.002220145 -0.001987964 -0.001512002 1000 0.01082882 0.01087957 0.01093636 0.01063079 0.01063979 1000
10 0.56 4 0.7 1 -0.001941683 -0.001589523 -0.001254834 -0.001143626 -0.00164981 1000 0.01019469 0.009231421 0.00939745 0.009304587 0.009587645 1000
11 0.24 4 0.3 0 -0.001448845 -0.001670118 -0.001082916 -0.001036165 -0.0008971734 1000 0.00975129 0.01038333 0.009845108 0.009941476 0.009523711 1000
12 0.6599999 -4 0.9 0 -0.002342311 -0.00232281 -0.002137846 -0.002030163 -0.001921978 1000 0.009483241 0.009196367 0.009030221 0.009121793 0.009045538 1000
13 0.4 5.5 0.4 0 -0.002399051 -0.002277469 -0.001930063 -0.002015489 -0.002084441 1000 0.008631695 0.008924632 0.008646907 0.008673537 0.008730236 1000
14 0.38 -4 0.5 -1 -0.001910887 -0.002129888 -0.001998117 -0.001392792 -0.001121757 1000 0.008457182 0.008532964 0.008652785 0.008485312 0.008681853 1000
15 0.52 5.5 0.6 1 -0.00255874 -0.002571659 -0.002321799 -0.001775976 -0.001902673 1000 0.008498781 0.008290495 0.008512883 0.008303225 0.008014057 1000
16 0.52 -4.75 0.6 1 -0.00201939 -0.002306291 -0.002148056 -0.00219014 -0.002181885 1000 0.008238853 0.008144231 0.007970903 0.007888875 0.008386232 1000
17 0.6199999 -4.75 0.8 0 -0.002857908 -0.00272764 -0.002242213 -0.002506471 -0.002598223 1000 0.008629636 0.007980605 0.008071967 0.008536416 0.008298934 1000
18 0.6 -5.5 0.7 0 -0.002471102 -0.002510607 -0.00303212 -0.003084011 -0.002743379 1000 0.007435717 0.007299118 0.007625506 0.008037316 0.00781266 1000
19 0.4400001 -4.75 0.5 1 -0.003186838 -0.003384271 -0.003102408 -0.002817828 -0.002728866 1000 0.007241614 0.006831556 0.006861909 0.006798877 0.006574153 1000
20 0.16 4.75 0.1 0 -0.00368276 -0.003762451 -0.003685481 -0.00363394 -0.003565265 1000 0.006989814 0.006961284 0.007080698 0.006924332 0.007184416 1000
21 0.7999998 4 0.9 0 -0.00511024 -0.004884068 -0.004688989 -0.005083818 -0.005319305 1000 0.007294357 0.007656927 0.007149164 0.00762096 0.007570068 1000
22 0.18 -5.5 0.1 0 -0.005554474 -0.005933059 -0.005665285 -0.005062526 -0.00490539 1000 0.007549194 0.007100819 0.007044772 0.006962446 0.007011769 1000
23 0.34 -4 0.6 1 -0.006036523 -0.006418055 -0.006651338 -0.006274081 -0.006327128 1000 0.008426379 0.007974441 0.00775383 0.00730326 0.007259855 1000
24 0.58 -4 0.7 0 -0.00640315 -0.006654826 -0.00719649 -0.006871848 -0.006150245 1000 0.007161342 0.007247855 0.007430952 0.007039195 0.006838955 1000
25 0.36 -5.5 0.3 0 -0.006477008 -0.006375135 -0.006326775 -0.006464889 -0.006174667 1000 0.007313096 0.007068976 0.007207394 0.007246935 0.007310964 1000
26 0.38 -5.5 0.4 0 -0.00664321 -0.007071852 -0.006764376 -0.006605979 -0.006598283 1000 0.007562935 0.007451518 0.007247069 0.00721372 0.00729998 1000
27 0.52 -4.75 0.7 -1 -0.006446807 -0.006808593 -0.006687607 -0.006509585 -0.006300495 1000 0.007169083 0.007345305 0.007293854 0.007325523 0.007042659 1000
28 0.36 4 0.7 -1 -0.007388616 -0.007459997 -0.007391326 -0.006994996 -0.006687271 1000 0.006971715 0.006664931 0.006819658 0.006910392 0.007320665 1000
29 0.42 -4.75 0.7 1 -0.006775999 -0.007277436 -0.007436735 -0.007431318 -0.0072844 1000 0.007196604 0.007276434 0.007261356 0.007103788 0.006684564 1000
30 0.42 -4 0.5 0 -0.007541357 -0.007443647 -0.007327059 -0.007334618 -0.007091347 1000 0.006851367 0.006803834 0.006437073 0.006061807 0.006244668 1000
31 0.36 -4 0.5 -1 -0.007801261 -0.007810814 -0.007750418 -0.007607444 -0.007384213 1000 0.007301362 0.007129655 0.007159387 0.007055755 0.006837601 1000
32 0.54 -5.5 0.5 -1 -0.008096794 -0.008309697 -0.007949485 -0.008117376 -0.00843063 1000 0.007815946 0.008073404 0.007412832 0.007423439 0.007142478 1000
33 0.6599999 -4.75 0.7 0 -0.008785104 -0.008723587 -0.008689879 -0.008783503 -0.008851646 1000 0.006912952 0.006461263 0.006392932 0.006255991 0.006165057 1000
34 0.7399998 5.5 1 0 -0.009051395 -0.008914237 -0.00893 -0.008891329 -0.008848517 1000 0.006381354 0.006117705 0.005923854 0.006170442 0.006542983 1000
35 0.6 5.5 0.7 1 -0.001336612 0.000609226 0.0005506532 -0.0007546953 -0.001772472 1000 0.009089512 0.009044104 0.01016966 0.009287959 0.008819067 1000
36 0.58 4 0.7 0 -0.002513831 -0.002367764 -0.002294074 -0.002373219 -0.002367525 1000 0.009806377 0.00968047 0.009930929 0.01037332 0.01016523 1000
37 0.4 5.5 0.3 0 -0.003745684 -0.003882358 -0.003721746 -0.003867551 -0.003951092 1000 0.01110123 0.01106097 0.01095567 0.01093681 0.01074198 1000
38 0.4600001 -5.5 0.6 -1 -0.004511791 -0.004003254 -0.004023403 -0.004354061 -0.004626431 1000 0.0104808 0.01037768 0.01036624 0.01042493 0.01021248 1000
39 0.38 -4 0.5 -1 -0.004527328 -0.004409549 -0.00462497 -0.004793264 -0.004469018 1000 0.009978064 0.01006217 0.01007415 0.009815656 0.009535376 1000
40 0.7599998 -4.75 1 0 -0.005067267 -0.005085642 -0.005065198 -0.004893472 -0.004939802 1000 0.009844932 0.009725692 0.009628959 0.009584464 0.009191577 1000
41 0.56 5.5 0.7 -1 -0.005515587 -0.00553443 -0.005360381 -0.005086905 -0.004719686 1000 0.008759219 0.008720813 0.00870284 0.008934467 0.008546838 1000
42 0.36 4.75 0.4 0 -0.004352974 -0.003930695 -0.003907331 -0.004016331 -0.00374614 1000 0.008331079 0.008653344 0.008916945 0.00871581 0.009199923 1000
43 0.42 -4 0.7 -1 -0.004774029 -0.00510004 -0.00506571 -0.005018773 -0.004889788 1000 0.008776224 0.008470997 0.008584725 0.008562433 0.008267947 1000
44 0.52 4 1 0 -0.00413542 -0.003669462 -0.003888085 -0.004500758 -0.003080754 1000 0.009255154 0.009339791 0.008876084 0.008953664 0.008202389 1000
45 0.36 -5.5 0.3 0 -0.002311548 -0.002673515 -0.0029112 -0.002993697 -0.002870405 1000 0.008980378 0.008806586 0.009012946 0.008560908 0.008723519 1000
46 0.6 5.5 0.7 0 -0.004295593 -0.00438535 -0.004242292 -0.004182314 -0.004166451 1000 0.009166436 0.009023217 0.008934053 0.008954243 0.009390416 1000
47 0.4400001 5.5 0.5 -1 -0.004410573 -0.004846307 -0.004359432 -0.004245015 -0.004226049 1000 0.009356421 0.009339777 0.009289386 0.009675975 0.009876241 1000
48 0.36 -4.75 0.7 0 -0.003653741 -0.003632973 -0.004136664 -0.004569681 -0.004421185 1000 0.009150116 0.009122194 0.009463749 0.009465249 0.009229005 1000
49 0.4400001 -5.5 0.5 -1 -0.005029424 -0.004845935 -0.005115089 -0.005027184 -0.004851907 1000 0.009456488 0.009297055 0.009384444 0.009199503 0.008975869 1000
50 0.4600001 5.5 0.5 1 -0.006398286 -0.005100313 -0.006754403 -0.007206533 -0.007109105 1000 0.009185606 0.007305219 0.005149132 0.0002184935 0.002389887 1000
51 0.28 -4.75 0.2 0 -0.0001940488 0.0003583881 0.0004992756 0.0009847545 0.0009856912 1000 0.009980173 0.009371342 0.009430873 0.009174229 0.008633983 1000
52 0.34 4.75 0.7 -1 -0.0002319977 -5.864113E-05 0.0004533341 0.0005826222 0.001169662 1000 0.01057491 0.01028159 0.01011286 0.0108314 0.01110635 1000
53 0.32 4.75 0.3 0 0.0001930448 0.0003097283 0.0002123606 0.0006026836 0.0006653243 1000 0.01147749 0.01087055 0.01101902 0.01063349 0.0110846 1000
54 0.38 4.75 0.3 0 0.0003361191 0.0003479871 0.0003484919 0.0004622203 0.0004600976 1000 0.01102836 0.01103808 0.01052851 0.01024896 0.01054154 1000
55 0.34 -4 0.4 0 -4.594383E-05 -0.0001111651 -0.0001563772 7.77843E-05 -0.0001107779 1000 0.01090968 0.01091348 0.01101336 0.01082177 0.01073909 1000
56 0.4 4 0.3 0 -0.0009257564 -0.0007845737 -0.0006071076 -0.0007477438 -0.0006992985 1000 0.01062033 0.01079432 0.01013745 0.01052741 0.01061663 1000
57 0.4400001 -4.75 0.7 1 -0.002827785 -0.00206607 -0.001966976 -0.002156872 -0.002094151 1000 0.010102 0.009954024 0.009804742 0.009988999 0.009851673 1000
58 0.12 4 0.1 0 -0.001877372 -0.001584934 -0.002096506 -0.002223407 -0.001793025 1000 0.01099284 0.01061166 0.01083719 0.01058234 0.009889072 1000
59 0.6199999 5.5 0.9 0 -0.003243681 -0.003458856 -0.002667133 -0.00284483 -0.00284651 1000 0.0110701 0.01083689 0.01000762 0.009820708 0.009366401 1000
60 0.34 -5.5 0.3 0 0.001027178 0.002107158 0.002251377 0.002345221 0.002467569 1000 0.008393734 0.008584388 0.008810239 0.008979602 0.008801214 1000
61 0.52 5.5 1 0 0.001586946 0.001801365 0.002065047 0.002481376 0.002062904 1000 0.009616073 0.009402977 0.00939997 0.009466648 0.009085691 1000
62 0.4 -4.75 0.5 1 0.001966094 0.002288174 0.002205163 0.0022245 0.002346525 1000 0.009911301 0.009467523 0.009682813 0.009792008 0.009735546 1000
63 0.42 -4.75 0.5 -1 0.001661599 0.002615055 0.002561718 0.002182606 0.001906744 1000 0.009874114 0.008945661 0.009463718 0.009367026 0.009845222 1000
64 0.34 4 0.5 1 0.001394713 0.001599715 0.001575953 0.001052542 0.001148235 1000 0.009630043 0.009048171 0.008032668 0.007868357 0.007582481 1000
65 0.38 -4 0.4 0 0.002383265 0.002707328 0.002764982 0.002562257 0.002670853 1000 0.007495101 0.007734902 0.007810942 0.007295329 0.00667858 1000
66 0.4600001 4.75 0.5 1 0.00224382 0.002126402 0.002518632 0.002702129 0.002934573 1000 0.007737601 0.007456311 0.00720331 0.007086852 0.007321627 1000
67 0.18 4 0.1 0 0.003212929 0.003509861 0.003390206 0.003573154 0.00377665 1000 0.006881452 0.00673705 0.007250638 0.007257032 0.007103371 1000
68 0.7999998 -4 1 0 0.002398005 0.002503256 0.002668778 0.002882079 0.002828517 1000 0.007105236 0.007185987 0.007261955 0.007161884 0.007072317 1000
69 0.6599999 4 0.8 0 0.002908045 0.00256853 0.003393342 0.003725 0.002934407 1000 0.008487478 0.008996432 0.008000947 0.007144795 0.008481931 1000
70 0.7999998 -4 0.8 0 0.003252746 0.003212367 0.003216638 0.003249971 0.003631255 1000 0.009602744 0.009093022 0.008914252 0.008270089 0.007706247 1000
71 0.7199998 4.75 0.7 0 0.002427374 0.002890151 0.003097096 0.002951523 0.003062671 1000 0.007365846 0.006826269 0.006881378 0.007479104 0.007455473 1000
72 0.32 4 0.2 0 0.002801908 0.003102701 0.003097275 0.003319319 0.003626717 1000 0.007888736 0.007953748 0.008217211 0.008005009 0.008018003 1000
73 0.22 4.75 0.1 0 0.002711276 0.002854832 0.003211683 0.003026344 0.002916846 1000 0.008563518 0.008432392 0.008309674 0.008310321 0.008554819 1000
74 0.8799997 4.75 0.9 0 0.002926087 0.002973165 0.003293671 0.00364488 0.003541115 1000 0.008714455 0.008526737 0.00843385 0.008600902 0.008787694 1000
75 0.9199997 -4.75 0.9 0 0.008498074 0.008120677 0.007095702 0.006694957 0.007209064 1000 0.008152957 0.008479192 0.008746717 0.008707698 0.00851479 1000
76 0.8599997 4.75 0.8 0 0.004952412 0.005232078 0.005357887 0.005433836 0.005344669 1000 0.007224713 0.007127295 0.00706659 0.007090785 0.007246555 1000
77 0.9799996 5.5 0.9 0 0.002844423 0.003005244 0.003220045 0.003269942 0.00383099 1000 0.009502745 0.009162093 0.009387059 0.009489871 0.00947856 1000
78 0.52 4 0.6 1 0.003986515 0.003887584 0.003280017 0.003295791 0.00391103 1000 0.008862955 0.008562014 0.008873092 0.008742472 0.008559471 1000
79 0.54 4.75 0.6 1 0.003520081 0.003358676 0.003249436 0.003522342 0.003624986 1000 0.008787656 0.008729096 0.008906198 0.009084508 0.009096225 1000
80 0.58 -5.5 0.5 0 0.003627851 0.003817473 0.003896761 0.003890574 0.003576678 1000 0.009776283 0.009340869 0.009685557 0.009509989 0.009694999 1000
81 0.58 -4.75 0.6 -1 0.003246057 0.003337713 0.003536547 0.003514817 0.003594555 1000 0.008988184 0.008858468 0.008822996 0.00892001 0.008701627 1000
82 0.4800001 4.75 0.4 0 0.003412165 0.003178693 0.003060939 0.003332706 0.003535258 1000 0.009180978 0.008863718 0.009047124 0.008408606 0.008750211 1000
83 0.16 -5.5 0.1 0 0.003455502 0.003396291 0.003195658 0.003404793 0.003662822 1000 0.008794744 0.008815852 0.009020461 0.009308163 0.009153604 1000
84 0.4800001 4.75 0.6 1 0.002335392 0.00253917 0.002239932 0.002048294 0.001814355 1000 0.008524392 0.008618644 0.008760905 0.008579274 0.009055492 1000
85 0.38 -4.75 0.5 1 0.001505159 0.002165875 0.002127581 0.001926804 0.001961826 1000 0.009792661 0.009159226 0.008987823 0.009034293 0.008794192 1000
86 0.5000001 -4 0.9 0 0.001210086 0.00132857 0.001877326 0.00188864 0.001692724 1000 0.009051813 0.008935256 0.008582932 0.008812746 0.008495126 1000
87 0.36 4 0.5 -1 6.856089E-05 0.0008619624 0.0007699749 0.000718836 0.000867876 1000 0.009325198 0.008995213 0.008665334 0.008202103 0.008267788 1000
88 0.56 -4.75 0.9 0 0.0002392146 0.0002697404 5.096867E-05 -0.0002542062 -0.0003872886 1000 0.008411746 0.008412318 0.008148191 0.008328656 0.007942765 1000
89 0.6199999 4.75 0.6 1 8.857228E-05 0.0005013405 7.853565E-06 -0.0006712466 -0.000393573 1000 0.006787849 0.006434933 0.005938467 0.006331013 0.00658835 1000
90 0.22 4 0.2 0 -0.00234931 -0.002179914 -0.002065255 -0.001849505 -0.001699842 1000 0.008053862 0.007487234 0.007639761 0.007758041 0.007791038 1000
91 0.9199997 -4.75 0.9 0 -0.003063994 -0.003051668 -0.002918572 -0.002878097 -0.003134314 1000 0.007749652 0.007275901 0.007491752 0.007041336 0.006777773 1000
92 0.54 -5.5 0.5 -1 -0.002519124 -0.002130607 -0.002042359 -0.002291684 -0.001918444 1000 -0.005073244 -0.004888851 -0.003802219 -0.003133073 -0.00379912 1000
93 0.8199998 5.5 0.9 0 -0.003169759 -0.00302342 -0.002596008 -0.002076924 -0.002000842 1000 -0.003401943 -0.002826215 -0.00277824 -0.002676644 -0.002500551 1000
94 0.6399999 -4 0.6 0 -0.006357594 -0.006105227 -0.005876313 -0.005408294 -0.005030628 1000 -0.0005889756 -0.0007452064 -0.000266862 -0.0003766366 -0.0009524143 1000
95 0.7199998 4 0.8 0 -0.002792612 -0.002068569 -0.001262989 -0.001224556 -0.0002279997 1000 0.002491424 0.001038963 -0.0002039391 0.0001085765 0.001912287 1000
96 0.52 4.75 0.8 0 -0.006215344 -0.0065153 -0.006251821 -0.005868718 -0.005858951 1000 0.004787173 0.004718499 0.004492358 0.005065805 0.005076134 1000
97 0.6599999 4 0.7 0 -0.007348113 -0.00723725 -0.007103189 -0.006767027 -0.006678441 1000 0.00744778 0.006949837 0.006500524 0.006042171 0.006972173 1000
98 0.38 -4 0.5 1 -0.007765681 -0.007357826 -0.007121156 -0.007254163 -0.007237182 1000 0.007858158 0.007582122 0.007484685 0.007497737 0.007246762 1000
99 0.6399999 5.5 1 0 -0.00798621 -0.007677018 -0.007786545 -0.007416277 -0.007239537 1000 0.00775033 0.007491751 0.007877294 0.008014465 0.008225338 1000
100 0.54 4 0.6 1 -0.006799517 -0.005756152 -0.005426218 0.0009196763 0.00188059 1000 0.008304525 0.005506682 0.003251706 0.005759417 0.008646116 1000
101 0.4400001 5.5 0.3 0 0.003594454 0.003527561 0.003345249 0.002941592 0.003142295 1000 0.009236806 0.009764461 0.009183877 0.009486444 0.009334387 1000
102 0.6399999 5.5 0.7 0 0.001035214 0.001450475 0.001615116 0.001632717 0.001845709 1000 0.009044353 0.008943489 0.008680357 0.008988131 0.009387394 1000
103 0.4600001 4.75 0.6 -1 0.003917128 0.003075332 0.002514459 0.00232994 0.002722483 1000 0.01297969 0.01275719 0.01226713 0.01245585 0.01224238 1000
104 1.08 -5.5 1 0 0.002507828 0.002185761 0.002422278 0.002412624 0.002370049 1000 0.01295857 0.01316322 0.01333314 0.01318675 0.01306496 1000
105 0.24 -4 0.2 0 0.001001965 0.001392294 0.001614502 0.001557579 0.001844528 1000 0.01265693 0.01249922 0.01279993 0.01314391 0.01292791 1000
106 0.4 5.5 0.5 -1 0.0005434009 0.0006526317 0.0006718406 0.0004829532 0.0005733614 1000 0.01224671 0.01229949 0.01239248 0.01237147 0.0124123 1000
107 0.56 -4.75 0.5 0 0.0005032139 0.0008412042 0.00100675 0.0008146374 0.000706884 1000 0.01211904 0.0119267 0.01204651 0.01233596 0.01202584 1000
108 0.4400001 4.75 0.5 -1 -0.0003129721 0.0002311178 -0.0002914596 -0.0002465464 0.0005667071 1000 0.01282497 0.01200438 0.01200904 0.01150072 0.01140874 1000
109 0.54 -5.5 0.5 -1 0.00083048 0.001018035 0.001147305 0.0009075822 0.0009805115 1000 0.01116447 0.01081824 0.01083186 0.0108709 0.0107328 1000
110 0.4800001 5.5 0.5 1 0.00016908 0.0007769072 0.0007975153 0.000733757 0.0007811402 1000 0.0106497 0.01047225 0.01069545 0.01088466 0.01081631 1000
111 0.6 5.5 0.6 1 -0.001266011 -0.001328629 -0.0005457151 -0.0003376491 -0.0005521264 1000 0.0112401 0.01156243 0.0115314 0.01142763 0.01167945 1000
112 0.32 4.75 0.2 0 -0.0008663295 -0.0003388787 -4.289517E-05 1.135371E-05 -0.0004386958 1000 0.01141907 0.01051783 0.01051008 0.01042127 0.01088531 1000
113 0.7999998 5.5 0.9 0 -1.318072E-06 -0.0002011799 -0.0006140877 -0.0001480903 -2.242998E-05 1000 0.01101797 0.01044717 0.01122759 0.01076312 0.01080246 1000
114 0.7999998 4.75 0.8 0 0.001998283 0.001918023 0.00122591 0.000899101 0.0009737011 1000 0.01156988 0.01108343 0.01108615 0.01131925 0.01148666 1000
115 0.32 5.5 0.1 0 0.001119945 0.00117761 0.0013302 0.001816404 0.002609412 1000 0.01365729 0.01345591 0.01341066 0.01331993 0.01297291 1000
116 0.38 4 0.3 0 0.002347248 0.002238984 0.001937653 0.002031951 0.002666386 1000 0.01334307 0.01298132 0.0132403 0.01281538 0.01293317 1000
117 0.52 -4.75 0.4 0 0.002294524 0.002481102 0.001965697 0.002155319 0.00194069 1000 0.01292844 0.01245093 0.01302172 0.01281669 0.01296902 1000
118 0.7399998 -5.5 0.5 0 -0.001126038 -0.000714106 -0.0008506767 -0.001210446 -0.00107445 1000 0.01075913 0.01102439 0.01181407 0.01123103 0.01109525 1000
119 0.6599999 4.75 0.7 1 -0.001555389 -0.001258229 -0.001371752 -0.001634267 -0.001252474 1000 0.01348115 0.01434614 0.01393946 0.01440572 0.013945 1000
120 0.18 -4.75 0.1 0 -0.0006651871 -0.0003845474 -0.0002803007 -0.0003360103 -0.0003304006 1000 0.01240955 0.0118054 0.01182052 0.0116406 0.01182013 1000
121 0.5000001 -5.5 0.7 1 -0.000834491 -0.001142007 -0.001072412 -0.0006215752 -0.0007124348 1000 0.01137984 0.01140032 0.01144814 0.01107841 0.01077231 1000
122 0.2 4 0.7 -1 -0.001948303 -0.001727239 -0.001361123 -0.001187335 -0.001391921 1000 0.01063897 0.01034004 0.01057249 0.01065179 0.01118284 1000
123 0.38 -4 0.5 0 -0.001052603 -0.001112912 -0.001356029 -0.001527244 -0.001531776 1000 0.01068944 0.01037581 0.009936195 0.009963759 0.009535505 1000
124 0.4800001 4 0.6 -1 -0.001585336 -0.001335012 -0.001602687 -0.001570812 -0.001311681 1000 0.009581889 0.009360483 0.01008938 0.01015664 0.01008739 1000
125 0.4400001 -4.75 0.2 0 -0.0004229682 -0.0003048915 -0.0007121985 -0.000491054 -0.0003841995 1000 0.009306632 0.008934305 0.009611703 0.009855673 0.009773525 1000
126 0.54 -5.5 0.6 -1 0.001041718 0.0009871982 0.001112263 0.001381427 0.001735492 1000 0.01091618 0.01119621 0.01072547 0.01038973 0.01056497 1000
127 0.36 4.75 0.3 0 7.892759E-07 0.0002598995 0.000825125 0.001199226 0.001800391 1000 0.01102452 0.01066012 0.0108455 0.01108629 0.01122578 1000
128 0.6999999 -4 0.7 -1 0.0007034219 0.001050668 0.001263409 0.001499119 0.001696695 1000 0.01027196 0.01036603 0.01022492 0.01011398 0.01017401 1000
129 0.52 4.75 0.3 0 0.00159496 0.002292325 0.00215325 0.001960663 0.002103465 1000 0.01175877 0.01120012 0.01140548 0.01123332 0.01107477 1000
130 0.52 5.5 0.5 -1 0.001551842 0.001773931 0.001937183 0.002075787 0.002325076 1000 0.01015308 0.01025103 0.01011864 0.01028557 0.009980523 1000
131 0.5000001 -4 0.5 -1 0.002412025 0.002455744 0.002291261 0.002540285 0.002910971 1000 0.009998975 0.009794502 0.01018262 0.01003369 0.01018847 1000
132 0.54 -5.5 0.3 0 0.002215107 0.002339165 0.002774169 0.003139809 0.00316894 1000 0.01088758 0.01040521 0.01052835 0.01007305 0.0101837 1000
133 0.8599997 -5.5 0.7 -1 0.001982715 0.001986132 0.002303859 0.002505682 0.002767966 1000 0.01020404 0.00985195 0.01008055 0.01011441 0.009856059 1000
134 0.7399998 -4 0.7 -1 0.002099643 0.002317174 0.002407957 0.002354136 0.002402051 1000 0.01003822 0.01001731 0.009763845 0.009725029 0.009551886 1000
135 0.58 4 0.7 -1 0.002219603 0.002550876 0.003470173 0.005371024 0.005897089 1000 0.00882472 0.008608445 0.009618076 0.009302433 0.009215467 1000
136 0.56 -4 0.3 0 0.003637489 0.003919878 0.004348579 0.004397023 0.004559022 1000 0.009360609 0.009011115 0.009099428 0.009087699 0.008828748 1000
137 1.159999 4.75 1 0 0.004382069 0.004175294 0.004177951 0.00428975 0.004631245 1000 0.009103402 0.009115846 0.008936784 0.008929171 0.009200239 1000
138 0.7599998 4 0.6 1 0.005429148 0.005030775 0.004631382 0.004816969 0.004963786 1000 0.01031852 0.01026146 0.01033284 0.009990879 0.01030202 1000
139 0.9399996 -4.75 0.6 -1 0.003915725 0.003931187 0.004101922 0.004400679 0.004639009 1000 0.01004969 0.01038682 0.01067742 0.01034103 0.009997036 1000
140 0.9199997 -4.75 0.5 0 0.00326621 0.003234782 0.003263223 0.003406662 0.003668714 1000 0.008898181 0.00847276 0.008765049 0.008562236 0.008888046 1000
141 0.6799999 4 0.6 0 0.00128563 0.001319213 0.001293974 0.001471358 0.001403375 1000 0.006652389 0.006258132 0.00644324 0.006730299 0.006751649 1000
142 1.08 5.5 0.8 0 0.0007790818 0.0006464358 0.0005409737 0.0004755438 0.0005760395 1000 0.007395134 0.007464606 0.007551765 0.007538523 0.007767827 1000
143 0.6999999 -4.75 0.4 0 0.0002451967 1.580991E-05 -0.0006372419 -0.0009712647 -0.0003720266 1000 0.01091398 0.01113183 0.01160504 0.01156929 0.01103583 1000
144 0.4 5.5 0.7 -1 -0.001904762 -0.001855473 -0.001233846 -0.0004738562 -0.0002868276 1000 0.01022438 0.00986765 0.01032624 0.01028179 0.01055309 1000
145 0.24 5.5 0.2 0 -0.0009022072 -0.0008145184 -0.000521478 -0.0002468205 -0.0001284207 1000 0.009777107 0.009783061 0.01005278 0.009941908 0.01015173 1000
146 0.7999998 5.5 0.6 0 -0.000626443 -0.0006425117 -0.0007722626 -0.0009009083 -0.000569496 1000 0.01033972 0.009803299 0.009991844 0.009960306 0.01034678 1000
147 0.9599996 4 0.9 0 -0.0004415899 -0.0003895955 -4.63389E-05 9.890408E-05 -0.0001055263 1000 0.0104397 0.01036957 0.01039719 0.01066498 0.0109534 1000
148 0.6199999 4 0.7 1 0.005252029 0.005171835 0.004960191 0.005061472 0.004665367 1000 0.01332438 0.01311889 0.01317665 0.01257292 0.01264299 1000
149 0.9999996 4.75 1 0 0.004086981 0.003613781 0.003247201 0.003457251 0.003739279 1000 0.0126254 0.01250706 0.012559 0.01287639 0.01272311 1000
150 0.5000001 4 0.5 0 0.006814963 0.008515144 0.01017217 0.01027873 0.009484864 1000 0.00986195 0.006765693 0.002852122 0.0004847126 0.001236153 1000
151 0.4800001 5.5 0.3 0 0.02267741 0.02183893 0.02193076 0.02128857 0.02082524 1000 0.0149683 0.01286224 0.01182213 0.01304185 0.01337076 1000
152 0.7599998 -4.75 0.5 -1 0.02257412 0.02223582 0.02205311 0.02218373 0.02235883 1000 0.01011173 0.009939919 0.01012242 0.01041511 0.01047778 1000
153 0.5000001 4 0.7 -1 0.02058896 0.0206338 0.02141874 0.02163412 0.02151326 1000 0.01221483 0.01217664 0.01200308 0.01205501 0.01226967 1000
154 0.7399998 -4 0.6 0 0.01949461 0.02015567 0.02022977 0.01959747 0.0194959 1000 0.01170674 0.01141807 0.01154859 0.01221964 0.01167236 1000
155 0.9199997 -4 1 0 0.018162 0.0189998 0.02041005 0.02113773 0.021443 1000 0.01182305 0.01306238 0.01307358 0.0120711 0.01163244 1000
156 0.4 -4 0.5 -1 0.0188115 0.01887652 0.01851504 0.01836116 0.01867035 1000 0.002075772 0.002224948 0.002723714 0.003141724 0.003145647 1000
157 0.36 -5.5 0.5 1 0.01845728 0.01774072 0.01754342 0.01729028 0.0172137 1000 0.002841106 0.003019725 0.002853665 0.003329607 0.003016477 1000
158 0.58 -4.75 0.5 1 0.01671626 0.01695997 0.01683353 0.01685538 0.01684178 1000 0.002627504 0.002634873 0.003005497 0.002527529 0.002481467 1000
159 0.4600001 4.75 0.2 0 0.0166697 0.01614402 0.01602747 0.01613579 0.01628729 1000 0.002671561 0.002695028 0.002495103 0.002555205 0.00289093 1000
160 0.8399997 4 1 0 0.01577262 0.01585064 0.01607236 0.01629586 0.01630155 1000 0.003085191 0.003050634 0.002967049 0.002981394 0.003254453 1000
161 0.8399997 -5.5 0.7 -1 0.01763923 0.01917734 0.02118988 0.02082974 0.01950081 1000 0.008044598 0.007574678 0.00591897 0.005660552 0.006457879 1000
162 0.8399997 4 0.9 0 0.0193575 0.01990393 0.01964309 0.01934078 0.01989919 1000 -0.009527286 -0.009742013 -0.009519395 -0.008709495 -0.007743933 1000
163 1.259999 5.5 0.9 0 0.02201558 0.0222993 0.02259166 0.02278249 0.02271915 1000 0.003285439 0.002617957 0.003100645 0.003097679 0.004021647 1000
164 0.3 -4 0.2 0 0.02355634 0.02336921 0.02358337 0.02350718 0.02341948 1000 0.01640407 0.01707084 0.01762449 0.01788273 0.01781418 1000
165 0.42 4 0.2 0 0.02000932 0.02076426 0.02113579 0.02100995 0.0208224 1000 0.01717368 0.01655794 0.01632588 0.01682041 0.01677999 1000
166 0.8599997 -4.75 0.7 -1 0.02092189 0.02106179 0.02148974 0.02142893 0.02123614 1000 0.01582431 0.0161211 0.01601966 0.01542726 0.01561566 1000
167 0.7799998 4.75 0.5 0 0.02020831 0.02027829 0.02038752 0.02067466 0.02081696 1000 0.0149947 0.01498241 0.01511429 0.0151917 0.01572484 1000
168 0.8199998 5.5 0.6 0 0.01679135 0.01756191 0.01762406 0.01792139 0.01813024 1000 0.01631643 0.01648195 0.01655395 0.0162426 0.01652907 1000
169 0.54 4.75 0.2 0 0.01807979 0.01822136 0.01825219 0.01858442 0.01869085 1000 0.01801596 0.0173055 0.01754704 0.01683961 0.01694059 1000
170 1.04 4 0.8 0 0.01682029 0.01707735 0.01714346 0.01741061 0.01778727 1000 0.01734736 0.01703445 0.01719271 0.01745999 0.01773495 1000
171 0.52 4.75 0.5 -1 0.01808757 0.01807484 0.01799765 0.01799579 0.0182707 1000 0.01820159 0.01821852 0.01900077 0.01868868 0.01874679 1000
172 0.6399999 5.5 0.6 0 0.0181502 0.01792298 0.01767435 0.01773652 0.01773487 1000 0.0185309 0.01889542 0.01910548 0.0188401 0.01869483 1000
173 0.56 5.5 0.5 1 0.01572036 0.01598818 0.01651581 0.01690926 0.01685974 1000 0.01979669 0.01955488 0.01980953 0.0195998 0.01971121 1000
174 0.7799998 5.5 0.6 1 0.01627199 0.01645024 0.01640116 0.01629162 0.01676293 1000 0.01896251 0.01852613 0.01827925 0.01881114 0.01869182 1000
175 0.4 5.5 0.2 0 0.01524942 0.01581723 0.01577901 0.015612 0.01555129 1000 0.02031303 0.02008867 0.0199535 0.01995829 0.01984929 1000
176 0.5000001 4 0.4 0 0.01478259 0.01460155 0.01513788 0.01568232 0.01552385 1000 0.0194896 0.02008182 0.02005972 0.02012822 0.02008195 1000
177 0.3 4 0.6 1 0.01525845 0.01560114 0.01562237 0.01572369 0.01581821 1000 0.02045889 0.02020932 0.02050783 0.02027168 0.01995409 1000
178 0.6599999 -5.5 0.7 1 0.01428547 0.01445468 0.01416017 0.01419573 0.01448255 1000 0.02030406 0.02001088 0.02033668 0.02016067 0.02048499 1000
179 0.58 -4.75 0.5 0 0.01411023 0.01416316 0.01435128 0.01446943 0.01473972 1000 0.02043316 0.02033636 0.02040742 0.02078811 0.02083004 1000
180 0.8799997 4.75 0.7 1 0.01379703 0.01416077 0.01447985 0.01505262 0.01512301 1000 0.01833819 0.0181876 0.01850691 0.01802253 0.01828778 1000
181 1.1 4 0.8 0 0.01338027 0.01346305 0.01376165 0.01425309 0.01424915 1000 0.01833812 0.01833545 0.0188568 0.01867699 0.01903289 1000
182 0.8799997 -4 0.7 0 0.01369908 0.01365239 0.01382279 0.01371465 0.0138198 1000 0.01877013 0.01908587 0.01905821 0.0187209 0.01879363 1000
183 0.8599997 -4 0.7 -1 0.01170312 0.01190236 0.01209899 0.01271311 0.01282744 1000 0.01358974 0.0142669 0.01451587 0.0143102 0.01426744 1000
184 0.7799998 5.5 0.6 0 0.009234468 0.009027109 0.008809633 0.008983181 0.009079869 1000 0.0137367 0.01392192 0.01425536 0.01500018 0.01549616 1000
185 0.7799998 -5.5 0.8 0 0.00964682 0.01012473 0.01020798 0.009561939 0.01001823 1000 0.02010565 0.0198526 0.01983536 0.0199739 0.017674 1000
186 0.6599999 4 0.7 -1 0.008046132 0.007905574 0.008608027 0.008281232 0.008923738 1000 0.01796214 0.01811616 0.01729353 0.01754395 0.01662038 1000
187 0.4800001 -5.5 0.6 1 0.007408939 0.007689021 0.008335988 0.008610095 0.008880694 1000 0.01948711 0.01952935 0.0193119 0.019117 0.01877946 1000
188 0.8599997 -4.75 0.7 0 0.004060727 0.00413557 0.003808758 0.003567592 0.003623472 1000 0.007304734 0.007403845 0.007513525 0.00724472 0.007308066 1000
189 0.7599998 4.75 0.5 1 0.004723965 0.004943155 0.00510556 0.005514147 0.005526885 1000 0.0055476 0.00574649 0.005721 0.005844145 0.005991801 1000
190 0.9399996 -5.5 0.8 0 0.007037107 0.007278004 0.007300035 0.007167647 0.006893338 1000 0.007120862 0.006915619 0.006815198 0.006752294 0.006697597 1000
191 0.7799998 4 0.4 0 0.005846921 0.006194387 0.008782558 0.009035104 0.01011191 1000 0.009448274 0.008963206 0.007396111 0.008113884 0.009525901 1000
192 0.6999999 4.75 0.7 0 0.006876339 0.007188614 0.007295014 0.007921672 0.007807358 1000 0.01370791 0.01371653 0.01364448 0.01397607 0.01472112 1000
193 0.6399999 4 0.6 -1 0.00697707 0.006686084 0.006224801 0.0059269 0.006207725 1000 0.01622389 0.01671755 0.01702765 0.01700481 0.01750382 1000
194 0.34 -4 0.1 0 0.00541947 0.006006519 0.006624717 0.006758407 0.007159656 1000 0.01673224 0.0165852 0.01664942 0.01684798 0.01660237 1000
195 0.9999996 5.5 0.7 0 0.006088763 0.006087887 0.006054875 0.006024559 0.006104687 1000 0.01592995 0.01617109 0.01651242 0.01642662 0.01608216 1000
196 0.9999996 5.5 0.6 0 0.005424327 0.005829364 0.005726606 0.005967972 0.006017867 1000 0.01719992 0.01690825 0.0172338 0.01728152 0.01757919 1000
197 0.7599998 4 0.5 -1 0.005527247 0.005615359 0.005783257 0.005868324 0.006238887 1000 0.01707882 0.01716761 0.01704336 0.016945 0.0166974 1000
198 0.4400001 -4.75 0.1 0 0.003694411 0.004102673 0.00439088 0.004680006 0.004788067 1000 0.01762562 0.01731431 0.01762195 0.01719185 0.01722549 1000
199 0.7599998 -4.75 0.6 1 0.003834051 0.00363661 0.00355606 0.003702772 0.003782047 1000 0.01743137 0.01707997 0.01707387 0.01647374 0.01642729 1000
200 0.26 5.5 0.2 0 0.003618587 0.004406891 0.004066137 0.002529503 0.002052556 1000 0.016362 0.01699055 0.01590359 0.01760317 0.0164205 1000
201 1.1 4.75 1 0 0.001210438 0.001519245 0.001673791 0.001972497 0.002363387 1000 0.01605919 0.01595764 0.01661901 0.01714518 0.01793655 1000
202 0.42 5.5 0.1 0 0.005979183 0.006283044 0.006066384 0.006118243 0.006256182 1000 0.01906091 0.01901026 0.01905708 0.01913752 0.01914494 1000
203 0.3 4 0.1 0 0.004406248 0.004670338 0.004660079 0.004672287 0.004636765 1000 0.02063675 0.02028771 0.02034837 0.02042786 0.02080062 1000
204 0.6399999 -4.75 0.5 -1 0.004198965 0.00415918 0.004414135 0.004823344 0.005174442 1000 0.02079698 0.02016089 0.02036197 0.0198129 0.01939892 1000
205 1.159999 -4.75 0.6 -1 0.003242644 0.003495647 0.003711353 0.004032305 0.004121689 1000 0.01989172 0.02002577 0.02013084 0.02004032 0.01971444 1000
206 0.8399997 4.75 0.6 0 0.001978467 0.002110324 0.002390404 0.002410918 0.002733379 1000 0.01915836 0.01926836 0.01903461 0.01916916 0.01893752 1000
207 0.9199997 5.5 0.7 0 0.002257328 0.002465692 0.00269834 0.002604236 0.002173716 1000 0.01925051 0.01870039 0.01876894 0.01889805 0.01950459 1000
208 0.52 5.5 0.3 0 0.002223152 0.002552837 0.002883628 0.002334377 0.002029672 1000 0.0219059 0.020785 0.02051097 0.0212104 0.02172964 1000
209 0.8799997 -4 0.7 0 0.00215125 0.001579124 0.001571241 0.001564191 0.001645858 1000 0.0204712 0.02102673 0.02096337 0.02084831 0.02065182 1000
210 0.52 5.5 0.6 -1 0.001410277 0.001216261 0.00136063 0.001452614 0.001554978 1000 0.01913662 0.01901278 0.01887995 0.01925801 0.01873058 1000
211 0.4 -5.5 0.1 0 0.0008346131 0.001099725 0.0008713995 0.0008857128 0.001390089 1000 0.01915413 0.01912316 0.01964273 0.01958129 0.01950724 1000
212 0.54 -4.75 0.7 1 0.001008529 0.0009210748 0.0008987635 0.001053622 0.001092974 1000 0.01897787 0.01854322 0.01849504 0.0181409 0.0181573 1000
213 0.6999999 -4 0.7 1 -0.0003561547 9.428158E-05 0.0006742953 0.0006282651 0.0007625431 1000 0.01866945 0.01874249 0.0188532 0.01891052 0.01873822 1000
214 0.7999998 -5.5 0.7 -1 -0.001643464 -0.001021953 -0.0007689296 -0.0008743153 -0.0009914507 1000 0.01669837 0.01634543 0.01605462 0.01613585 0.01581374 1000
215 0.6999999 -5.5 0.5 1 -0.0008718843 -0.0007819391 -0.00086721 -0.0009708583 -0.0005643252 1000 0.01324882 0.01325996 0.01295601 0.01278438 0.01243194 1000
216 0.6399999 4.75 0.5 1 0.000357089 9.184301E-05 -0.0002078298 0.0003179862 0.0003039881 1000 -0.006635158 -0.00433109 -0.002603568 -0.002893645 -0.003139359 1000
217 0.5000001 -4 0.3 0 -2.532559E-05 0.0001369102 0.0005553522 0.0008190126 0.001000895 1000 0.001932733 0.001983467 0.001957871 0.001617744 0.001160726 1000
218 0.24 -4.75 0.1 0 0.0007754259 0.0008186607 0.0006267559 0.0006216958 0.001075619 1000 0.001501571 0.0008453032 0.001088261 0.001129374 0.0009016112 1000
219 0.38 5.5 0.4 0 0.000596151 0.0006375888 0.0006433353 0.0006734999 0.000673787 1000 0.0007657906 0.0003132883 0.0003490275 0.0003043563 0.00068193 1000
220 0.28 4.75 0.1 0 -0.0001986054 -0.0002707587 -0.0006204374 -0.0006159061 -0.0005610458 1000 0.002375879 0.001898151 0.001851479 0.001577448 0.001753777 1000
221 0.32 -4 0.2 0 -0.0001745635 0.0003538133 0.0008025409 0.0006965292 0.000635681 1000 0.001142586 0.001119314 0.001224978 0.0016811 0.001531237 1000
222 0.8999997 4.75 0.6 1 0.0002228089 0.0003255759 0.0004026534 0.0006442327 0.0007983054 1000 0.001684342 0.001419043 0.001441875 0.001211348 0.001295163 1000
223 0.7799998 -4.75 0.5 0 -0.000659134 -0.0007816817 -0.0004881328 -6.817546E-06 -5.364118E-05 1000 0.002553788 0.002173763 0.002147412 0.001717307 0.00157259 1000
224 0.7199998 5.5 0.5 1 -0.0005397841 -0.0002457826 -0.0002373974 -0.0004812943 -0.0003444072 1000 0.002183648 0.002066234 0.002148007 0.002250049 0.001981552 1000
225 0.34 -4 0.1 0 0.0001801421 0.0003234166 0.0003091102 0.0003627249 0.0004820817 1000 0.003249495 0.002909838 0.002887279 0.002624656 0.002776707 1000
226 0.7999998 4.75 0.8 0 0.0001314136 -0.0003252851 -0.0002284675 -0.0001258744 0.000288272 1000 0.002554825 0.002425581 0.002447384 0.002698852 0.002640327 1000
227 0.7999998 4.75 0.5 0 -0.001009393 -0.0008369262 -0.0005937127 -0.0008605372 -0.0009835758 1000 0.002821591 0.002520021 0.002283101 0.002429091 0.002755252 1000
228 0.9599996 -5.5 0.5 -1 -0.00184495 -0.001626689 -0.00133747 -0.001372566 -0.001171176 1000 0.004351493 0.003985153 0.003992427 0.003984035 0.003846592 1000
229 0.52 5.5 0.6 -1 0.002967188 0.002693468 0.001872972 0.001381064 0.001556161 1000 0.004864932 0.005499138 0.004784423 0.004747125 0.004295526 1000
230 1.479999 -4.75 1 0 0.001133057 0.001327403 0.001577391 0.001390301 0.001413611 1000 0.002596956 0.002524141 0.002647892 0.002574197 0.001928438 1000
231 1.159999 -5.5 0.5 0 -0.0005445112 -0.0004270219 1.892991E-05 -8.269283E-05 -0.000198664 1000 -0.002603264 -0.001857042 -0.001509743 -0.001358947 -0.00146068 1000
232 1.159999 4.75 1 0 -0.002217765 -0.002132672 -0.002070981 -0.00234366 -0.002982061 1000 -0.01182684 -0.01180233 -0.01195177 -0.01208021 -0.01175484 1000
233 0.6999999 5.5 0.5 0 -0.00286512 -0.002301493 -0.00156777 -0.001408755 -0.001647982 1000 -0.007186097 -0.006800434 -0.006999272 -0.006669666 -0.006380143 1000
234 0.9399996 4.75 0.7 0 0.001838619 0.005194784 0.008597434 0.009447046 0.01155682 1000 -0.002517817 -0.001525571 -0.001425143 -0.001287741 -0.000617151 1000
235 0.6199999 4 0.7 0 0.00913765 0.008733127 0.008442758 0.008282758 0.00825806 1000 -0.0006602919 -0.0005779142 -0.000225208 0.000363056 -2.011489E-05 1000
236 0.8599997 -4 0.7 -1 0.006459573 0.006304847 0.006804987 0.006502743 0.006168573 1000 0.0003274973 4.793682E-05 5.015456E-05 0.0002469501 0.0004291199 1000
237 0.8399997 -5.5 0.4 0 0.005178379 0.0049867 0.003887355 0.003079854 0.001580941 1000 -5.161757E-05 0.0003867938 0.0007409972 -0.000655461 -0.00117478 1000
238 0.8599997 5.5 0.7 1 0.004347675 0.004081272 0.003493599 0.003635536 0.004000795 1000 -0.006881495 -0.00649399 -0.00688984 -0.006553891 -0.005852028 1000
239 0.8599997 4 0.8 0 0.0003425427 0.0007426239 0.001268915 0.00168688 0.00181994 1000 -0.001152805 -0.001560505 -0.002249858 -0.002455737 -0.002107805 1000
240 1.1 5.5 0.5 0 0.001150558 0.001132824 0.001121252 0.001221118 0.001016245 1000 0.0004120484 -0.0001131107 0.0001792376 0.0001296635 0.0003293229 1000
241 1.459999 5.5 1 0 0.001398744 0.001572782 0.001312093 0.001084164 0.001112708 1000 0.00148475 0.0009912224 0.001163719 0.001171723 0.001294703 1000
242 0.7199998 -4 0.4 0 0.003773496 0.004130857 0.004303604 0.004530291 0.00493534 1000 0.008013309 0.007473341 0.006869102 0.006820471 0.006424631 1000
243 0.4400001 5.5 0.2 0 0.003255202 0.003109965 0.003384101 0.003389247 0.003041792 1000 0.006962903 0.006761932 0.006841294 0.006651728 0.006950775 1000
244 0.7999998 5.5 0.5 0 0.001937771 0.002296841 0.002490392 0.002394392 0.002123199 1000 0.006012747 0.005639868 0.005672215 0.00553139 0.006035593 1000
245 0.7199998 -4 0.8 0 0.002466497 0.002073226 0.002002087 0.001752186 0.001816649 1000 0.005977134 0.006106101 0.005873547 0.005981554 0.005454239 1000
246 0.28 5.5 0.6 -1 0.0005172172 0.0007698765 0.001085096 0.001139035 0.001534056 1000 0.00485809 0.004455107 0.004839505 0.005005529 0.004928589 1000
247 0.9599996 -4.75 0.7 -1 0.0005608294 0.0002560208 0.0001005853 0.000218881 0.0005640783 1000 0.004235596 0.004038705 0.004206276 0.004307581 0.004343754 1000
248 0.6 4 0.4 0 0.0009301487 0.001467016 0.001625957 0.001349893 0.001158429 1000 0.004118314 0.003876369 0.003771043 0.004233766 0.004118065 1000
249 0.9599996 -4.75 1 0 0.0008256776 0.0005453118 0.000254717 0.0001702805 0.0003248859 1000 0.00422636 0.004250397 0.004498768 0.004300538 0.004355372 1000
250 0.6399999 -4.75 0.4 0 0.0009592818 0.0001553353 0.001576362 0.002672337 0.003772333 1000 0.003724057 0.005070733 0.002530823 -7.923761E-05 -0.004902927 1000
251 0.6399999 -4 0.4 0 0.006874683 0.008962011 0.01123739 0.01041468 0.007391443 1000 -0.009972135 -0.01086972 -0.01166325 -0.01298798 -0.01640669 1000
252 0.54 4 0.6 -1 0.009188678 0.008895237 0.00922484 0.009121366 0.009764043 1000 -0.01154417 -0.011374 -0.01185372 -0.01059856 -0.01015142 1000
253 0.7599998 -4 0.9 0 0.01084765 0.01169674 0.01156056 0.01175704 0.01192567 1000 -0.01063399 -0.01175493 -0.01112986 -0.0110433 -0.01065334 1000
254 0.7599998 4.75 0.5 1 0.01254197 0.01273419 0.01308053 0.01399841 0.0138858 1000 -0.01060593 -0.01031214 -0.0106481 -0.01167528 -0.01208447 1000
255 0.9599996 4.75 0.8 0 0.01258294 0.01261532 0.0124654 0.0119314 0.01169966 1000 -0.01151402 -0.01163042 -0.01149145 -0.01030733 -0.0105239 1000
256 1.179999 5.5 0.8 0 0.01102894 0.01132163 0.0111986 0.01087495 0.01083572 1000 -0.00920833 -0.009010682 -0.008802119 -0.008161878 -0.008282939 1000
257 0.9599996 -4.75 0.8 0 0.01260376 0.01288907 0.01290764 0.01288903 0.0128771 1000 -0.006569928 -0.006565447 -0.006252856 -0.00659692 -0.007293624 1000
258 0.34 -4.75 0.2 0 0.01357577 0.01305979 0.01199754 0.01167709 0.01190508 1000 -0.007945043 -0.007842491 -0.007478632 -0.007140713 -0.007274362 1000
259 1.08 5.5 0.7 0 0.01264588 0.01281123 0.01304822 0.01275001 0.01253152 1000 -0.007887793 -0.008362992 -0.008497374 -0.008706675 -0.00865574 1000
260 1.159999 4.75 0.9 0 0.01258078 0.01180954 0.01094854 0.01037927 0.01014465 1000 -0.003573654 -0.003988778 -0.003854289 -0.003956448 -0.002348489 1000
261 0.9599996 4 0.7 0 0.01081681 0.01115476 0.01134039 0.01189272 0.01208612 1000 0.0001106701 -0.0003032746 -0.0003652092 -0.0006443261 -0.0008777192 1000
262 0.56 4 0.5 1 0.009035134 0.009090786 0.009102101 0.00921259 0.009317708 1000 0.0007062496 0.0006928701 0.0008489398 0.001001326 0.0008374593 1000
263 0.9599996 -5.5 0.6 -1 0.009182679 0.008676361 0.008832561 0.009058317 0.009070752 1000 -0.0001713911 -0.0003795367 -0.0002853956 -0.0002305245 2.586331E-05 1000
264 0.4800001 4 0.5 0 0.009029926 0.00956551 0.00940619 0.009228649 0.009241452 1000 -0.0003655031 -0.0006050097 -0.0005168722 -0.0003684502 -0.0003515423 1000
265 0.42 -4.75 0.5 1 0.008831951 0.008437498 0.008158414 0.008007787 0.008348548 1000 -0.001259636 -0.001237161 -0.0006949523 -0.0006744316 -0.0008124976 1000
266 0.6799999 5.5 0.6 0 0.007528401 0.007989448 0.008053552 0.007832423 0.007494309 1000 0.0008406152 -0.0001921114 -0.0008088768 -0.0005704231 0.0001334794 1000
267 0.56 5.5 0.6 -1 0.00659448 0.005755972 0.004879246 0.005073021 0.005203099 1000 0.0002434722 -0.0001109721 0.0003385206 6.005104E-05 0.0005849089 1000
268 0.36 4.75 0.3 0 0.006078831 0.006058829 0.005679963 0.005344835 0.005236013 1000 -0.001707097 -0.001935973 -0.001733906 -0.001048636 -0.0002293737 1000
269 0.56 -4 0.7 1 0.00574137 0.005607225 0.005323636 0.005271295 0.005395307 1000 -0.0003603586 -0.001156009 -0.0009740921 -0.001086818 -0.001178706 1000
270 0.6199999 -4.75 0.6 1 0.004224655 0.004483772 0.00453599 0.004496688 0.004167465 1000 -0.001773563 -0.002017697 -0.001832534 -0.001497547 -0.0008200809 1000
271 0.9799996 -4 0.8 0 0.003735801 0.003691002 0.003753046 0.004133827 0.004212144 1000 -0.001881321 -0.002016399 -0.002448852 -0.002463263 -0.002665236 1000
272 0.8599997 4.75 0.6 0 0.003605708 0.003515537 0.003488433 0.003597674 0.00388508 1000 -0.002650263 -0.002874039 -0.002870536 -0.002701301 -0.00260931 1000
273 0.4600001 4 0.3 0 0.002573158 0.002887322 0.003291677 0.003202377 0.002793733 1000 -0.002178643 -0.002191171 -0.002408755 -0.002261166 -0.002317185 1000
