trial Response_Time velH Occlusion_Duration velH_Subject xRotations_first0 xRotations_first1 xRotations_first2 xRotations_first3 xRotations_first4 xRotations_first5 yRotations_first0 yRotations_first1 yRotations_first2 yRotations_first3 yRotations_first4 yRotations_first5
1 0.28 -4 0.5 0 -0.01080885 -0.008766033 -0.01324207 -0.01548003 -0.0155428 1000 0.001686147 -0.003605812 -0.004391526 -0.004288419 -0.00284372 1000
2 0.8399997 5.5 1 0 -0.02274005 -0.02298262 -0.02255444 -0.02197248 -0.02213897 1000 -0.001516479 0.0002784854 0.001064745 0.0008956815 0.0009252042 1000
3 1.02 5.5 0.7 1 -0.02187161 -0.02249667 -0.02193475 -0.0219586 -0.02210693 1000 0.003578781 0.004007083 0.004320567 0.004821708 0.004195466 1000
4 0.6999999 -4.75 0.5 -1 -0.02262427 -0.01814952 -0.01737702 -0.01710882 -0.01723051 1000 0.000836694 0.0006461254 -0.001107796 -0.0004436511 0.0002837695 1000
5 0.4600001 5.5 0.2 0 -0.01890524 -0.01948357 -0.01937673 -0.01877945 -0.01940139 1000 0.0008511545 0.0006863139 0.0008114563 0.0009001332 0.0005522536 1000
6 0.6799999 4.75 0.8 0 -0.0207116 -0.02053673 -0.02024381 -0.02044659 -0.02088864 1000 -5.227549E-06 0.001019332 0.0006617936 0.001318931 0.0005657767 1000
7 0.42 4 0.3 0 -0.02016834 -0.02037484 -0.01995623 -0.01976652 -0.0200547 1000 0.0008070823 0.001346 0.001285136 0.001685032 0.0009681356 1000
8 0.58 -5.5 0.6 -1 -0.02100674 -0.02071932 -0.02071049 -0.02069632 -0.02006946 1000 0.001834618 0.001378777 0.001622873 0.001963132 0.002053562 1000
9 0.6399999 -4 1 0 -0.02048164 -0.02062706 -0.02027734 -0.02042838 -0.02072811 1000 0.002255778 0.002663295 0.003262325 0.002580197 0.003488048 1000
10 0.5000001 4 0.7 -1 -0.02023861 -0.0205465 -0.01851609 -0.01858024 -0.01780955 1000 0.002591166 0.0002652691 0.005390076 0.005693627 0.005842896 1000
11 0.3 4.75 0.6 -1 -0.01949751 -0.01944995 -0.01903728 -0.01869171 -0.01863359 1000 0.008390087 0.008684719 0.009435767 0.009303031 0.008365434 1000
12 0.14 -5.5 0.1 0 -0.02006631 -0.02007307 -0.01977767 -0.02006838 -0.01971624 1000 0.007666298 0.007441032 0.007749385 0.008177278 0.008107035 1000
13 0.2 5.5 0.2 0 -0.01967659 -0.02032479 -0.02005479 -0.01985259 -0.01981272 1000 0.008987973 0.008970795 0.008793944 0.009553594 0.008542907 1000
14 0.4600001 -4 0.7 0 -0.02026419 -0.0201388 -0.02032463 -0.02022493 -0.01985815 1000 0.008450067 0.008020048 0.008505104 0.0087611 0.009775559 1000
15 0.56 -4.75 0.7 0 -0.02074658 -0.02194594 -0.02146975 -0.02108291 -0.02015301 1000 0.0114422 0.01309674 0.01320591 0.01258297 0.01285521 1000
16 0.38 4 0.7 -1 -0.02031276 -0.02024738 -0.01967166 -0.02022798 -0.02029448 1000 0.01321126 0.01302952 0.01324955 0.01317412 0.01355503 1000
17 0.36 -4 0.5 0 -0.02089998 -0.02064087 -0.02033475 -0.02022166 -0.02042469 1000 0.01453112 0.01485469 0.01486389 0.015059 0.01433254 1000
18 0.42 4 0.6 1 -0.02025434 -0.02056795 -0.02046072 -0.02050982 -0.02072027 1000 0.01428261 0.01466121 0.0149251 0.01541948 0.01514637 1000
19 0.56 -4.75 0.6 -1 -0.02081991 -0.02024199 -0.01899177 -0.01693356 -0.01710955 1000 0.0150918 0.01475114 0.01381125 0.01563197 0.01579915 1000
20 0.54 4.75 0.9 0 -0.02128763 -0.02090137 -0.02009759 -0.02030552 -0.02084822 1000 0.01894128 0.018415 0.01885674 0.0196609 0.01943137 1000
21 0.6 5.5 0.7 1 -0.01957132 -0.01965189 -0.01978887 -0.01923252 -0.01851882 1000 0.02068457 0.02045119 0.02054758 0.02072673 0.01999707 1000
22 0.4 4.75 0.4 0 -0.01935956 -0.0194793 -0.0192234 -0.01910346 -0.01882858 1000 0.02005254 0.02009904 0.02049272 0.02076731 0.0203817 1000
23 0.4400001 4.75 0.7 0 -0.02005319 -0.01935533 -0.01945598 -0.01984418 -0.01980873 1000 0.02009619 0.02050718 0.02038824 0.02034379 0.02032393 1000
24 0.18 -4 0.6 1 -0.0155066 -0.01613809 -0.01631045 -0.01634271 -0.0160642 1000 0.02386406 0.02443079 0.02399977 0.0239303 0.0238482 1000
25 0.12 5.5 0.5 -1 -0.0169156 -0.01650316 -0.0166379 -0.01656213 -0.01652276 1000 0.02394796 0.02402967 0.02395517 0.02433048 0.02446923 1000
26 0.6 4.75 0.8 0 -0.01786825 -0.01748356 -0.0170442 -0.01700263 -0.0168248 1000 0.02439137 0.02433254 0.0251787 0.02573696 0.0250447 1000
27 0.4800001 -4 0.7 0 -0.01199106 -0.009600435 -0.007256875 -0.00667318 -0.007198765 1000 0.02055197 0.01808589 0.01804019 0.01723099 0.01855919 1000
28 0.38 4 0.5 1 -0.007869129 -0.008517738 -0.008737746 -0.00817262 -0.007843582 1000 0.02018932 0.02021807 0.02035764 0.02024554 0.02013602 1000
29 0.28 -4 0.5 1 -0.008662921 -0.008751378 -0.008315971 -0.008161466 -0.008069371 1000 0.01991946 0.02012199 0.02061774 0.02060615 0.02095751 1000
30 0.7199998 -4 0.8 0 -0.008228234 -0.008454593 -0.007372544 -0.008315258 -0.008509322 1000 0.02329191 0.023185 0.02403559 0.02352051 0.02401207 1000
31 0.38 4.75 0.6 1 -0.002965364 -0.002527112 -0.001867512 -0.001335511 -0.001048058 1000 0.01222959 0.006208682 0.002685195 0.003157319 0.004198946 1000
32 0.4600001 -4.75 0.7 -1 -0.001249698 -0.001248585 -0.0008359834 -0.0003677248 -0.0002463642 1000 0.009164384 0.009176484 0.009181748 0.01027043 0.01034176 1000
33 0.54 4.75 0.5 -1 -0.00118981 -0.0009363835 -0.000733371 -0.0004633074 0.0003520049 1000 0.009937791 0.01004108 0.01108105 0.01143315 0.01046099 1000
34 0.24 4 0.5 1 0.003849972 0.002534003 0.004025343 0.004287152 0.003514895 1000 0.01278872 0.01382527 0.01551175 0.01434295 0.01344026 1000
35 0.6199999 -5.5 0.3 0 0.002444345 0.002915975 0.003190473 0.003685705 0.00317457 1000 0.01481899 0.01480426 0.01523862 0.01496861 0.01604526 1000
36 0.34 -4 0.4 0 0.004685141 0.004588819 0.004311915 0.004164212 0.004248939 1000 0.01688587 0.01687947 0.01799781 0.0177505 0.01695967 1000
37 0.42 -4 0.6 1 0.003673835 0.003407922 0.00416695 0.004309843 0.003647299 1000 0.01713971 0.01735684 0.01799296 0.01782282 0.01813939 1000
38 0.42 -4 0.6 1 0.003730975 0.00393537 0.003818931 0.003475597 0.003274797 1000 0.01935047 0.01838697 0.01890812 0.01880427 0.01939354 1000
39 0.52 5.5 0.7 -1 0.003760786 0.003115832 0.003720654 0.004285896 0.005064806 1000 0.02141337 0.02141574 0.02184204 0.02267739 0.02205195 1000
40 0.58 5.5 0.8 0 0.004202895 0.004483035 0.003770904 0.003593479 0.003803481 1000 0.02148887 0.02214201 0.0221638 0.02183844 0.02200578 1000
41 0.22 4 0.2 0 0.003929211 0.003348482 0.003414096 0.004003251 0.0008104566 1000 0.02198789 0.02205391 0.02246794 0.02273466 0.02141765 1000
42 0.5000001 -4.75 1 0 0.002301888 0.002039918 0.002320011 0.002751623 0.003504748 1000 0.02150538 0.02185214 0.02271397 0.02365539 0.02357814 1000
43 0.54 -4.75 0.7 1 0.005638787 0.005368399 0.004810764 0.004293554 0.004568895 1000 0.01438254 0.008559444 0.008321945 0.007441863 0.008425154 1000
44 0.6999999 4.75 0.7 1 0.004402795 0.003830981 0.003909405 0.003368355 0.003272238 1000 0.01456249 0.01451518 0.01476016 0.0149796 0.01516904 1000
45 0.52 -4.75 0.5 -1 0.002775675 0.002690737 0.00249568 0.002552988 0.002586682 1000 0.01535042 0.01574093 0.01688084 0.01602316 0.01591491 1000
46 0.6399999 4 0.7 0 0.002874416 0.003532143 0.003066102 0.003172857 0.002827711 1000 0.0171251 0.01695226 0.01693771 0.01706625 0.01721868 1000
47 0.12 -4.75 0.1 0 0.004285209 0.004191743 0.002952504 0.00360785 0.004227476 1000 0.01622397 0.01627968 0.01711054 0.01794375 0.01838756 1000
48 0.38 4.75 0.3 0 0.003814589 0.003272009 0.002928051 0.003000896 0.002907763 1000 0.0171562 0.01650527 0.01589661 0.01650442 0.01683924 1000
49 0.08 -5.5 0.2 0 0.003298003 0.003011358 0.002472226 0.003173256 0.00263503 1000 0.0168565 0.01665824 0.01676984 0.01749671 0.01701176 1000
50 0.4800001 -5.5 0.6 0 0.000440847 -0.0004040381 0.0004072216 0.00132188 0.0008438053 1000 0.01772944 0.01796524 0.01710316 0.0170819 0.0164312 1000
51 0.5000001 5.5 0.6 -1 0.002644958 0.002220816 0.002708075 0.003267339 0.003391284 1000 0.01621569 0.01631985 0.01711819 0.01748378 0.01723347 1000
52 0.52 -5.5 0.6 1 0.003108384 0.002876449 0.003339761 0.004329357 0.004238357 1000 0.0182071 0.01824479 0.01861927 0.02076256 0.0196015 1000
53 0.56 5.5 0.5 1 0.004811575 0.004386845 0.005834382 0.005954564 0.005327132 1000 0.01938479 0.01861744 0.01747334 0.01923308 0.01908063 1000
54 0.14 -5.5 0.1 0 0.003802116 0.003254429 0.003508329 0.003692514 0.004224586 1000 0.01920531 0.01946567 0.01948974 0.0205869 0.02024015 1000
55 0.26 4 0.4 0 0.003917355 0.003897459 0.003972452 0.003686949 0.003733228 1000 0.02068105 0.02047824 0.01999793 0.02034474 0.02002908 1000
56 0.6799999 -5.5 0.6 -1 0.003555864 0.003394269 0.003270663 0.003747478 0.003992316 1000 0.01957916 0.01974211 0.01991332 0.02057225 0.02047644 1000
57 0.5000001 -4 0.5 1 0.004788463 0.00475283 0.004710628 0.004809095 0.004840986 1000 0.02081626 0.02088357 0.0209532 0.02127308 0.02085018 1000
58 0.54 4.75 0.5 -1 0.004485119 0.003980014 0.004304341 0.004790908 0.004045395 1000 0.02124401 0.02135519 0.02151942 0.0218689 0.02127176 1000
59 0.6599999 -4 0.7 1 0.008053824 0.007293883 0.006807433 0.00612375 0.007664668 1000 0.02042411 0.01959124 0.01883563 0.01929237 0.02108922 1000
60 0.6599999 4.75 0.7 1 0.005793282 0.006699879 0.008163792 0.008789754 0.008302791 1000 0.02097951 0.0212482 0.02131697 0.0221171 0.02170056 1000
61 0.54 -5.5 0.4 0 0.006657158 0.006802926 0.006871228 0.006753053 0.006741897 1000 0.02278579 0.02216747 0.02279137 0.02333685 0.02261523 1000
62 0.58 4 0.5 1 0.006508284 0.006788239 0.006713038 0.007067738 0.006299097 1000 0.0231862 0.02345001 0.02359821 0.02330102 0.02318837 1000
63 0.4800001 -4.75 0.6 0 0.007118902 0.006367875 0.006176786 0.005957138 0.00536378 1000 0.02333403 0.02403834 0.02435027 0.02499092 0.02467332 1000
64 0.26 4 0.2 0 0.006542953 0.007248495 0.00729293 0.007686073 0.007164853 1000 0.02116939 0.02098372 0.02139397 0.02153076 0.02143779 1000
65 0.4 -5.5 0.2 0 0.006482642 0.006578587 0.007003472 0.007227059 0.0074312 1000 0.02376834 0.02418919 0.02468277 0.02310733 0.02507431 1000
66 0.52 4 0.5 -1 0.008173184 0.008140627 0.007947753 0.008376417 0.008657382 1000 0.0160239 0.01649701 0.01678563 0.01812763 0.01787551 1000
67 0.4 -4.75 0.3 0 0.006598602 0.00697666 0.007677265 0.008179169 0.008079592 1000 0.02091233 0.02051307 0.02116925 0.02025442 0.02014853 1000
68 0.22 -5.5 0.2 0 0.008086693 0.008698755 0.008863337 0.008145547 0.007815177 1000 0.02084051 0.02120584 0.02136773 0.02080912 0.02089 1000
69 0.6199999 4.75 0.6 0 0.007389164 0.007732116 0.006894087 0.006752267 0.007034011 1000 0.01984859 0.02032428 0.0198318 0.02006457 0.02031741 1000
70 0.22 -5.5 0.1 0 0.0067528 0.00641799 0.007070819 0.006707713 0.006195884 1000 0.02079136 0.02063582 0.02125624 0.02134399 0.02019735 1000
71 0.6199999 5.5 0.7 -1 0.006997299 0.007287697 0.007353432 0.007467976 0.007376123 1000 0.01977878 0.02040777 0.02062618 0.01975771 0.01986269 1000
72 0.42 -4.75 0.4 0 0.007484778 0.007253209 0.007549828 0.007614741 0.007767914 1000 0.01982523 0.01965665 0.0200831 0.01993076 0.01963865 1000
73 0.7399998 4.75 0.5 1 0.008152873 0.00872299 0.007934832 0.007793272 0.008133508 1000 0.01988325 0.02008669 0.01974982 0.01992859 0.01974063 1000
74 0.6599999 -4.75 0.7 1 0.007488573 0.007612127 0.007955689 0.008248052 0.008548726 1000 0.01951834 0.02003347 0.0202942 0.01974012 0.01947357 1000
75 0.36 4 0.4 0 0.007931304 0.007817868 0.007698188 0.007716947 0.008104551 1000 0.02042992 0.02016794 0.01996619 0.01995395 0.01940212 1000
76 0.6799999 4.75 0.6 1 0.006967419 0.007026601 0.008487276 0.008208448 0.007859028 1000 0.01970965 0.0196829 0.02063186 0.02077126 0.02054355 1000
77 0.28 -4.75 0.1 0 0.008239006 0.009034722 0.007714998 0.007204303 0.008156464 1000 0.01972519 0.0193099 0.01904472 0.01920409 0.01977733 1000
78 0.4600001 -4 0.6 1 0.008933359 0.008582617 0.008762864 0.008903412 0.00985554 1000 0.01883461 0.01782206 0.0185552 0.01892557 0.01948627 1000
79 0.6999999 4 0.6 1 0.00743545 0.007240892 0.007151266 0.006675307 0.00694946 1000 0.01926642 0.01905234 0.01804016 0.0176629 0.01815577 1000
80 0.9199997 -4.75 0.7 0 0.006673947 0.006224886 0.006174519 0.007349836 0.006910498 1000 0.01968272 0.01904959 0.01994565 0.01957971 0.01904256 1000
81 0.4400001 -4.75 0.4 0 0.008704558 0.00897665 0.009021081 0.008967444 0.008895988 1000 0.01750796 0.0173113 0.01717047 0.01785766 0.01778285 1000
82 0.6599999 -4.75 0.5 0 0.008764138 0.008506033 0.008328491 0.009101768 0.008503689 1000 0.01740455 0.01691349 0.01703592 0.01745897 0.01653736 1000
83 0.56 -5.5 0.5 1 0.008823634 0.00824342 0.007498533 0.008124482 0.008016547 1000 0.01713239 0.01736562 0.01705455 0.01754299 0.01712226 1000
84 0.8399997 -4 1 0 0.007732748 0.007577456 0.007175097 0.007974876 0.007937799 1000 0.01710464 0.01756158 0.01753475 0.01824792 0.01805914 1000
85 0.2 5.5 0.2 0 0.007873815 0.007299204 0.00741371 0.007530132 0.007295026 1000 0.01807062 0.0178439 0.01790548 0.01811539 0.01790827 1000
86 0.52 4.75 0.6 1 0.008605972 0.008820507 0.008099453 0.006943234 0.007507696 1000 0.01920662 0.01883353 0.01953009 0.0194289 0.02109367 1000
87 0.6999999 4 0.7 0 0.008830084 0.00949755 0.009549458 0.008894541 0.009140547 1000 0.01746284 0.01734911 0.01756103 0.01727709 0.01788254 1000
88 0.42 -4 0.3 0 0.009586829 0.00873783 0.008753028 0.01001331 0.01015561 1000 0.01871186 0.01919444 0.01935845 0.02033992 0.01958428 1000
89 0.6199999 4.75 0.5 -1 0.01072938 0.01121389 0.01122836 0.01135443 0.01118188 1000 0.01691665 0.01696745 0.01717551 0.01804677 0.01705811 1000
90 0.4 -4.75 0.3 0 0.009966956 0.00984671 0.009994256 0.009353695 0.01016327 1000 0.0175859 0.01693595 0.01725999 0.0173504 0.01738252 1000
91 0.9399996 -4.75 0.8 0 0.01062085 0.01085569 0.01099226 0.01074669 0.01063597 1000 0.0177489 0.01803793 0.0171101 0.01776691 0.01826505 1000
92 0.4600001 -4 0.5 0 0.01163443 0.01095747 0.01102681 0.0113161 0.01138028 1000 0.01619435 0.01613848 0.01708397 0.01687005 0.01733307 1000
93 0.7599998 4.75 0.7 0 0.009840704 0.01053012 0.01085543 0.01038412 0.01136118 1000 0.01696308 0.01646037 0.01669979 0.01659709 0.01667776 1000
94 0.8599997 5.5 0.8 0 0.01233848 0.01127044 0.01127405 0.01293528 0.01446544 1000 0.02093611 0.01891284 0.02017583 0.01926753 0.01950037 1000
95 0.54 4.75 0.3 0 0.01287652 0.01307292 0.0133985 0.01267463 0.01259376 1000 0.01932355 0.01979706 0.01887328 0.0192661 0.01968154 1000
96 0.9399996 -5.5 0.9 0 0.01280903 0.01208308 0.01259552 0.01233628 0.01205072 1000 0.02089056 0.02014981 0.01981051 0.02023095 0.02085829 1000
97 1.14 4.75 1 0 0.01228813 0.01306299 0.01233245 0.01172716 0.01133713 1000 0.01865897 0.01906294 0.01860428 0.01876186 0.01865809 1000
98 0.7999998 -4 0.6 0 0.01175051 0.01197766 0.0119514 0.01192523 0.01223119 1000 0.01724211 0.01709785 0.01753951 0.01780332 0.01801818 1000
99 1.02 -5.5 0.9 0 0.01197513 0.01146827 0.01167257 0.01191404 0.01193252 1000 0.01574632 0.01516414 0.01541744 0.0158178 0.01725056 1000
100 0.36 4.75 0.3 0 0.01093876 0.01062492 0.01093342 0.01113526 0.01090057 1000 0.01637451 0.01585276 0.01551615 0.01570081 0.01584234 1000
101 0.8399997 -4 0.6 1 0.01132628 0.0112772 0.01166787 0.01267553 0.01234466 1000 0.01502421 0.01527096 0.01587101 0.01655395 0.01588913 1000
102 0.4800001 -4 0.4 0 0.01285059 0.01252203 0.01259609 0.01270178 0.01246859 1000 0.01628608 0.01623579 0.01623389 0.01615277 0.01615909 1000
103 0.36 -4.75 0.1 0 0.01302851 0.01270018 0.0131276 0.01282814 0.0133333 1000 0.01656643 0.01673824 0.01730833 0.01704652 0.01750236 1000
104 0.52 4.75 0.7 -1 0.01368589 0.01364829 0.01344502 0.01312979 0.01361066 1000 0.01558056 0.01484697 0.01536349 0.01530592 0.01536008 1000
105 0.8399997 5.5 0.7 1 0.01333307 0.01318376 0.0133458 0.01344621 0.01368899 1000 0.01763539 0.01733668 0.01675181 0.01656932 0.01644881 1000
106 1.319999 -4.75 0.9 0 0.01326073 0.01315096 0.01391081 0.01299227 0.01241227 1000 0.01673947 0.01710107 0.01757546 0.01771456 0.01584393 1000
107 0.9599996 -5.5 0.7 0 0.01523352 0.01489814 0.01464364 0.01515472 0.01465603 1000 0.01515659 0.01551676 0.016069 0.01616742 0.01596794 1000
108 0.7199998 -4 0.7 0 0.01590197 0.01541703 0.01543042 0.01529311 0.01560174 1000 0.01362441 0.0138005 0.01439312 0.01480004 0.01416619 1000
109 1.319999 -5.5 0.6 1 0.01570143 0.01561036 0.01563063 0.01563448 0.01592176 1000 0.01487253 0.01551158 0.0151545 0.01541753 0.0153982 1000
110 1.299999 -5.5 0.7 -1 0.01538149 0.01497513 0.01559197 0.0156209 0.01532532 1000 0.01507511 0.0143555 0.01496198 0.01468282 0.01466828 1000
111 1.1 -4 0.6 -1 0.01559494 0.01603754 0.0150313 0.01489517 0.01517003 1000 0.01420632 0.01476794 0.01430981 0.01482994 0.01530275 1000
112 1.04 4 0.5 1 0.01580361 0.01649624 0.01605557 0.01579599 0.01538632 1000 0.01480407 0.01378097 0.01405043 0.01444437 0.0144614 1000
113 1.259999 -5.5 0.8 0 0.01828641 0.01787252 0.01797417 0.01792978 0.0177128 1000 0.01873761 0.01851577 0.0186565 0.01870063 0.01917831 1000
114 1.02 4 0.5 -1 0.01677673 0.01730353 0.01743026 0.01661869 0.01814745 1000 0.01489149 0.015876 0.0160242 0.01590673 0.01624911 1000
115 0.24 -5.5 0.2 0 0.01844317 0.01869366 0.01861475 0.01815716 0.01875556 1000 0.01675355 0.01675468 0.01599821 0.01611353 0.0157426 1000
116 0.7799998 4.75 0.8 0 0.01903758 0.01838261 0.01792149 0.01815658 0.01841573 1000 0.01439619 0.01463012 0.01468192 0.01559897 0.01580057 1000
117 0.42 -4 0.2 0 0.01799347 0.0184688 0.01895983 0.01924826 0.01814289 1000 0.01525544 0.01531664 0.01483784 0.01564028 0.01647744 1000
118 1.04 -4 1 0 0.01803864 0.01804828 0.01841392 0.01859658 0.01875111 1000 0.01421463 0.01438263 0.01484588 0.01456613 0.01433529 1000
119 0.6999999 4.75 0.7 -1 0.01866023 0.01809572 0.0185139 0.01787249 0.01669051 1000 0.01535581 0.01562922 0.0155287 0.01539648 0.01581002 1000
120 0.7399998 -4 0.5 -1 0.01759549 0.01815491 0.01840393 0.01870338 0.01908732 1000 0.01505709 0.01539052 0.01554521 0.01567708 0.01543062 1000
121 0.7999998 -4.75 0.6 1 0.01565269 0.01497512 0.01501325 0.01629452 0.01713176 1000 0.0141021 0.01439377 0.01251785 0.01295164 0.01260623 1000
122 0.4600001 -4.75 0.2 0 0.01705334 0.01726079 0.01710245 0.01706989 0.0174175 1000 0.0136144 0.01392387 0.01406661 0.01356715 0.01314897 1000
123 0.58 -4.75 0.5 1 0.01750819 0.01813106 0.01698933 0.01646679 0.01742521 1000 0.0120097 0.01186774 0.01297101 0.01273898 0.01222851 1000
124 1.259999 -4.75 0.9 0 0.01811997 0.01794612 0.01810103 0.01826621 0.01819555 1000 0.01224338 0.01217536 0.01258065 0.01193334 0.01183497 1000
125 0.6599999 -4.75 0.5 0 0.01829283 0.01766052 0.01937016 0.02030605 0.01923617 1000 0.01278174 0.01253701 0.01404707 0.0143052 0.01332831 1000
126 1.159999 -4.75 0.9 0 0.01864028 0.01919369 0.01893348 0.01877039 0.01884671 1000 0.01340429 0.01399811 0.01387641 0.01369933 0.01307004 1000
127 1.04 -4.75 0.5 0 0.01997198 0.01993738 0.02035219 0.020182 0.02047917 1000 0.01351766 0.01296433 0.01367103 0.01379639 0.01377129 1000
128 1.219999 -4.75 0.7 1 0.01962295 0.01970417 0.01987535 0.02012785 0.02031131 1000 0.0116563 0.01189304 0.0124227 0.01184321 0.0119365 1000
129 0.32 -4.75 0.2 0 0.01857396 0.01959128 0.01928858 0.01940552 0.01960518 1000 0.01166627 0.01190084 0.01160005 0.012165 0.01186961 1000
130 1.339999 4.75 1 0 0.02003312 0.02009487 0.01960754 0.0192296 0.0197492 1000 0.01309333 0.01295543 0.01245902 0.01267286 0.01272849 1000
131 0.7799998 -5.5 0.5 0 0.02048632 0.02077472 0.02133632 0.02104132 0.02046891 1000 0.0159693 0.01705722 0.01715542 0.01722359 0.01711603 1000
132 1.159999 5.5 0.7 1 0.02080145 0.02075126 0.02003548 0.01888093 0.01876971 1000 0.01326716 0.01327962 0.01358507 0.01267609 0.01304077 1000
133 0.7199998 -4 0.8 0 0.01896484 0.01940635 0.019836 0.02011103 0.02054652 1000 0.01772012 0.01789006 0.01753798 0.0176476 0.01793466 1000
134 1.04 -4.75 0.6 1 0.02078937 0.02072657 0.02006821 0.0208227 0.02079078 1000 0.01529018 0.01544176 0.01558097 0.01606813 0.01600023 1000
135 0.6399999 -4 0.6 0 0.02119643 0.02133361 0.02269345 0.02333778 0.02369508 1000 0.01630234 0.01660807 0.01858169 0.01764243 0.01527566 1000
136 0.8999997 4.75 0.6 1 0.02150515 0.02034394 0.01940273 0.01828425 0.01921983 1000 0.01732975 0.01770339 0.0174183 0.01846719 0.01714655 1000
137 1.699999 -5.5 1 0 0.01669129 0.01679155 0.0167293 0.01820794 0.01788011 1000 0.01844948 0.01891992 0.01912653 0.01996073 0.01985837 1000
138 0.54 -4 0.4 0 0.01801902 0.0174646 0.01815718 0.01856927 0.01877975 1000 0.01526288 0.01483492 0.01541955 0.01546551 0.01604287 1000
139 0.18 4 0.2 0 0.01791153 0.01757269 0.01846086 0.01825749 0.01809511 1000 0.01567098 0.01535771 0.01585254 0.01511927 0.01511062 1000
140 1.279999 -5.5 0.9 0 0.01236041 0.008155666 0.01003872 0.01230782 0.01588505 1000 0.01882211 0.02135144 0.02256802 0.02490842 0.02710187 1000
141 0.6999999 -4 0.5 1 0.008648733 0.008721271 0.00930085 0.009472509 0.00978199 1000 0.002192534 0.002997885 0.003469577 0.004679314 0.004751626 1000
142 0.4400001 4 0.3 0 0.009982961 0.01004601 0.01065547 0.01149825 0.011313 1000 0.005964431 0.005693619 0.005712913 0.005531492 0.004776883 1000
143 0.52 4 0.5 -1 0.008109561 0.008804472 0.01023171 0.01151071 0.01167435 1000 0.01483503 0.01413207 0.01424988 0.01449748 0.01442647 1000
144 0.2 -5.5 0.1 0 0.01221337 0.01158617 0.01171458 0.01209471 0.01179912 1000 0.01544643 0.01516991 0.01553672 0.01593176 0.01517136 1000
145 0.6399999 5.5 0.5 0 0.01084528 0.01140892 0.01223066 0.0130764 0.01262945 1000 0.01414932 0.0142764 0.01443006 0.01443828 0.01417542 1000
146 0.4400001 -4.75 0.2 0 0.01243202 0.01265454 0.01331114 0.01390761 0.01372046 1000 0.01520584 0.01499037 0.01246714 0.01093468 0.01103177 1000
147 0.38 -5.5 0.2 0 0.01360785 0.01397196 0.01333342 0.01312453 0.01349766 1000 0.01085806 0.01116834 0.01078413 0.01111358 0.01131318 1000
148 0.42 -4.75 0.3 0 0.0129202 0.01263067 0.01237902 0.01298744 0.01257261 1000 0.01011764 0.01070048 0.01089528 0.01126784 0.01099496 1000
149 0.4800001 -4 0.4 0 0.01305062 0.01349487 0.01338073 0.01365951 0.01351473 1000 0.01055644 0.01078468 0.01078368 0.01038114 0.0103686 1000
150 1.299999 4.75 0.9 0 0.01215426 0.01240511 0.01200204 0.01178031 0.01232214 1000 0.01000845 0.009930241 0.009748879 0.009724364 0.009915071 1000
151 0.9599996 -4 0.7 1 0.01512878 0.01590358 0.01545868 0.01567462 0.01553203 1000 0.009083386 0.009739023 0.009989676 0.009551057 0.00914394 1000
152 1.08 5.5 0.6 1 0.01599046 0.01498243 0.01581688 0.01552283 0.01503697 1000 0.008845822 0.008373537 0.008848007 0.008603836 0.009089091 1000
153 0.9799996 5.5 0.5 1 0.01608232 0.01635233 0.0169458 0.01713795 0.01676427 1000 0.01065231 0.01078387 0.01080057 0.01043052 0.01114861 1000
154 0.8999997 4 0.8 0 0.01700388 0.01646527 0.01675223 0.01686432 0.01626467 1000 0.01113428 0.0113854 0.01139668 0.01128499 0.01062607 1000
155 0.7999998 -4 0.8 0 0.01766886 0.01754695 0.01990841 0.02029859 0.01891289 1000 0.01031709 0.01091389 0.01124635 0.01136625 0.01165974 1000
156 0.6799999 5.5 0.5 0 0.01956986 0.01969954 0.02010515 0.02027276 0.02058498 1000 0.01063093 0.0112676 0.01156348 0.01163492 0.0112503 1000
157 1.04 -4.75 0.8 0 0.02282013 0.02283721 0.02320248 0.02354844 0.02368367 1000 0.01855312 0.01722812 0.01693027 0.0107364 0.01351803 1000
158 0.9999996 5.5 1 0 0.02331637 0.02347458 0.02291834 0.02293154 0.0230957 1000 0.01474764 0.01323472 0.01293357 0.01248413 0.01275647 1000
159 0.4800001 4.75 0.3 0 0.02373629 0.02412798 0.02501148 0.02521312 0.02421704 1000 0.01430606 0.01461245 0.01476396 0.01468288 0.01443811 1000
160 0.8399997 -5.5 0.5 1 0.02248032 0.02216171 0.02242983 0.02254625 0.02303683 1000 0.01299946 0.01266749 0.01201828 0.007916143 0.007517622 1000
161 1.419999 -5.5 1 0 0.02274745 0.02269932 0.02313442 0.02356108 0.02275791 1000 0.005980027 0.006633435 0.006719702 0.006359228 0.006256402 1000
162 0.6 4.75 0.6 0 0.02150068 0.02169549 0.02145199 0.02163696 0.02179741 1000 0.007302282 0.007347086 0.008255615 0.007389936 0.006914739 1000
163 0.9599996 5.5 0.7 0 0.01936311 0.01877503 0.01931441 0.02082654 0.02186715 1000 0.00690828 0.00797857 0.00928728 0.008057891 0.00811812 1000
164 0.8999997 -5.5 0.3 0 0.02394099 0.02376689 0.02318544 0.0233924 0.02312586 1000 0.01021963 0.009529842 0.009246206 0.009282739 0.007875131 1000
165 0.7999998 4 0.6 0 0.02380637 0.02362571 0.02338406 0.02296376 0.02313385 1000 0.006600967 0.007159234 0.007679583 0.007692339 0.008007776 1000
166 1.239999 -5.5 0.7 0 0.0224662 0.02338 0.02372188 0.02396373 0.02454551 1000 0.009592299 0.009822476 0.009758532 0.009129493 0.008119404 1000
167 0.56 -5.5 0.2 0 0.02343762 0.02348342 0.02447785 0.02397014 0.02351434 1000 0.005779654 0.005528168 0.006531131 0.005434399 0.006147221 1000
168 1.379999 5.5 0.7 1 0.02366519 0.02373238 0.02381935 0.02438684 0.02360935 1000 0.005762249 0.005505715 0.006074293 0.00698301 0.005516475 1000
169 0.9999996 -4 0.6 -1 0.02326537 0.02306659 0.02363304 0.02380986 0.02304533 1000 0.007056349 0.007070052 0.006906313 0.007267984 0.006856276 1000
170 0.7599998 -5.5 0.5 0 0.02252993 0.02224584 0.02215786 0.02228376 0.02212271 1000 0.004506624 0.003942719 0.00433625 0.004155505 0.004223582 1000
171 0.9799996 -5.5 0.5 1 0.02156694 0.02090653 0.02164852 0.0220908 0.02319061 1000 0.002909518 0.002543403 0.003273183 0.004451868 0.003874402 1000
172 1.02 -5.5 0.7 -1 0.02104463 0.02132913 0.02184709 0.02168307 0.02142202 1000 0.002388399 0.001969053 0.002006707 0.002255457 0.002118735 1000
173 0.9399996 -4.75 0.5 0 0.02045272 0.02049932 0.02092332 0.0203311 0.02040539 1000 0.002248417 0.002203373 0.002557178 0.002492063 0.002166213 1000
174 0.6799999 4.75 0.3 0 0.02170294 0.02165557 0.02084712 0.0203145 0.02117231 1000 0.001996696 0.001376699 0.001702959 0.002696457 0.003167119 1000
175 1.02 4.75 0.6 0 0.02049436 0.02018301 0.0211019 0.020339 0.02045812 1000 0.003424908 0.003176125 0.003438308 0.003288485 0.002520985 1000
176 0.6799999 -5.5 0.1 0 0.01953939 0.02009641 0.01966285 0.01900788 0.02030478 1000 0.004919307 0.004180244 0.004363968 0.003370447 0.003123707 1000
177 0.8599997 -5.5 0.4 0 0.01972271 0.01948528 0.01953211 0.02005026 0.02122466 1000 0.0005231844 0.001101264 0.001603874 0.001244272 0.0008143093 1000
178 0.7199998 -5.5 0.3 0 0.0208792 0.01987496 0.01978949 0.02016073 0.02077123 1000 -0.0006117 -0.0006059931 -0.000105438 0.0008088252 -0.0002062129 1000
179 1.14 -4.75 0.6 0 0.02003277 0.01894656 0.01890616 0.01926513 0.01904479 1000 0.0001749981 0.0001424238 0.0004581539 0.0004972136 0.0002828209 1000
180 0.6999999 5.5 0.3 0 0.01923313 0.0193058 0.02001822 0.02008519 0.01965895 1000 4.388555E-05 0.0007691281 0.0005856183 0.00104872 0.001607965 1000
181 0.58 -4 0.2 0 0.0203436 0.02023866 0.0203529 0.02038104 0.01995216 1000 0.0007422676 0.000875727 3.71204E-05 -0.0001973695 -0.000840281 1000
182 1.14 -4.75 0.7 -1 0.02067699 0.0206889 0.02032361 0.02060253 0.02086601 1000 -0.001674125 -0.001340359 -0.0007141672 -0.001519187 -0.001922336 1000
183 0.9799996 -4 0.6 1 0.01972053 0.01964274 0.02056655 0.0206415 0.02124637 1000 -0.001364551 -0.001595884 -0.001679892 -0.001970205 -0.001768753 1000
184 0.7799998 -4 0.7 0 0.01517378 0.01300214 0.01215384 0.01281195 0.01445859 1000 -0.0008510262 -0.001461009 -0.002138435 -0.001007414 -0.001364349 1000
185 1.199999 5.5 1 0 0.01639831 0.01679606 0.01690272 0.01733123 0.01752815 1000 -0.003907864 -0.004592401 -0.005061788 -0.00400716 -0.002442603 1000
186 0.7999998 4 1 0 0.01904843 0.01937451 0.01907858 0.01886515 0.0192921 1000 0.005415288 0.004098271 0.003890789 0.00404847 0.004696293 1000
187 0.9799996 -4 0.6 1 0.01873862 0.01824984 0.01827838 0.0186092 0.01846498 1000 0.005242996 0.004280838 0.003681171 0.004217308 0.003739197 1000
188 1.02 5.5 0.5 0 0.01819042 0.01787226 0.01816292 0.01847947 0.01903067 1000 0.001144074 0.001048467 0.001020422 0.001677676 0.002076264 1000
189 1.399999 -4.75 0.9 0 0.01930477 0.02006606 0.01982794 0.019303 0.01903406 1000 0.00598825 0.005028382 0.004725914 0.004663397 0.004569853 1000
190 1.14 -4.75 0.5 1 0.01893125 0.01929444 0.01944996 0.01918183 0.01889731 1000 0.001510945 0.001359143 0.001171256 0.00141144 0.0009022118 1000
191 0.7999998 5.5 0.7 0 0.01830446 0.01802103 0.01820207 0.01859738 0.01913755 1000 -0.0002685732 -0.0005742948 0.0003759507 0.0002843013 -0.0005857523 1000
192 1.02 4.75 0.8 0 0.0190437 0.01920715 0.01877108 0.01945609 0.01956652 1000 0.00295647 0.003036544 0.002927445 0.0025962 0.002789919 1000
193 0.2 4 0.1 0 0.02098001 0.02064396 0.02100891 0.02156935 0.02112906 1000 0.00721764 0.007801817 0.007830452 0.008477342 0.00851278 1000
194 0.6599999 4.75 0.5 -1 0.02076251 0.02044507 0.02043369 0.02062977 0.02108659 1000 0.008828713 0.009172101 0.008911706 0.009262302 0.008478873 1000
195 0.7999998 4 0.7 1 0.02013624 0.02029421 0.02041308 0.02005308 0.02065214 1000 0.00997353 0.01043385 0.01081569 0.01148747 0.01033533 1000
196 1.159999 5.5 0.6 -1 0.01921424 0.01975036 0.0197682 0.01950902 0.02025555 1000 0.01215656 0.01065262 0.01025309 0.01087895 0.01219878 1000
197 0.56 4 0.5 -1 0.01846278 0.0182735 0.01881678 0.01901586 0.01909454 1000 0.01109542 0.01060116 0.0108806 0.0111572 0.01088807 1000
198 0.6 4 0.2 0 0.01811062 0.0183367 0.01826198 0.01798139 0.01841127 1000 0.01141027 0.01098201 0.01069778 0.01108645 0.01172557 1000
199 0.52 4 0.5 0 0.003782798 0.004146729 0.004424026 0.007082691 0.01086463 1000 0.0157326 0.01652119 0.01494179 0.01493671 0.01684055 1000
200 0.7999998 4 0.9 0 0.01141759 0.01131405 0.01156566 0.01119973 0.01139075 1000 0.01455555 0.01458566 0.01480079 0.01533472 0.01503182 1000
201 1.459999 -5.5 1 0 0.01200214 0.009406044 0.01104384 0.01259121 0.01173768 1000 0.02002021 0.01897164 0.02036045 0.02018584 0.01986755 1000
202 0.54 -4.75 0.2 0 0.009759163 0.00982859 0.01036724 0.01056651 0.01006906 1000 0.01048751 0.01104244 0.01040699 0.01092772 0.01038411 1000
203 0.24 4 0.2 0 0.009970958 0.01001451 0.01052533 0.01048324 0.01066744 1000 0.008916604 0.009430688 0.009065162 0.009405978 0.01187976 1000
204 1.199999 -5.5 0.7 1 0.01010766 0.01003021 0.009787176 0.01039393 0.01051216 1000 0.01553682 0.01535827 0.01492198 0.01505363 0.01510188 1000
205 1.179999 -4.75 0.7 -1 0.01047311 0.009840907 0.01061601 0.01059111 0.01024969 1000 0.01527399 0.01575629 0.01604117 0.01543862 0.01459991 1000
206 0.9799996 4 0.9 0 0.01144253 0.01093689 0.01145988 0.01182073 0.01131498 1000 0.01324258 0.01375614 0.01329333 0.013689 0.0156654 1000
207 0.54 -4 0.8 0 0.01386319 0.01333116 0.01399339 0.01333551 0.01271079 1000 0.02315794 0.01785041 0.01779219 0.01781836 0.01565058 1000
208 0.6399999 4 0.5 1 0.01271565 0.01226769 0.01291019 0.01264625 0.01269481 1000 0.008323859 0.009688792 0.01195258 0.01171131 0.0124301 1000
209 0.6199999 4.75 0.7 0 0.01077262 0.01056965 0.01077132 0.01176042 0.01185188 1000 0.0191476 0.01942022 0.01964767 0.01959493 0.020889 1000
210 0.14 -4 0.1 0 0.009850504 0.009216717 0.009059682 0.009018077 0.008942002 1000 0.02090587 0.02066878 0.02086825 0.02015798 0.020266 1000
211 0.8599997 4 0.6 1 0.008183363 0.00870206 0.008832847 0.009447721 0.009134877 1000 0.01944788 0.01988187 0.02005662 0.01935345 0.01982316 1000
212 0.9199997 5.5 0.6 0 0.008946357 0.009251966 0.008216887 0.008013509 0.008167215 1000 0.02029319 0.02074771 0.01989764 0.021337 0.02228325 1000
213 0.7999998 -4 0.5 0 0.006773598 0.007676507 0.007159153 0.007417155 0.007981603 1000 0.02250622 0.0216574 0.02134859 0.02286834 0.0227001 1000
214 0.6599999 -4.75 0.2 0 0.008405874 0.008221519 0.008728699 0.008302254 0.007598657 1000 0.0210535 0.02128164 0.0211203 0.02149107 0.02207628 1000
215 0.8599997 -5.5 0.9 0 0.007214793 0.006886523 0.00660777 0.007467152 0.007306836 1000 0.01946507 0.01957774 0.01963131 0.02051742 0.019762 1000
216 0.6399999 -4 0.5 0 0.006156342 0.005720695 0.006327495 0.006137147 0.006145048 1000 0.01977786 0.01952924 0.01996654 0.01928058 0.01967791 1000
217 1.06 -4.75 0.7 -1 0.006222929 0.006374157 0.006655328 0.006314364 0.006064574 1000 0.02012317 0.02010161 0.02023652 0.0197826 0.02070641 1000
218 0.7799998 4 0.6 -1 0.008395575 0.007366971 0.006729621 0.005896857 0.006544222 1000 0.02075951 0.01957227 0.0193112 0.01854049 0.02155533 1000
219 0.52 -4.75 0.1 0 0.006689448 0.007022218 0.006488033 0.006573658 0.007266621 1000 0.02107941 0.02162395 0.02134071 0.02154632 0.02148079 1000
220 1.14 -4 0.7 1 0.008184588 0.007866416 0.00771975 0.007049514 0.007435886 1000 0.02065274 0.02082682 0.02080508 0.02073015 0.02012543 1000
221 0.6399999 -5.5 0.5 0 0.007196578 0.006699914 0.006645561 0.006813892 0.007208846 1000 0.02005546 0.01964719 0.02002745 0.02016006 0.01961334 1000
222 0.8599997 4.75 0.9 0 0.006497281 0.00655432 0.006858351 0.006902067 0.007256627 1000 0.02076554 0.02060505 0.02081674 0.02069758 0.02161432 1000
223 0.6599999 5.5 0.4 0 0.007760273 0.007795031 0.008012122 0.007383695 0.006900128 1000 0.02453396 0.02371517 0.02371928 0.02331962 0.02319931 1000
224 0.8799997 4.75 0.7 -1 0.00584944 0.005560392 0.005535898 0.006195345 0.006427056 1000 0.02162399 0.021181 0.0212457 0.02117394 0.02144432 1000
225 1.06 5.5 0.6 -1 0.005424424 0.004721289 0.005648814 0.005976324 0.006442372 1000 0.02301614 0.02295314 0.0227264 0.02347236 0.0227842 1000
226 1.12 -5.5 0.7 1 0.006169711 0.006063997 0.007146337 0.007122049 0.006157754 1000 0.0233148 0.02406563 0.02341078 0.02307753 0.0234685 1000
227 1.179999 -4.75 0.9 0 0.005247051 0.0047445 0.005117814 0.005190813 0.0054844 1000 0.02152055 0.02116913 0.02130934 0.02164289 0.02115476 1000
228 0.9599996 5.5 0.7 0 0.005378836 0.005089811 0.005651776 0.005538634 0.005546941 1000 0.02119316 0.02078565 0.02182257 0.02099808 0.02134356 1000
229 1.359999 -5.5 0.6 -1 0.004929847 0.004381174 0.004917528 0.005536106 0.005938022 1000 0.02273653 0.02244556 0.02280592 0.02236021 0.02181982 1000
230 1.259999 -4 0.7 0 0.005558728 0.004437574 0.004390199 0.004909446 0.00498417 1000 0.02038738 0.01986801 0.02039441 0.02088301 0.02028977 1000
231 0.7799998 4 0.8 0 0.004805393 0.004244712 0.004674582 0.005431423 0.005456862 1000 0.01964566 0.0193522 0.01983309 0.01977548 0.02033809 1000
232 1.519999 4 0.9 0 0.004781802 0.00521785 0.005302806 0.005257906 0.005308719 1000 0.02243822 0.02226342 0.02237428 0.02186909 0.02172772 1000
233 0.7399998 -4 0.4 0 0.004410495 0.004398298 0.004606057 0.004622905 0.004287586 1000 0.02077366 0.02114195 0.02110125 0.02138126 0.02081937 1000
234 1.359999 5.5 0.6 1 0.003680367 0.003656647 0.001605347 0.001218682 0.002268598 1000 0.01892321 0.01877601 0.01777974 0.01841112 0.01938018 1000
235 1.159999 4 1 0 0.003944705 0.004111441 0.004208282 0.004256029 0.004314784 1000 0.02067481 0.020855 0.02040742 0.0195543 0.01975892 1000
236 0.6199999 4.75 0.4 0 0.005609129 0.005374421 0.005988878 0.006752919 0.006833153 1000 0.02175842 0.02162983 0.02129183 0.0213321 0.02121697 1000
237 0.8999997 4.75 0.6 -1 0.00723827 0.007314439 0.007461845 0.008188457 0.00788583 1000 0.02328006 0.02354378 0.02367387 0.02344955 0.02385953 1000
238 0.18 4.75 0.2 0 -0.002138514 -0.006060021 -0.003662446 -0.0008897164 -0.0001995905 1000 0.01290838 0.005584254 0.00857391 0.008351713 0.00726558 1000
239 0.7999998 -5.5 0.6 -1 0.0007332297 0.0001260244 0.001389827 0.002617714 0.0028939 1000 0.01368915 0.01369951 0.01419674 0.01400056 0.01367818 1000
240 0.9199997 -4 0.6 0 0.00455832 0.004201513 0.004349408 0.003634359 0.004245102 1000 0.01145755 0.01120599 0.01192258 0.01225809 0.01144286 1000
241 1.239999 4.75 0.6 1 0.005108555 0.004081018 0.004247663 0.00552591 0.00601531 1000 0.008243959 0.007628168 0.009000431 0.009352892 0.009121837 1000
242 1.259999 5.5 0.8 0 0.004394979 0.004397023 0.004210455 0.004616801 0.004714255 1000 0.009094664 0.009378754 0.008670078 0.008954849 0.009210269 1000
243 0.24 -4 0.2 0 0.004772012 0.00513233 0.004668741 0.005498286 0.005783552 1000 0.008828159 0.009551463 0.01047728 0.008785605 0.008568666 1000
244 0.9399996 -4 0.9 0 0.0042375 0.004378492 0.004510816 0.003778814 0.002963642 1000 0.008048887 0.007936729 0.008086341 0.008925715 0.008733667 1000
245 1.02 4.75 0.7 -1 0.003815931 0.004521422 0.004427611 0.004589568 0.004945791 1000 0.007254968 0.007632979 0.007047213 0.007473118 0.007635782 1000
246 0.12 4.75 0.1 0 0.00473511 0.004833476 0.004572358 0.004243717 0.004511841 1000 0.009788349 0.009289931 0.008954295 0.00889267 0.009475393 1000
247 0.7799998 -5.5 0.5 -1 0.003873107 0.00486082 0.004527389 0.004531345 0.004645645 1000 0.00986304 0.01019341 0.008655176 0.008356567 0.008343172 1000
248 1.12 -5.5 0.7 0 0.002694374 0.002188155 0.002979315 0.004277977 0.00461809 1000 0.006240483 0.007564089 0.008817843 0.007433478 0.006676865 1000
249 0.9999996 -4 0.5 -1 0.002619258 0.002827239 0.003268915 0.003361712 0.003871567 1000 0.007091631 0.006825021 0.00732673 0.007052755 0.006966541 1000
250 0.54 5.5 0.5 0 0.0008127896 1.223504E-05 -0.0004875323 0.00134728 0.002784474 1000 0.00744533 0.0080382 0.00769552 0.007814747 0.008128526 1000
251 0.58 -5.5 0.3 0 0.00303597 0.002525871 0.001705193 0.002371682 0.003159279 1000 0.01011975 0.009637516 0.009420063 0.009464384 0.00957733 1000
252 0.7399998 4 0.5 -1 0.003815561 0.004002391 0.004181765 0.004454212 0.004492577 1000 0.007746226 0.00804217 0.008417101 0.008260094 0.008178903 1000
253 0.8399997 -5.5 0.6 0 0.003145922 0.003297274 0.004005434 0.003729705 0.004215099 1000 0.008235936 0.008210782 0.008020415 0.008088469 0.008659213 1000
254 1.239999 -5.5 0.7 -1 0.003829882 0.003014284 0.003562996 0.003184129 0.002550909 1000 0.007353805 0.007412147 0.007893706 0.007590836 0.008047118 1000
255 0.58 -5.5 0.3 0 0.003200887 0.002728843 0.003714206 0.004001666 0.003694271 1000 0.007080255 0.007361747 0.008026967 0.007068503 0.006667546 1000
256 1.1 -4.75 0.9 0 0.003051709 0.003347349 0.00343097 0.003350113 0.003515237 1000 0.00580597 0.006257239 0.006100778 0.005737042 0.005755699 1000
257 1.419999 -5.5 0.9 0 0.002742832 0.002669591 0.003086832 0.002482649 0.002400237 1000 0.006055619 0.006624829 0.006807439 0.00615908 0.005969306 1000
258 0.7599998 -4 0.5 1 0.003532348 0.004080915 0.003955211 0.003766526 0.004051051 1000 0.005900916 0.006414447 0.005963722 0.005389635 0.00596313 1000
259 0.9999996 4 0.6 -1 0.003844159 0.00353892 0.004544126 0.00581413 0.006204767 1000 0.00460518 0.006037288 0.005851518 0.006514432 0.005052194 1000
260 0.8999997 -4 0.8 0 0.007048102 0.00724808 0.007431652 0.007890665 0.007531032 1000 0.008075542 0.007601816 0.007797159 0.008278849 0.007856028 1000
261 0.8799997 -4 0.7 1 0.006730294 0.00411552 0.004088511 0.005594022 0.006657406 1000 0.006868901 0.00462358 0.002671964 0.005003409 0.005536722 1000
262 0.8999997 4 0.8 0 0.006788093 0.006988098 0.00672342 0.006270026 0.00705639 1000 0.00558405 0.005174872 0.00520316 0.005165437 0.006112824 1000
263 0.5000001 4 0.3 0 0.01026863 0.01015233 0.009156106 0.008635594 0.00878698 1000 0.01700332 0.01691201 0.01791997 0.01673811 0.01634011 1000
264 1.199999 -5.5 0.7 -1 0.008983416 0.008324948 0.00905774 0.009861164 0.008542448 1000 0.01680625 0.01760249 0.0169266 0.01632161 0.01650338 1000
265 1.239999 5.5 0.5 1 0.007682922 0.007951802 0.008996441 0.007846123 0.007852429 1000 0.01484939 0.01456222 0.01387827 0.01497336 0.01554916 1000
266 0.8999997 -4 0.5 -1 0.007962328 0.008014001 0.008468078 0.008544122 0.007622017 1000 0.01531249 0.01528919 0.01497288 0.01503119 0.01471506 1000
267 0.7599998 5.5 0.9 0 0.007794808 0.007240314 0.007055624 0.007286678 0.006307897 1000 0.01336702 0.01382702 0.0138984 0.01421505 0.01267024 1000
268 0.9399996 4.75 0.6 0 0.006431088 0.007044232 0.007127916 0.007109064 0.007523849 1000 0.01433454 0.01458417 0.01445005 0.01444842 0.01478363 1000
269 1.08 5.5 0.7 -1 0.00726185 0.007118977 0.006395116 0.007190611 0.008107339 1000 0.01476508 0.01439019 0.01486272 0.01498888 0.014644 1000
270 1.14 5.5 0.8 0 0.008500591 0.008008317 0.006953069 0.007477726 0.007739226 1000 0.01505848 0.01562181 0.01605631 0.01585162 0.01563619 1000
271 0.7999998 5.5 0.5 0 0.008197419 0.008216985 0.008734551 0.008534133 0.008128126 1000 0.01568547 0.01520096 0.01456356 0.01465504 0.01535146 1000
272 0.5000001 4 0.3 0 0.008218913 0.008119863 0.00805463 0.008846265 0.009586024 1000 0.0162065 0.01612447 0.01875431 0.01979317 0.01804757 1000
273 0.8799997 -4 0.7 -1 0.009452137 0.009802303 0.009612422 0.008816453 0.008109416 1000 0.01845344 0.01836931 0.01862748 0.01866026 0.0180303 1000
