trial Response_Time velH Occlusion_Duration velH_Subject xRotations_first0 xRotations_first1 xRotations_first2 xRotations_first3 xRotations_first4 xRotations_first5 yRotations_first0 yRotations_first1 yRotations_first2 yRotations_first3 yRotations_first4 yRotations_first5
1 0.38 -4 0.5 0 -0.01972383 -0.01668319 -0.01476368 -0.0127058 -0.01144818 1000 0.0008150283 0.002033133 0.002676832 0.001885147 0.002056124 1000
2 0.18 -4 0.5 1 -0.01086981 -0.01093919 -0.01074431 -0.01103721 -0.0110778 1000 0.002609387 0.00262905 0.002649985 0.002696807 0.002799464 1000
3 1.02 5.5 0.6 0 -0.01131612 -0.0113609 -0.01082195 -0.01107994 -0.01117224 1000 0.003446767 0.0034278 0.003764583 0.004267273 0.005685027 1000
4 0.24 5.5 0.5 -1 -0.008797328 -0.008761122 -0.008837246 -0.008771014 -0.008998209 1000 0.01571265 0.01553953 0.01577027 0.01551864 0.0155478 1000
5 0.36 4 0.5 1 -0.009340662 -0.009309725 -0.009368518 -0.009247094 -0.009649492 1000 0.0153113 0.01516541 0.0152068 0.01493538 0.01503976 1000
6 0.08 -4.75 0.5 1 -0.009471246 -0.009434068 -0.00919461 -0.009353662 -0.00945766 1000 0.01543483 0.01516437 0.01516448 0.01517674 0.01529504 1000
7 0.18 -4 0.4 0 -0.009318032 -0.00936027 -0.009325745 -0.009626789 -0.00964435 1000 0.01569508 0.01569037 0.01591592 0.01580316 0.01574321 1000
8 0.4600001 4 0.6 0 -0.009752496 -0.009675105 -0.009712659 -0.00961016 -0.009438949 1000 0.01610225 0.01587624 0.01610152 0.01580989 0.01585745 1000
9 0.52 5.5 0.6 1 -0.01014017 -0.01014378 -0.01006714 -0.01021832 -0.01011895 1000 0.01581115 0.01558624 0.01556787 0.01546908 0.01567488 1000
10 0.52 -4 0.5 0 -0.010229 -0.01026079 -0.01020701 -0.01013206 -0.01048425 1000 0.01524731 0.01540551 0.01540916 0.01529813 0.015458 1000
11 0.54 4.75 0.5 1 -0.01091151 -0.01094126 -0.01090232 -0.01083239 -0.01104697 1000 0.01542879 0.01575426 0.01555197 0.01543214 0.01552186 1000
12 0.26 5.5 0.3 0 -0.01186957 -0.01185825 -0.01176657 -0.0120511 -0.0125521 1000 0.0149553 0.01446228 0.0141966 0.01421048 0.01426173 1000
13 0.04 -5.5 0.1 0 -0.01280341 -0.01304954 -0.01278906 -0.01248276 -0.01289613 1000 0.01455751 0.01443486 0.01458507 0.01439809 0.0146625 1000
14 0.02 -4 0.5 0 -0.01377306 -0.0137933 -0.01388499 -0.01388812 -0.01370064 1000 0.01483475 0.01482182 0.0149819 0.01510311 0.01533925 1000
15 0.22 4 0.5 1 -0.01424524 -0.0140946 -0.01415373 -0.01458962 -0.01483147 1000 0.01507469 0.01503725 0.01434729 0.01435002 0.01439885 1000
16 0.02 -4.75 0.5 -1 -0.01523031 -0.01520519 -0.01536592 -0.01534904 -0.0151144 1000 0.01485427 0.01478717 0.01489924 0.0150832 0.01509591 1000
17 0.58 5.5 0.9 0 -0.01575278 -0.01575004 -0.01566426 -0.0154839 -0.01573552 1000 0.01528907 0.0153891 0.01515637 0.01510317 0.01482111 1000
18 0.2 4.75 0.6 0 -0.01679352 -0.0166034 -0.01656738 -0.01670741 -0.01674453 1000 0.01465898 0.01457972 0.01466752 0.01472911 0.01442176 1000
19 0.42 5.5 0.7 -1 -0.01689424 -0.01691747 -0.01681871 -0.01675276 -0.01677135 1000 0.01441828 0.01454555 0.01447583 0.01447487 0.01443858 1000
20 0.38 4 0.7 1 -0.01725542 -0.0174768 -0.0178347 -0.01790572 -0.01811348 1000 0.01340953 0.01320673 0.01326856 0.0134994 0.01324796 1000
21 0.28 -5.5 0.6 0 -0.01905564 -0.01917918 -0.01924782 -0.01908212 -0.01929176 1000 0.0133111 0.01306528 0.01310826 0.01308728 0.01319358 1000
22 0.42 -4 0.6 1 -0.02018365 -0.01949012 -0.01945966 -0.0201573 -0.02062813 1000 0.01369635 0.01390233 0.0139999 0.01403856 0.01359184 1000
23 0.14 -5.5 0.6 0 -0.02128169 -0.0212007 -0.02103739 -0.02091759 -0.02111597 1000 0.01515899 0.01502876 0.01524579 0.01528308 0.01511375 1000
24 0.16 -5.5 0.5 0 -0.02082796 -0.02052625 -0.02015269 -0.01951659 -0.01951916 1000 0.01551586 0.01568799 0.01543707 0.01503184 0.01496534 1000
25 0.4 5.5 1 0 -0.02071981 -0.02083389 -0.0209968 -0.0210427 -0.02128245 1000 0.01607614 0.01587708 0.01606017 0.01543529 0.01567807 1000
26 0.28 -4 0.6 1 -0.02178834 -0.02141774 -0.02132862 -0.02131843 -0.02131734 1000 0.01526365 0.01496889 0.01470421 0.01442825 0.01448599 1000
27 0.3 -4.75 0.9 0 -0.02040892 -0.02052764 -0.02062948 -0.0207874 -0.02086093 1000 0.0134798 0.01373417 0.01403819 0.01388479 0.01406252 1000
28 0.4400001 -4 0.6 0 -0.0206967 -0.02065245 -0.02067181 -0.02058037 -0.02068208 1000 0.01505502 0.0149948 0.01496775 0.01519 0.01515406 1000
29 0.34 -4.75 0.3 0 -0.02048013 -0.02026702 -0.02023499 -0.02024979 -0.0201845 1000 0.01526492 0.01529371 0.01538817 0.01539405 0.01545334 1000
30 0.4 4.75 0.3 0 -0.02072047 -0.02063961 -0.02087595 -0.02084562 -0.02068671 1000 0.0154103 0.01541158 0.01568731 0.0154655 0.01542433 1000
31 0.3 -4.75 0.8 0 -0.02101983 -0.02065014 -0.02024187 -0.02044602 -0.02068861 1000 0.01565077 0.01574866 0.01571277 0.01579859 0.01524352 1000
32 0.4400001 -5.5 0.6 -1 -0.02109197 -0.02090797 -0.02104232 -0.02119949 -0.0210945 1000 0.01459754 0.0148104 0.01485424 0.01492841 0.01495366 1000
33 0.36 -4 0.6 1 -0.02163387 -0.02137844 -0.02144533 -0.02160816 -0.02146097 1000 0.01546258 0.01538919 0.01542713 0.01540021 0.01544438 1000
34 0.32 5.5 1 0 -0.02144393 -0.02150599 -0.0214879 -0.02160572 -0.02141852 1000 0.01581834 0.01567982 0.01579423 0.01566595 0.01551116 1000
35 0.12 4.75 0.1 0 -0.02165728 -0.0215944 -0.0213211 -0.0214611 -0.02161851 1000 0.01433672 0.01425367 0.01471646 0.01509137 0.01520977 1000
36 0.04 -4 0.2 0 -0.02220947 -0.02196737 -0.02163737 -0.02150346 -0.02150526 1000 0.01465243 0.01441297 0.01494082 0.01488866 0.01495071 1000
37 0.24 -4.75 0.6 1 -0.02136958 -0.02141203 -0.02119307 -0.02091762 -0.02106681 1000 0.01542531 0.01535496 0.01563881 0.01560884 0.01579491 1000
38 0.22 -4.75 0.5 0 -0.02199134 -0.02189227 -0.02154019 -0.02152109 -0.02188973 1000 0.01595929 0.01590778 0.01586298 0.01601959 0.01622374 1000
39 0.24 -4.75 0.6 0 -0.02208525 -0.02206252 -0.02180924 -0.02160742 -0.02172423 1000 0.01631239 0.01653295 0.01635311 0.01686734 0.01701158 1000
40 0.3 -4.75 0.1 0 -0.02152174 -0.02160166 -0.02155331 -0.02140555 -0.02150644 1000 0.01716871 0.01664308 0.01661788 0.01628594 0.0162349 1000
41 0.4600001 -4 0.7 -1 -0.02202021 -0.02194512 -0.02163069 -0.02175852 -0.02186106 1000 0.01637981 0.0164128 0.01640454 0.01616915 0.01635266 1000
42 0.42 4.75 0.8 0 -0.02233936 -0.02220349 -0.02215796 -0.02233567 -0.02234809 1000 0.0168787 0.01676564 0.0163202 0.01624718 0.01610732 1000
43 0.16 4.75 0.2 0 -0.02253708 -0.02259745 -0.02245649 -0.02212312 -0.02234185 1000 0.01579101 0.01551963 0.01578062 0.01564213 0.01547435 1000
44 0.02 4.75 0.5 -1 -0.022983 -0.02274404 -0.02267394 -0.02270086 -0.02265638 1000 0.01627055 0.01624814 0.01627469 0.01620499 0.01588875 1000
45 0.4400001 -5.5 0.7 0 -0.02303193 -0.02293643 -0.02285514 -0.02287216 -0.02286896 1000 0.01531991 0.01508321 0.01515745 0.01561349 0.01554574 1000
46 0.24 -4 0.6 0 -0.02272981 -0.02269912 -0.02292266 -0.02297121 -0.02313365 1000 0.01636047 0.01612697 0.01651907 0.01638655 0.01619377 1000
47 0.54 -5.5 0.5 0 -0.02313945 -0.02324621 -0.02324494 -0.02354622 -0.0237739 1000 0.01564122 0.01573249 0.01553929 0.01546357 0.01552458 1000
48 0.28 5.5 0.5 0 -0.02358371 -0.02343949 -0.02362709 -0.02373573 -0.02384968 1000 0.01652684 0.01641302 0.01640197 0.01646795 0.01649777 1000
49 0.4400001 -4.75 0.6 1 -0.02352278 -0.02352394 -0.02360187 -0.02341578 -0.02370401 1000 0.01668647 0.01609449 0.01582027 0.01543788 0.01550404 1000
50 0.8599997 4 0.5 1 -0.02450881 -0.02462231 -0.0246479 -0.02428234 -0.02411314 1000 0.01593881 0.01618443 0.016206 0.01598674 0.01572081 1000
51 0.12 4 0.1 0 -0.02383788 -0.0238639 -0.0237509 -0.0238299 -0.02373102 1000 0.0162071 0.01651354 0.01661397 0.01649858 0.01644503 1000
52 0.6999999 -4.75 1 0 -0.02407784 -0.02404238 -0.0243376 -0.02424981 -0.02414787 1000 0.01623916 0.01618097 0.01599594 0.01606091 0.01610208 1000
53 0.6199999 5.5 0.7 1 -0.0239847 -0.02422566 -0.02386051 -0.02370019 -0.02390686 1000 0.0167101 0.01701589 0.01680527 0.01660455 0.01659105 1000
54 0.06 5.5 0.3 0 -0.02462945 -0.02458085 -0.02446571 -0.02438511 -0.02394354 1000 0.01635157 0.01637412 0.01640405 0.01610702 0.01600324 1000
55 0.34 4 0.7 0 -0.02387093 -0.0239415 -0.02377298 -0.02344646 -0.0235115 1000 0.01603285 0.01590068 0.01605613 0.01599878 0.01617183 1000
56 0.52 5.5 0.9 0 -0.02417797 -0.02441785 -0.02441303 -0.02429708 -0.02423842 1000 0.01456286 0.01473967 0.01472032 0.01506825 0.01481907 1000
57 0.26 -4.75 0.5 1 -0.02435133 -0.02453565 -0.02451068 -0.02427818 -0.02444963 1000 0.01552861 0.01550266 0.01555329 0.01559641 0.01585579 1000
58 0.09999999 -4.75 0.4 0 -0.02490984 -0.02520291 -0.02515651 -0.02490283 -0.0249075 1000 0.01530485 0.01539908 0.01535404 0.01531873 0.01551799 1000
59 0.6199999 5.5 0.7 1 -0.02474259 -0.02469709 -0.02449251 -0.02455533 -0.02452417 1000 0.01541701 0.01564863 0.0157502 0.01582376 0.01600631 1000
60 0.28 -5.5 0.6 -1 -0.02446968 -0.02458239 -0.02456119 -0.024718 -0.02470219 1000 0.01536113 0.01563305 0.01571749 0.0158739 0.0158206 1000
61 0.36 -5.5 0.5 -1 -0.02491577 -0.02500464 -0.02488389 -0.02485247 -0.02467407 1000 0.01671721 0.0166216 0.01694796 0.01691457 0.01693696 1000
62 0.08 -5.5 0.1 0 -0.02475937 -0.02472125 -0.02443646 -0.02433602 -0.02459141 1000 0.01687244 0.01680858 0.01685012 0.01666144 0.01666039 1000
63 0.28 -4.75 0.6 0 -0.02470336 -0.02466148 -0.02486312 -0.0248202 -0.02472028 1000 0.01683675 0.0165704 0.01684639 0.01693887 0.01698319 1000
64 0.4800001 -4.75 1 0 -0.02483874 -0.02413915 -0.02306838 -0.02302808 -0.02379619 1000 0.01749755 0.01777383 0.01849348 0.01815185 0.01766293 1000
65 0.4600001 -4 0.7 -1 -0.0227959 -0.01664474 -0.01034738 -0.005995319 -0.003984774 1000 0.01484688 0.01293706 0.0110545 0.01077653 0.01088969 1000
66 0.14 -4 0.6 1 -0.002859482 -0.002655812 -0.002909607 -0.003178329 -0.0031868 1000 0.009924514 0.01027209 0.0105307 0.0108156 0.01047553 1000
67 0.09999999 -4.75 0.2 0 -0.005526758 -0.005637152 -0.005696958 -0.005451726 -0.005200818 1000 0.01138252 0.01190807 0.01198383 0.01147798 0.01152897 1000
68 0.58 -5.5 1 0 -0.005488708 -0.005300383 -0.005367809 -0.005070481 -0.005496608 1000 0.01187173 0.01194201 0.0120395 0.01203797 0.01179142 1000
69 0.5000001 -4 0.6 1 -0.00667475 -0.006717507 -0.006620554 -0.006405066 -0.006098778 1000 0.01218345 0.01219649 0.0118034 0.01173559 0.0119012 1000
70 0.42 4.75 0.7 -1 -0.005819404 -0.006227964 -0.006015794 -0.006403205 -0.00663276 1000 0.01035974 0.01058803 0.01071192 0.01072257 0.01034892 1000
71 0.6399999 -4.75 0.8 0 -0.006303746 -0.006265869 -0.005966619 -0.005871097 -0.005976771 1000 0.01025981 0.009753285 0.0102052 0.01009981 0.01048653 1000
72 0.5000001 -4.75 0.4 0 -0.006385013 -0.006668832 -0.006528187 -0.00652894 -0.006435913 1000 0.01109954 0.01084924 0.01058981 0.01064742 0.01048275 1000
73 0.34 4.75 0.5 1 -0.006711209 -0.007065576 -0.007052621 -0.007052854 -0.006908565 1000 0.01128705 0.01141816 0.01128622 0.01143259 0.0112805 1000
74 0.6599999 -4 1 0 -0.006817401 -0.007190659 -0.007680577 -0.007453254 -0.00754102 1000 0.01109119 0.01143985 0.01108296 0.01066551 0.01075356 1000
75 0.6199999 -4.75 0.7 1 -0.007823414 -0.007881556 -0.007751517 -0.007707336 -0.007637073 1000 0.01154233 0.01183007 0.01161063 0.01178773 0.01187568 1000
76 0.9199997 4.75 0.5 -1 -0.00751246 -0.007259671 -0.007615675 -0.007955417 -0.007627945 1000 0.0117878 0.01134335 0.01158905 0.01197592 0.01214093 1000
77 0.4 -5.5 0.6 1 -0.0074706 -0.00726709 -0.007088462 -0.007394448 -0.007482313 1000 0.01207079 0.01186748 0.01115761 0.01087398 0.01135947 1000
78 0.56 4.75 0.9 0 -0.007578833 -0.007286262 -0.007214958 -0.007560862 -0.007433781 1000 0.01197148 0.01190799 0.01166981 0.01172027 0.01141516 1000
79 0.4600001 5.5 0.9 0 -0.00758268 -0.00756289 -0.007783291 -0.007696186 -0.007811766 1000 0.01155384 0.01156836 0.0116041 0.01179591 0.0115466 1000
80 0.9599996 4 0.5 -1 -0.00792339 -0.007893626 -0.007777401 -0.007703118 -0.007563667 1000 0.01152677 0.01159076 0.01168437 0.01137379 0.0113515 1000
81 0.52 4.75 0.5 -1 -0.008098979 -0.008255808 -0.008087211 -0.007696507 -0.007987336 1000 0.01180831 0.01166739 0.01160752 0.01144331 0.01129949 1000
82 0.36 -4 0.6 -1 -0.008993703 -0.008829223 -0.008782864 -0.008800616 -0.008557574 1000 0.01121014 0.01106297 0.01139994 0.0113024 0.01114903 1000
83 0.24 5.5 0.2 0 -0.008145817 -0.008021291 -0.007990343 -0.008084946 -0.008106016 1000 0.01172857 0.01140079 0.01152564 0.01132358 0.01123515 1000
84 0.5000001 -4 0.9 0 -0.008623397 -0.00856336 -0.008346194 -0.008267814 -0.008271568 1000 0.01018821 0.01026794 0.01058772 0.0106378 0.0104645 1000
85 0.42 4.75 0.6 1 -0.008573452 -0.00849727 -0.008404416 -0.008582045 -0.008454272 1000 0.01080569 0.01106164 0.01127497 0.01127415 0.01111548 1000
86 0.24 4.75 0.2 0 -0.009153994 -0.009245229 -0.009242829 -0.009122713 -0.009151336 1000 0.01073841 0.01089149 0.01121032 0.01094047 0.01070472 1000
87 0.18 5.5 0.5 0 -0.009205177 -0.009318 -0.009223119 -0.009010353 -0.008875146 1000 0.01167891 0.01166065 0.01168231 0.01154425 0.01178076 1000
88 0.34 4.75 0.6 -1 -0.009595081 -0.00944461 -0.009302047 -0.009992806 -0.009919494 1000 0.01166988 0.01193242 0.0117335 0.011738 0.0114522 1000
89 0.16 5.5 0.8 0 -0.009459361 -0.009532637 -0.009433169 -0.009385646 -0.009535091 1000 0.01137282 0.01121482 0.01129726 0.01168738 0.01151886 1000
90 0.26 5.5 0.5 0 -0.009652739 -0.00933178 -0.009191577 -0.009845678 -0.01185487 1000 0.01144722 0.01150278 0.01126354 0.01025453 0.0007376391 1000
91 0.52 4.75 0.3 0 -0.01074826 -0.01088849 -0.01066418 -0.0103643 -0.01031097 1000 0.005997802 0.006903591 0.006142524 0.006265328 0.006245689 1000
92 0.2 -5.5 0.6 1 -0.0110867 -0.01152912 -0.01165239 -0.01104219 -0.01111921 1000 0.00642185 0.006079073 0.006050807 0.006141273 0.006340758 1000
93 0.26 4 0.1 0 -0.01107472 -0.01129288 -0.01135936 -0.01105875 -0.01106732 1000 0.007264313 0.007246954 0.00749945 0.006985905 0.007120985 1000
94 0.3 -4.75 0.7 -1 -0.01135331 -0.01118242 -0.01132307 -0.01132843 -0.01137344 1000 0.007680599 0.007595646 0.007716962 0.008013111 0.007682567 1000
95 0.36 -4 0.7 1 -0.0116883 -0.01194514 -0.01212409 -0.01204161 -0.01183379 1000 0.007671248 0.008520738 0.008681634 0.008511102 0.008333006 1000
96 0.4800001 -4.75 0.5 -1 -0.01247558 -0.0124449 -0.0122661 -0.01211514 -0.01196717 1000 0.008418269 0.008246001 0.008227321 0.00832283 0.007931949 1000
97 0.5000001 4.75 0.4 0 -0.01231046 -0.0130173 -0.01331019 -0.01292693 -0.01283674 1000 0.008823443 0.008768818 0.008912948 0.009061159 0.00883376 1000
98 0.54 5.5 0.6 -1 -0.01286329 -0.01283593 -0.01264414 -0.01261475 -0.01261564 1000 0.009256646 0.009320389 0.009070527 0.009221848 0.008582812 1000
99 0.4600001 -5.5 0.4 0 -0.0123665 -0.01283481 -0.01312463 -0.01317279 -0.01283047 1000 0.007949863 0.007325005 0.007724521 0.008736214 0.008573813 1000
100 0.4600001 -5.5 0.5 1 -0.0123625 -0.01149441 -0.01062274 -0.0103652 -0.01019046 1000 0.008289903 0.008513773 0.008106307 0.008079531 0.007908082 1000
101 0.24 4 0.6 0 -0.001977598 0.0001808426 -0.0002049734 -0.0007207316 -0.0008718127 1000 0.01234518 0.01394163 0.01445399 0.0157362 0.01570187 1000
102 0.42 4 0.4 0 -0.001864135 -0.001982979 -0.002222389 -0.002150823 -0.002743277 1000 0.01728746 0.0172051 0.01769403 0.016989 0.01676839 1000
103 0.42 -4 0.5 0 -0.004252751 -0.0044812 -0.004332294 -0.004143736 -0.00425809 1000 0.01511482 0.01541603 0.01568027 0.01583452 0.01559661 1000
104 0.42 -4 0.6 0 -0.005096842 -0.004916772 -0.004695207 -0.004216011 -0.004060871 1000 0.01439641 0.01460877 0.01488843 0.01453654 0.01480909 1000
105 0.4400001 -5.5 0.5 0 -0.004776645 -0.004894391 -0.00580748 -0.006463631 -0.005892525 1000 0.01549175 0.01560763 0.01466359 0.01460357 0.01399272 1000
106 0.3 -4.75 0.1 0 -0.00627186 -0.006315629 -0.006263407 -0.006367017 -0.005836306 1000 0.01424315 0.01454983 0.01518191 0.01514162 0.01466486 1000
107 0.36 -4 0.8 0 -0.005465419 -0.005513679 -0.005414246 -0.005516315 -0.005892744 1000 0.01458301 0.01492886 0.01458412 0.01442443 0.01463509 1000
108 0.6199999 -4 0.2 0 -0.0067321 -0.006672727 -0.006513117 -0.006805164 -0.006846712 1000 0.01400567 0.01424837 0.01409118 0.01393141 0.01400011 1000
109 0.54 -4.75 0.8 0 -0.004527258 -0.004528168 -0.004221561 -0.004353966 -0.004290028 1000 0.01329769 0.01325603 0.01282304 0.01323877 0.01347827 1000
110 0.8999997 -5.5 1 0 -0.005168693 -0.004959529 -0.004712564 -0.004809468 -0.005045824 1000 0.01354338 0.01358982 0.01326013 0.01337027 0.01331034 1000
111 0.7199998 4 0.7 -1 -0.007215055 -0.007269938 -0.006717409 -0.006510071 -0.006469934 1000 0.01456637 0.01424024 0.01430926 0.01412096 0.0141576 1000
112 0.54 -5.5 0.6 0 -0.007891397 -0.007991124 -0.008007375 -0.008224288 -0.008008961 1000 0.01410658 0.01374953 0.01375025 0.01388475 0.01399387 1000
113 0.24 -4 0.2 0 -0.007495645 -0.007525183 -0.007230077 -0.006992583 -0.007357974 1000 0.01440638 0.01480969 0.01429075 0.01443093 0.01440726 1000
114 0.6 -5.5 0.7 0 -0.008284736 -0.00779746 -0.008155029 -0.00803708 -0.007413444 1000 0.01397044 0.01355835 0.0136234 0.01357453 0.01419499 1000
115 0.58 5.5 0.5 -1 -0.007075797 -0.005496634 -0.004906687 -0.005810246 -0.006421356 1000 0.0145425 0.01348407 0.01298266 0.01395537 0.01440677 1000
116 0.7599998 4.75 0.8 0 -0.007648914 -0.007992164 -0.007920426 -0.007776912 -0.007795233 1000 0.01328881 0.01345225 0.01339414 0.01371585 0.01343973 1000
117 0.34 -4.75 0.3 0 -0.008452259 -0.008125773 -0.008165714 -0.008340246 -0.008298066 1000 0.01345817 0.01292169 0.01280259 0.01259647 0.01285992 1000
118 0.58 4.75 0.5 0 -0.008429664 -0.008603465 -0.008485201 -0.008528743 -0.008489577 1000 0.01337394 0.01307416 0.01326273 0.01301439 0.01301295 1000
119 0.58 5.5 0.7 0 -0.008539002 -0.00859324 -0.008524839 -0.008385657 -0.008392273 1000 0.0124445 0.0128569 0.01267546 0.01246176 0.01243346 1000
120 0.7399998 -5.5 0.6 -1 -0.008859714 -0.009360136 -0.009343442 -0.008829924 -0.008908435 1000 0.01261402 0.01253965 0.01252877 0.01251622 0.01239311 1000
121 0.2 -4.75 0.5 0 -0.008937464 -0.008964379 -0.008906452 -0.00903034 -0.009295071 1000 0.01174718 0.01144968 0.01142714 0.01137547 0.01124837 1000
122 0.6199999 -4.75 0.7 -1 -0.009856914 -0.009692093 -0.009601393 -0.009669713 -0.009457935 1000 0.01141823 0.01140748 0.01118406 0.01166253 0.01160557 1000
123 0.2 -5.5 0.1 0 -0.009090109 -0.008789003 -0.008751705 -0.008750822 -0.008557488 1000 0.01249542 0.01295685 0.01261551 0.01258974 0.01241942 1000
124 0.54 -5.5 0.8 0 -0.00903672 -0.009214957 -0.009233695 -0.008991471 -0.009010361 1000 0.01228645 0.01224951 0.01248974 0.01233881 0.01236614 1000
125 0.38 4 0.5 0 -0.01285668 -0.01193665 -0.01061638 -0.01044887 -0.0104674 1000 -0.01619327 -0.01340927 -0.010081 -0.006510671 -0.00506382 1000
126 0.09999999 4 0.1 0 -0.01199691 -0.01240186 -0.01241862 -0.01211851 -0.01205736 1000 -0.00514108 -0.004900726 -0.004359687 -0.004499182 -0.00446672 1000
127 0.34 -4 0.7 0 -0.01146305 -0.01090205 -0.01034143 -0.01040201 -0.01067521 1000 0.002545126 0.006060623 0.006977908 0.006232375 0.005691794 1000
128 0.24 -4.75 0.4 0 -0.0121509 -0.01225649 -0.01201705 -0.01177919 -0.01193322 1000 0.005337202 0.005056751 0.005268562 0.005200944 0.005174371 1000
129 0.4 4.75 0.7 0 -0.01282782 -0.01308516 -0.01330328 -0.01310608 -0.01320496 1000 0.004774778 0.004986165 0.005358884 0.005018027 0.004648624 1000
130 0.5000001 -4 0.6 1 -0.01347396 -0.01359382 -0.01384574 -0.01359692 -0.01324037 1000 0.003122435 0.003295884 0.003384568 0.00382932 0.003926601 1000
131 0.6 -4.75 0.7 -1 -0.01260296 -0.01241655 -0.01227017 -0.01245884 -0.01288585 1000 0.004629225 0.004693088 0.00477771 0.004712687 0.005060953 1000
132 0.6399999 -5.5 1 0 -0.01267703 -0.01254718 -0.01249579 -0.01269746 -0.01278814 1000 0.004704586 0.004752571 0.004513291 0.004755255 0.004423907 1000
133 0.8599997 -4.75 0.6 0 -0.01329844 -0.01324967 -0.01323033 -0.01302524 -0.01304438 1000 0.004271047 0.004248786 0.004475767 0.004520989 0.0044678 1000
134 0.5000001 -5.5 0.4 0 -0.01304824 -0.01301059 -0.0131123 -0.01315265 -0.01292781 1000 0.004809989 0.005173649 0.005221217 0.005240457 0.005298088 1000
135 0.9599996 -5.5 0.7 -1 -0.01300447 -0.01325292 -0.01325531 -0.01309191 -0.01294979 1000 0.005938247 0.005644248 0.00514877 0.005409613 0.00535698 1000
136 0.7599998 -4.75 0.5 -1 -0.01409647 -0.01426228 -0.01410113 -0.01415647 -0.01403934 1000 0.006129535 0.006516027 0.006327312 0.006598167 0.006556117 1000
137 1.239999 -4.75 0.5 -1 -0.01378785 -0.01367234 -0.01359505 -0.01377354 -0.01383735 1000 0.006451675 0.006841932 0.00662952 0.007042296 0.007114745 1000
138 0.7599998 4 1 0 -0.0142956 -0.01414431 -0.01397589 -0.01388081 -0.01423993 1000 0.006072213 0.006068774 0.006227762 0.005983608 0.005937459 1000
139 1.299999 4.75 0.9 0 -0.01469855 -0.01498751 -0.01472567 -0.01449481 -0.01408068 1000 0.00596623 0.006011964 0.005845275 0.006485692 0.006625103 1000
140 0.9799996 5.5 0.7 0 0.004991087 0.005929525 0.006873335 0.006546282 0.005907057 1000 0.01347559 0.0105004 0.008138405 0.009067122 0.0109877 1000
141 0.9399996 4 0.8 0 0.005666959 0.005627506 0.005841602 0.0053189 0.005040617 1000 0.01137658 0.01164952 0.0110834 0.01104013 0.01101713 1000
142 0.7799998 -5.5 0.9 0 0.00414389 0.003883889 0.003690754 0.003844696 0.003791119 1000 0.01169832 0.01200195 0.01202412 0.01197647 0.01214335 1000
143 0.8599997 4 1 0 0.002578486 0.001983345 0.001874292 0.001699562 0.001812962 1000 0.01289637 0.01289851 0.013139 0.01290926 0.0127581 1000
144 0.58 5.5 0.6 0 0.0008516068 0.0009726263 0.001090984 0.001036471 0.0006523232 1000 0.01202508 0.01194962 0.01188186 0.01196318 0.01204896 1000
145 0.34 -4 0.7 1 0.0005140284 0.0004935745 0.0001035743 7.260346E-05 0.0003840187 1000 0.01218605 0.01211005 0.01202898 0.01200045 0.01201697 1000
146 0.22 -4 0.1 0 0.0007479707 0.0009053797 0.001324389 0.001116629 0.0006826433 1000 0.01223131 0.012146 0.01178173 0.01209736 0.01185918 1000
147 0.36 -4.75 0.8 0 0.0006966813 0.0004234284 0.0003203281 0.000446896 0.0005521505 1000 0.01277557 0.01251491 0.01246116 0.01237408 0.01240357 1000
148 0.58 4 0.6 1 0.001062108 0.0009620619 0.001112341 0.00124349 0.001132344 1000 0.01237782 0.01270441 0.01255809 0.01270937 0.01306063 1000
149 0.4400001 -5.5 0.2 0 0.0006468383 0.0008521692 0.0009130717 0.000843515 0.0007340357 1000 0.01360823 0.0140107 0.01359598 0.01343649 0.01357655 1000
150 0.4400001 -4.75 0.5 -1 -0.0003171603 -0.0001856866 2.054555E-05 -0.0002108541 -0.0001872549 1000 0.01239918 0.01285498 0.01251572 0.01253388 0.012717 1000
151 0.08 5.5 0.1 0 -0.0002252717 -0.0001347913 0.0002388864 0.0002015275 3.851109E-05 1000 0.01262171 0.01260877 0.01270949 0.01250015 0.01280423 1000
152 0.54 5.5 0.6 1 -0.0003039993 -0.0001919768 -0.0005607487 -0.0007777006 -0.0006503385 1000 0.01267606 0.01261719 0.012821 0.01258979 0.01250303 1000
153 0.8599997 -4.75 0.7 0 -0.0008258902 -0.001015363 -0.0008706625 -0.0008382763 -0.000947148 1000 0.01253837 0.01294364 0.0128324 0.01254335 0.01276674 1000
154 0.7999998 -4 0.5 1 -0.001091793 -0.001035868 -0.0004687838 -0.0004435764 -0.0008388981 1000 0.0121764 0.01250239 0.01242798 0.01243559 0.01285284 1000
155 0.8399997 5.5 0.7 1 -0.001416815 -0.0008734483 -0.00089521 -0.001049533 -0.0009489872 1000 0.01244866 0.01270077 0.01247313 0.01263592 0.01244613 1000
156 0.6799999 -5.5 0.7 -1 -0.001782962 -0.001688584 -0.001755723 -0.001954611 -0.001884369 1000 0.01243196 0.01263926 0.01238489 0.01268459 0.01250094 1000
157 0.56 5.5 0.6 -1 -0.001272768 -0.001321118 -0.001168998 -0.001173849 -0.001354913 1000 0.01215184 0.0124107 0.01245986 0.01252715 0.0127894 1000
158 0.7199998 -4 1 0 -0.002076756 -0.001987773 -0.002081904 -0.001746331 -0.001482999 1000 0.01271258 0.01224948 0.01229247 0.01251533 0.01268118 1000
159 0.4800001 4 0.5 1 -0.001753418 -0.00228464 -0.00240805 -0.002364537 -0.002291603 1000 0.01295495 0.01283274 0.01311172 0.01362445 0.01316939 1000
160 0.6999999 -4 0.8 0 -0.002519683 -0.00280925 -0.002868909 -0.002485734 -0.002386594 1000 0.01276099 0.0130909 0.01288672 0.01284031 0.01297907 1000
161 0.6199999 4.75 0.5 -1 -0.003049141 -0.002966757 -0.00348731 -0.003359136 -0.003331763 1000 0.01300246 0.01333371 0.01314351 0.01313451 0.01329041 1000
162 0.6799999 -5.5 0.7 1 -0.00425938 -0.004138815 -0.004261956 -0.004807401 -0.004941568 1000 0.01254815 0.0127657 0.0125722 0.01280247 0.01271558 1000
163 0.7599998 5.5 0.6 0 -0.004888177 -0.004869236 -0.004920066 -0.004914689 -0.004961988 1000 0.01256908 0.01264011 0.01270225 0.01315963 0.01276784 1000
164 0.4800001 4.75 0.7 1 -0.004539654 -0.004332348 -0.004593137 -0.004639295 -0.004447732 1000 0.01286024 0.01290195 0.01263883 0.0122823 0.01278374 1000
165 0.7399998 -4.75 0.6 -1 -0.004867248 -0.005315844 -0.005273662 -0.005010569 -0.004902356 1000 0.01292673 0.01354903 0.01312176 0.01293801 0.01313505 1000
166 0.6 5.5 0.1 0 -0.004359711 -0.004513111 -0.004922312 -0.004706407 -0.004917061 1000 0.01285237 0.0126854 0.01287389 0.01339067 0.01380646 1000
167 0.26 -4.75 0.2 0 -0.00597414 -0.005959719 -0.005639205 -0.005245764 -0.005335519 1000 0.012671 0.01268478 0.01261475 0.01262194 0.01269447 1000
168 0.36 -4.75 0.6 1 -0.004575268 -0.004771512 -0.005166069 -0.005095533 -0.004891568 1000 0.01263266 0.01290694 0.01278412 0.01271807 0.01299985 1000
169 0.4 -5.5 0.7 1 -0.005190325 -0.005340891 -0.004888108 -0.00496557 -0.005155335 1000 0.01270165 0.01286884 0.01238614 0.01253485 0.01254417 1000
170 0.8199998 4 0.8 0 -0.004970115 -0.004504657 -0.004567064 -0.005143374 -0.005270379 1000 0.01267454 0.01274976 0.01282959 0.01321436 0.01273227 1000
171 0.36 -4.75 0.2 0 -0.005370123 -0.005220628 -0.00485163 -0.005161028 -0.005173569 1000 0.0129543 0.01299804 0.0130881 0.01298254 0.01311058 1000
172 0.34 5.5 0.5 -1 -0.004650964 -0.004355624 -0.004505701 -0.004831102 -0.004851662 1000 0.01261066 0.01267755 0.01268312 0.01282012 0.0129126 1000
173 0.42 5.5 0.6 1 -0.005438168 -0.005555667 -0.005421224 -0.005294831 -0.005211066 1000 0.01266002 0.01277955 0.0126136 0.01275998 0.01267579 1000
174 0.4800001 4 0.6 -1 -0.005181623 -0.005179473 -0.005196755 -0.005079518 -0.004970148 1000 0.01283995 0.01272106 0.01292493 0.01264774 0.01279259 1000
175 0.32 4.75 0.6 1 -0.005855691 -0.006219791 -0.006277536 -0.005844734 -0.005983839 1000 0.01282965 0.01270305 0.01253926 0.01260348 0.01246864 1000
176 0.54 -4 0.7 1 -0.005333507 -0.005467878 -0.005192582 -0.005123078 -0.005341522 1000 0.01276601 0.01311979 0.01272366 0.01292929 0.01257067 1000
177 0.9199997 -5.5 0.9 0 -0.005956587 -0.00596837 -0.005918488 -0.005862586 -0.00623765 1000 0.0131053 0.01320985 0.01311278 0.01288351 0.0128106 1000
178 0.9599996 -4 0.9 0 -0.007047953 -0.006842562 -0.006297166 -0.006586372 -0.007005538 1000 0.01249532 0.01255514 0.01257984 0.01267308 0.01263439 1000
179 1.219999 -4.75 1 0 -0.006790788 -0.006962136 -0.006968309 -0.006973989 -0.006870444 1000 0.0125426 0.01274907 0.01284584 0.01273977 0.01307015 1000
180 1.159999 -4.75 1 0 -0.007885679 -0.007819988 -0.008100881 -0.008054535 -0.007693601 1000 0.01267258 0.01243689 0.01227462 0.01264935 0.01270263 1000
181 1.02 -5.5 0.7 -1 -0.008216912 -0.008112946 -0.008029546 -0.00833422 -0.008578663 1000 0.01270374 0.01284918 0.01245784 0.01292902 0.01271418 1000
182 0.7799998 4 1 0 -0.008251638 -0.008364988 -0.008259417 -0.008249119 -0.008238902 1000 0.01221248 0.01240822 0.01231154 0.01268462 0.01256717 1000
183 0.6199999 4 0.3 0 -0.008516137 -0.008748412 -0.0089458 -0.00851451 -0.008176197 1000 0.01308187 0.01272963 0.01301909 0.01284022 0.01298917 1000
184 0.38 5.5 0.2 0 -0.008602343 -0.008555664 -0.008245039 -0.008365974 -0.008596075 1000 0.01255811 0.01297112 0.01274863 0.01246041 0.01271083 1000
185 0.36 4.75 0.6 0 -0.009321423 -0.00924902 -0.009238999 -0.009067144 -0.009141639 1000 0.01274963 0.0124583 0.01263459 0.01228547 0.01234968 1000
186 0.52 4.75 0.6 -1 -0.009566341 -0.009843966 -0.009653708 -0.009351842 -0.009498636 1000 0.01233339 0.01209729 0.01227324 0.0120524 0.01245133 1000
187 0.52 5.5 0.6 1 -0.010715 -0.01046814 -0.01038538 -0.01041721 -0.01056101 1000 0.01189173 0.01230159 0.01203288 0.01197668 0.01177472 1000
188 0.4400001 4 0.4 0 -0.009703641 -0.009786085 -0.009968664 -0.009830139 -0.009770717 1000 0.01211238 0.01202682 0.01239327 0.01219761 0.01237102 1000
189 0.5000001 4.75 0.7 -1 -0.01065699 -0.01067872 -0.01068195 -0.01055747 -0.01050036 1000 0.0127473 0.01237082 0.01280219 0.01258188 0.01255671 1000
190 0.3 4.75 0.2 0 -0.01094705 -0.01091456 -0.01093164 -0.01098424 -0.01112248 1000 0.01208757 0.01229179 0.01214067 0.01234159 0.01257811 1000
191 0.4600001 -4.75 0.5 1 -0.01147383 -0.01140948 -0.01149395 -0.01132784 -0.01092476 1000 0.01253606 0.01266544 0.01256457 0.01250289 0.01250643 1000
192 0.6999999 4.75 0.6 -1 -0.0108238 -0.01070991 -0.01079541 -0.01083057 -0.01100131 1000 0.01217763 0.01222634 0.01250145 0.01230322 0.01253648 1000
193 0.58 -4 0.6 0 -0.01155107 -0.01180299 -0.01192478 -0.01174951 -0.01172629 1000 0.01193269 0.01227343 0.01196931 0.01196977 0.01202159 1000
194 0.7399998 4.75 0.6 0 -0.01082568 -0.01097197 -0.01127964 -0.01133162 -0.01163353 1000 0.01193937 0.01178829 0.01226161 0.01216967 0.01249844 1000
195 0.36 4 0.5 1 -0.01416713 -0.01348135 -0.01143122 -0.01152772 -0.01087213 1000 0.01321743 0.01422379 0.01260621 0.01382314 0.01454643 1000
196 0.34 -4 0.4 0 -0.006939678 -0.006400991 -0.005585905 -0.004651094 -0.003518755 1000 0.01198279 0.01318118 0.01248915 0.01196287 0.01254227 1000
197 0.28 -5.5 0.3 0 -0.001187825 -0.002249784 -0.002967501 -0.005103418 -0.007424348 1000 0.01256205 0.01239767 0.01006494 0.009183918 0.00828769 1000
198 0.02 -4 0.1 0 -0.01511986 -0.01602312 -0.01623379 -0.01559429 -0.01529951 1000 0.008106011 0.008644877 0.008751693 0.008817913 0.009233163 1000
199 0.7999998 4.75 0.9 0 -0.01490759 -0.01488159 -0.0146458 -0.01420644 -0.0143039 1000 0.009348087 0.009328781 0.009366205 0.009439699 0.009741088 1000
200 0.5000001 -5.5 0.7 0 -0.01549821 -0.01519668 -0.01486725 -0.01429795 -0.01443546 1000 0.008170716 0.008115809 0.008059489 0.008464298 0.007936382 1000
201 0.02 -4 0.5 1 -0.01083151 -0.009909702 -0.01059618 -0.01085024 -0.01031823 1000 0.008352936 0.009203371 0.009315526 0.009643003 0.009133748 1000
202 0.3 -4 0.5 -1 -0.01218744 -0.01239895 -0.01243384 -0.01225032 -0.01170128 1000 0.008712741 0.008631864 0.008590692 0.00872867 0.009124537 1000
203 0.56 4.75 0.7 0 -0.01265761 -0.01230935 -0.01232521 -0.0124034 -0.01232233 1000 0.008456898 0.008904729 0.008578551 0.009029955 0.009032257 1000
204 0.16 -4 0.6 1 -0.01232013 -0.01214195 -0.01198426 -0.0118997 -0.0117574 1000 0.009885807 0.01016123 0.009707927 0.01011407 0.01021844 1000
205 0.6799999 4 0.7 -1 -0.01300838 -0.01284492 -0.01224286 -0.01188287 -0.01200041 1000 0.009404906 0.009520671 0.01024802 0.009451637 0.01001531 1000
206 0.34 -4 0.7 -1 -0.01255467 -0.01259961 -0.01236735 -0.01232071 -0.01222853 1000 0.00926055 0.009506813 0.008982223 0.009324334 0.009226078 1000
207 0.3 -5.5 0.3 0 -0.01160968 -0.01131313 -0.01138879 -0.01177257 -0.01166503 1000 0.01018055 0.01024648 0.01016092 0.01014752 0.009909692 1000
208 0.5000001 -5.5 1 0 -0.0125077 -0.01219232 -0.01207186 -0.01216502 -0.01247142 1000 0.009674559 0.01023961 0.00972259 0.009765729 0.009662622 1000
209 0.6599999 -4.75 1 0 -0.01190128 -0.01195219 -0.01205885 -0.01206616 -0.01201529 1000 0.01038265 0.01028706 0.01054806 0.01021263 0.01046129 1000
210 0.42 5.5 0.7 0 -0.01251273 -0.01246295 -0.01261062 -0.01268146 -0.01303085 1000 0.01054199 0.01035177 0.01067835 0.0105284 0.0107863 1000
211 0.36 -4.75 0.6 0 -0.01365792 -0.01325003 -0.01305428 -0.013612 -0.01372573 1000 0.01047993 0.01085565 0.0103074 0.01013192 0.01026196 1000
212 0.6199999 -5.5 0.7 1 -0.01271048 -0.01281594 -0.0129349 -0.01268925 -0.01208048 1000 0.01082188 0.01091946 0.01082635 0.01095036 0.01120463 1000
213 0.6599999 4 0.5 0 -0.01401019 -0.01400526 -0.0136984 -0.01373157 -0.01383646 1000 0.0117859 0.01183121 0.01181166 0.01199317 0.01210358 1000
214 0.8399997 -5.5 0.9 0 -0.01341982 -0.0136803 -0.01374278 -0.01333205 -0.01340931 1000 0.01198428 0.01184945 0.01201482 0.01224228 0.0123834 1000
215 0.7399998 5.5 0.3 0 -0.01388144 -0.01413093 -0.01344916 -0.01388109 -0.01420311 1000 0.0121837 0.01271896 0.01246508 0.0123373 0.01291341 1000
216 0.6799999 -5.5 0.7 0 -0.01452861 -0.01472851 -0.01459389 -0.01430336 -0.01461293 1000 0.01262676 0.01259747 0.01244383 0.01261749 0.01264399 1000
217 0.6999999 5.5 0.6 0 -0.01391301 -0.01414349 -0.01460725 -0.01463422 -0.01461483 1000 0.01253644 0.01299891 0.01300689 0.01308214 0.01275533 1000
218 0.6199999 -4.75 0.5 0 -0.0148652 -0.01487647 -0.01536242 -0.01543899 -0.01531046 1000 0.0137982 0.01342896 0.01336577 0.01349253 0.0136216 1000
219 0.52 5.5 1 0 -0.01368664 -0.01135463 -0.01173939 -0.01200125 -0.01058463 1000 0.0145054 0.01141864 0.009733838 0.01226249 0.0118528 1000
220 0.02 5.5 0.2 0 0.01050172 0.01393453 0.01676528 0.01732139 0.01692613 1000 0.01409783 0.01543908 0.01449276 0.01388528 0.01366267 1000
221 0.58 4 0.9 0 0.0206655 0.02021088 0.01994455 0.01934158 0.01925375 1000 0.01746441 0.01688585 0.01672239 0.01669765 0.01673446 1000
222 0.9999996 5.5 0.5 0 0.01801853 0.01834631 0.01872517 0.01901961 0.01879307 1000 0.01684825 0.01681475 0.01664962 0.01670854 0.01746568 1000
223 0.9199997 -4.75 1 0 0.01890835 0.01864872 0.01869112 0.01869025 0.01896839 1000 0.01675856 0.01681019 0.01661115 0.01675173 0.01659117 1000
224 0.9799996 5.5 0.9 0 0.01828518 0.01791965 0.01779135 0.01796477 0.01874253 1000 0.01736243 0.01718105 0.01688473 0.01661343 0.01689823 1000
225 1.259999 -5.5 1 0 0.01860916 0.01860138 0.0179014 0.01762583 0.01805394 1000 0.01672682 0.01657894 0.01642497 0.01605088 0.01614932 1000
226 0.32 4.75 0.1 0 0.01747447 0.01706836 0.01694511 0.01709038 0.01743595 1000 0.01687306 0.01785242 0.01833335 0.01794298 0.01765412 1000
227 0.9599996 4.75 0.6 1 0.01833216 0.01877899 0.0188116 0.01861077 0.01862287 1000 0.01779791 0.0174205 0.01764471 0.01752349 0.01758194 1000
228 0.42 -5.5 0.2 0 0.01964772 0.01951963 0.01942421 0.01939214 0.01969395 1000 0.01833612 0.01886317 0.01892012 0.01906855 0.01907002 1000
229 0.9399996 -5.5 0.5 -1 0.02018953 0.02006787 0.02024611 0.02047272 0.02045911 1000 0.01924742 0.01899355 0.01881454 0.01900085 0.01904285 1000
230 0.9199997 -4 0.4 0 0.02001931 0.02038602 0.02079337 0.0210774 0.02056833 1000 0.0194142 0.0197228 0.01951866 0.01953768 0.01940323 1000
231 1.239999 4 0.7 -1 0.02050129 0.02062811 0.02050514 0.02013562 0.01989536 1000 0.01945415 0.01928298 0.01910593 0.019081 0.01916857 1000
232 0.7199998 4.75 0.7 0 0.02155581 0.02087993 0.02051068 0.0208216 0.0210437 1000 0.01898895 0.01978257 0.0192145 0.01925296 0.01924105 1000
233 0.7399998 -5.5 0.4 0 0.02196365 0.02210719 0.02203573 0.0219488 0.02187813 1000 0.01782365 0.0183735 0.0185749 0.0184787 0.018312 1000
234 0.8799997 4.75 0.5 1 0.02042322 0.02018878 0.02017247 0.02011289 0.02028508 1000 0.01840063 0.01867025 0.01929764 0.01856744 0.01888943 1000
235 0.6599999 -5.5 0.4 0 0.01972475 0.0200972 0.02001063 0.0199118 0.02013912 1000 0.01899066 0.01922409 0.01876602 0.01870789 0.01856026 1000
236 0.4800001 4 0.3 0 0.01937455 0.01914254 0.01924999 0.01929287 0.01911215 1000 0.01858071 0.01857345 0.01889545 0.01889367 0.01911671 1000
237 0.6399999 -4.75 0.6 0 0.01774844 0.01792788 0.01790692 0.01784016 0.01740624 1000 0.01929952 0.01936889 0.01894008 0.01925731 0.01915043 1000
238 0.8599997 -4.75 0.9 0 0.01665027 0.01665833 0.01696315 0.01718161 0.01734986 1000 0.01970521 0.0197403 0.01942931 0.01962347 0.01948065 1000
239 0.58 4.75 0.3 0 0.01689091 0.01671816 0.01701196 0.01733083 0.01727471 1000 0.01915449 0.01955778 0.01943478 0.01962212 0.01976848 1000
240 0.6799999 -4.75 0.7 0 0.01738405 0.01767067 0.01751535 0.01738483 0.01784272 1000 0.01946817 0.01976431 0.01950894 0.01949585 0.01914091 1000
241 0.32 5.5 0.1 0 0.01742055 0.01705397 0.01728578 0.01704373 0.01678531 1000 0.01925491 0.01944619 0.01912203 0.0190264 0.01919234 1000
242 0.4 -5.5 0.6 1 0.01614804 0.01601109 0.01613899 0.01610549 0.01620441 1000 0.01900393 0.01892429 0.01857263 0.01836399 0.0180248 1000
243 0.6199999 -4 0.8 0 0.01586114 0.01607367 0.01592153 0.01584012 0.01579771 1000 0.01766924 0.01772948 0.01765511 0.01764682 0.01740112 1000
244 0.8599997 -5.5 0.6 -1 0.01523301 0.01587404 0.01479295 0.01594208 0.01611116 1000 0.01807093 0.01971113 0.01890647 0.01789933 0.01967514 1000
245 0.02 -4.75 0.1 0 -0.001639345 -0.0003866423 0.002167769 0.00392285 0.001511416 1000 -0.01897617 -0.01878027 -0.0163442 -0.01349589 -0.01445906 1000
246 0.34 -4.75 0.7 -1 0.0001047787 0.002779209 0.005787929 0.00538897 0.004470441 1000 -0.01398286 -0.01607729 -0.01830548 -0.01953881 -0.01983666 1000
247 0.5000001 -4.75 0.5 0 -0.003948849 -0.005194817 -0.005445912 -0.005477291 -0.005271304 1000 -0.01892732 -0.02069464 -0.02574572 -0.02589044 -0.02343267 1000
248 0.18 4.75 0.1 0 -0.0030716 -0.00233653 -0.00107667 0.001616933 0.002208068 1000 -0.02144207 -0.0209049 -0.01930105 -0.007826119 0.003576656 1000
249 0.4 -4 0.5 1 0.0001758121 0.0003165517 0.0006851937 0.0006117069 0.001034907 1000 -0.002106481 -0.00187289 -0.002449436 -0.002413509 -0.00258586 1000
250 0.4600001 -4.75 0.5 1 -0.0002847572 -1.686156E-05 0.0003228733 0.0004282383 0.0006967026 1000 -0.00530317 -0.00532684 -0.005682286 -0.005274497 -0.005678977 1000
251 0.38 -5.5 0.7 -1 0.00212 0.0019025 0.001873856 0.00192755 0.001722299 1000 -0.005621875 -0.005570713 -0.005314447 -0.005127512 -0.005209826 1000
252 0.32 -4.75 0.2 0 0.0009308993 0.0007531557 0.0005886026 0.0005998737 0.0007265516 1000 -0.004759111 -0.004673983 -0.004722735 -0.004451525 -0.00442924 1000
253 0.4 -4 0.3 0 0.0009500784 0.0009901138 0.001388737 0.001383168 0.00116948 1000 -0.003208315 -0.003565585 -0.00335044 -0.003320866 -0.003314872 1000
254 0.6199999 4 0.6 1 0.001114596 0.001157781 0.001234333 0.00147408 0.001370211 1000 -0.003116291 -0.002895974 -0.003081206 -0.002971239 -0.003151185 1000
255 0.32 4.75 0.6 -1 0.001978176 0.00183017 0.002087211 0.002486365 0.002607324 1000 -0.002438431 -0.002512762 -0.002287859 -0.002472471 -0.002042263 1000
256 0.24 -4 0.3 0 0.001295422 0.001314679 0.001576198 0.00142731 0.001234264 1000 -0.001918001 -0.001635268 -0.00167777 -0.001680787 -0.001507339 1000
257 0.24 4 0.7 -1 0.001804606 0.001881064 0.002079906 0.002166769 0.002184643 1000 -0.00146591 -0.001479218 -0.001251455 -0.001500192 -0.001508191 1000
258 0.24 4 0.3 0 0.001747666 0.001564568 0.001315972 0.001006527 0.00115731 1000 -0.001303488 -0.001293508 -0.001353281 -0.001352962 -0.001565279 1000
259 0.6599999 -4.75 1 0 0.0005542752 0.0004339246 0.0007193152 0.000790631 0.0007967976 1000 -0.001994063 -0.001912639 -0.002060995 -0.001893092 -0.001993291 1000
260 0.28 -4 0.5 0 0.0007084436 0.000697137 0.0004539413 0.0003255059 0.0001145808 1000 -0.001569951 -0.00166089 -0.001593231 -0.001706316 -0.001406741 1000
261 0.52 -5.5 0.4 0 -0.000491304 -0.0008531364 -0.001056829 -0.001186149 -0.000894041 1000 -0.001241923 -0.001332822 -0.001419262 -0.001203035 -0.001276969 1000
262 0.4800001 5.5 0.4 0 -0.0007679383 -0.0005807587 -0.000581869 -0.0004101833 -0.0005850676 1000 -0.0008709627 -0.0007919496 -0.0008346189 -0.0008196255 -0.0008109673 1000
263 0.8599997 -4 1 0 -0.0003463373 -0.0005136793 -0.0007131494 -0.0004406729 -0.000474413 1000 -5.880293E-05 -8.817556E-05 -0.000101124 -0.0001635912 0.0003517441 1000
264 0.22 -4 0.2 0 -0.0006641768 -0.0009493543 -0.001384426 -0.00110989 -0.0007977279 1000 0.0003884825 0.0001156406 0.0006728215 0.0005549219 0.0007281349 1000
265 0.9399996 -4.75 0.7 1 -0.0009567693 -0.001179959 -0.001095279 -0.001033479 -0.001167735 1000 0.0008191381 0.0007077529 5.005658E-06 0.0004802671 0.0002596435 1000
266 0.7999998 -4.75 0.6 -1 -0.0006287897 -0.0002633242 -0.0004405376 -0.0004457951 -0.0002085715 1000 0.0009701874 0.0004600664 0.0007531738 0.0008041917 0.0009011317 1000
267 0.5000001 4 0.3 0 -0.0009081455 -0.0008888036 -0.0009644825 -0.0008348835 -0.0007782399 1000 5.433297E-05 0.0007370707 0.001324204 0.0009647703 0.0007348989 1000
268 0.8399997 -5.5 0.7 0 -0.0006767832 -0.0008578749 -0.0005202189 -0.0003990051 -0.0003104214 1000 0.001999825 0.002186395 0.001652748 0.002207869 0.002012123 1000
269 0.3 5.5 0.1 0 -5.496635E-05 0.0003243276 0.0006242353 0.0004941386 0.0003334429 1000 0.001943366 0.001936643 0.001333498 0.001536739 0.001851458 1000
270 0.4 5.5 0.5 1 -0.0003565991 -0.0004465805 -0.0007684402 -0.0008353648 -0.0005677452 1000 0.002726677 0.002241214 0.002124454 0.002355885 0.002629378 1000
271 0.58 4.75 0.6 1 -0.001407326 -0.001028245 -0.00111294 -0.00117245 -0.001102468 1000 0.003439357 0.003591488 0.003478365 0.003319506 0.003759789 1000
272 0.54 -5.5 0.6 -1 -0.001912888 -0.001562739 -0.001359425 -0.001707439 -0.001830905 1000 0.003931187 0.004110495 0.003977599 0.004359527 0.004182041 1000
273 0.6599999 -4 0.9 0 -0.001974163 -0.002100357 -0.002458555 -0.002550209 -0.002372088 1000 0.00344176 0.003430124 0.0034498 0.003648493 0.003241709 1000
