trial Response_Time velH Occlusion_Duration velH_Subject xRotations_first0 xRotations_first1 xRotations_first2 xRotations_first3 xRotations_first4 xRotations_first5 yRotations_first0 yRotations_first1 yRotations_first2 yRotations_first3 yRotations_first4 yRotations_first5
1 0.22 4 0.4 0 -0.01856712 -0.009269863 -0.002843969 -0.002294395 -0.002283826 1000 0.01297466 0.01156743 0.009604587 0.008582262 0.009291041 1000
2 0.6599999 4 1 0 -0.002923847 -0.002816402 -0.003184154 -0.003718223 -0.003527085 1000 0.01269863 0.01214587 0.01288133 0.01344447 0.01362674 1000
3 0.26 -5.5 0.2 0 -0.003764798 -0.004336637 -0.004916084 -0.004891132 -0.004952763 1000 0.01455519 0.01478598 0.01551626 0.01608421 0.01631439 1000
4 0.32 4.75 0.4 0 -0.004336931 -0.00451759 -0.004817802 -0.00474412 -0.004469669 1000 0.01651319 0.01686315 0.01667562 0.016749 0.01654751 1000
5 0.7799998 -4 1 0 -0.004797843 -0.004837081 -0.004672223 -0.004560275 -0.004756225 1000 0.01692949 0.01691045 0.01686866 0.01726143 0.01706654 1000
6 0.7399998 4 0.8 0 -0.005524406 -0.005699512 -0.005585549 -0.005454964 -0.0055837 1000 0.01754194 0.01733576 0.01730623 0.01731553 0.01744042 1000
7 0.6 -5.5 0.5 0 -0.006521239 -0.00667016 -0.006547813 -0.006109672 -0.005967176 1000 0.01714108 0.01657563 0.01702643 0.017134 0.01702022 1000
8 0.6999999 4.75 0.6 1 -0.006851834 -0.007174811 -0.00730486 -0.007260396 -0.007078904 1000 0.01807403 0.01838379 0.01805749 0.01785835 0.01792582 1000
9 0.38 4 0.5 1 -0.007161422 -0.007383743 -0.007222095 -0.007041619 -0.007080439 1000 0.01719861 0.01766507 0.01748363 0.01746828 0.01763663 1000
10 0.3 5.5 0.4 0 -0.007578674 -0.007681414 -0.007508485 -0.007222581 -0.007319318 1000 0.01787968 0.01796095 0.01811051 0.01800064 0.01804276 1000
11 0.8399997 4.75 0.8 0 -0.007334386 -0.007202119 -0.007155304 -0.007235641 -0.007125147 1000 0.01784179 0.01754817 0.01758418 0.01756996 0.01733636 1000
12 0.6399999 4 0.7 -1 -0.008094731 -0.008068365 -0.007981095 -0.007933893 -0.007905426 1000 0.01754939 0.01727562 0.0174046 0.01768752 0.01743635 1000
13 0.36 -5.5 0.2 0 -0.008338846 -0.008449113 -0.008485928 -0.008283269 -0.008008995 1000 0.01632739 0.01647294 0.01639302 0.0163932 0.01661163 1000
14 0.14 4 0.6 -1 -0.008714843 -0.008811546 -0.009013369 -0.009161214 -0.008797362 1000 0.0175649 0.01760582 0.0175788 0.01750538 0.01746034 1000
15 0.38 4.75 0.7 1 -0.009731553 -0.009352521 -0.009132839 -0.009433078 -0.009409855 1000 0.01737075 0.0173447 0.01713107 0.01750472 0.01716727 1000
16 0.4 -4 0.2 0 -0.01007798 -0.01031373 -0.009988072 -0.00952741 -0.009579938 1000 0.01710738 0.01749063 0.01753552 0.01753868 0.0176196 1000
17 0.09999999 -4.75 0.3 0 -0.01764413 -0.01662061 -0.01544771 -0.01556968 -0.01576005 1000 0.02159968 0.0226368 0.02148494 0.02135383 0.02114321 1000
18 0.5000001 5.5 0.4 0 -0.01646106 -0.01660052 -0.01662169 -0.01651735 -0.01670769 1000 0.02070627 0.02053872 0.0207396 0.02033475 0.02052213 1000
19 0.4 4 0.6 0 -0.01712805 -0.01689036 -0.01693528 -0.01733701 -0.01736149 1000 0.01948886 0.01948893 0.01932167 0.01951012 0.01946755 1000
20 0.9599996 -4.75 0.8 0 -0.01786575 -0.01805057 -0.01817861 -0.01782077 -0.01764312 1000 0.01898741 0.01918336 0.01904231 0.01910909 0.01885802 1000
21 0.6199999 5.5 0.6 1 -0.01858446 -0.01857482 -0.01845987 -0.01830989 -0.01859165 1000 0.02013317 0.01984294 0.01986393 0.01978658 0.01980921 1000
22 0.42 -5.5 0.8 0 -0.01834476 -0.01844515 -0.01839459 -0.01826156 -0.01813015 1000 0.0191926 0.01942617 0.01946877 0.01961401 0.01929832 1000
23 0.6399999 4.75 0.7 -1 -0.01803311 -0.01834224 -0.01851505 -0.01869076 -0.01873627 1000 0.02069219 0.02092766 0.02129272 0.02088764 0.02072994 1000
24 0.7599998 -5.5 0.8 0 -0.01968294 -0.01969316 -0.01947586 -0.0195402 -0.01959503 1000 0.01970226 0.01992558 0.02003103 0.02001694 0.02004384 1000
25 0.7199998 5.5 0.7 -1 -0.01933062 -0.01958582 -0.01973287 -0.01938989 -0.01922903 1000 0.02147106 0.02162972 0.02158053 0.02158156 0.02128436 1000
26 0.54 -4.75 0.7 1 -0.02100641 -0.02014282 -0.01990997 -0.02024767 -0.02022535 1000 0.01901625 0.01969828 0.0202172 0.02052993 0.02007618 1000
27 0.52 4.75 0.6 0 -0.02014685 -0.02007558 -0.02014113 -0.01993422 -0.01974588 1000 0.02171196 0.02180637 0.02180997 0.02150658 0.02127142 1000
28 0.42 -4 0.5 1 -0.01983454 -0.01953679 -0.01979246 -0.01975678 -0.01909946 1000 0.01849589 0.01817743 0.01884221 0.01897864 0.01840892 1000
29 0.6399999 5.5 0.7 -1 -0.01967086 -0.01997315 -0.01960761 -0.01910474 -0.01875973 1000 0.01946382 0.01975058 0.01966504 0.01971646 0.01936757 1000
30 0.4600001 -4 0.5 0 -0.02007836 -0.02031445 -0.02024992 -0.01976238 -0.01979057 1000 0.01889309 0.01865821 0.0189166 0.01881872 0.01879494 1000
31 0.32 -4 0.2 0 -0.02081899 -0.02069034 -0.02067107 -0.02070562 -0.02068313 1000 0.0194544 0.01968555 0.01978456 0.01968874 0.0196174 1000
32 0.4400001 4 0.4 0 -0.02073555 -0.02077639 -0.02053739 -0.02058326 -0.02067986 1000 0.01971028 0.01974069 0.01957941 0.01979443 0.02025602 1000
33 0.4400001 -4.75 0.2 0 -0.01963769 -0.01981484 -0.02015956 -0.01974673 -0.01964851 1000 0.01914212 0.01947096 0.01916963 0.01929473 0.01931477 1000
34 0.7799998 -5.5 0.5 1 -0.02024566 -0.0201164 -0.02006807 -0.02022563 -0.02011546 1000 0.02006794 0.01999409 0.02006577 0.02024835 0.02011743 1000
35 0.8999997 -5.5 0.5 0 -0.02177417 -0.02189615 -0.02182876 -0.02147184 -0.02141879 1000 0.02109586 0.02121622 0.02139178 0.02123083 0.02129343 1000
36 0.6199999 -4 0.5 1 -0.02096931 -0.02128024 -0.02146872 -0.02112584 -0.02136974 1000 0.02253941 0.02276296 0.02314091 0.02304493 0.02327316 1000
37 0.8999997 5.5 0.6 1 -0.02111054 -0.02108664 -0.02141901 -0.0213993 -0.02142264 1000 0.02419106 0.02401027 0.0238915 0.02356032 0.02372596 1000
38 0.22 -5.5 0.2 0 -0.02086856 -0.02065583 -0.02062128 -0.02065489 -0.02072283 1000 0.02461202 0.0242605 0.02434909 0.02401021 0.02417728 1000
39 0.4600001 -4 0.5 -1 -0.02072933 -0.02083964 -0.02066069 -0.02057126 -0.02080204 1000 0.02349775 0.02384729 0.0237578 0.0237546 0.02383912 1000
40 1.1 5.5 0.8 0 -0.02064297 -0.02083443 -0.0210348 -0.021066 -0.02060063 1000 0.02348259 0.02370901 0.02377324 0.02391844 0.02380497 1000
41 0.7799998 4 0.5 0 -0.02025224 -0.02047438 -0.02054739 -0.02004966 -0.01969827 1000 0.02278804 0.02289151 0.02278897 0.02270748 0.02248022 1000
42 0.7599998 5.5 0.6 -1 -0.02023666 -0.02021937 -0.02021746 -0.02005103 -0.02038325 1000 0.02370265 0.02339391 0.02350392 0.02339792 0.0231512 1000
43 0.58 4.75 0.5 0 -0.02034249 -0.02003668 -0.02034091 -0.02058791 -0.02081334 1000 0.02285392 0.02292932 0.0230378 0.02302077 0.02292936 1000
44 0.18 -4.75 0.1 0 -0.02184943 -0.02177925 -0.02153508 -0.0217638 -0.02176911 1000 0.02359192 0.0237415 0.02404422 0.02417432 0.02398754 1000
45 0.9599996 -5.5 1 0 -0.02247486 -0.02230731 -0.02201019 -0.02174386 -0.0218345 1000 0.02375054 0.02389822 0.02385136 0.02378979 0.02374375 1000
46 0.18 -5.5 0.1 0 -0.02228565 -0.02228928 -0.02226118 -0.02239518 -0.02252092 1000 0.02345155 0.02380468 0.02360796 0.02380334 0.02393341 1000
47 0.08 4.75 0.1 0 -0.02365435 -0.02364733 -0.0233319 -0.02299054 -0.02266796 1000 0.02453461 0.02478284 0.02496788 0.02464095 0.02441951 1000
48 0.52 -5.5 0.6 1 -0.02360529 -0.02370657 -0.02342834 -0.0234249 -0.02348912 1000 0.02429573 0.02427174 0.0242025 0.02423351 0.02409054 1000
49 0.7799998 4.75 0.7 0 -0.02367017 -0.02379037 -0.02349385 -0.02331271 -0.02316475 1000 0.02464239 0.02496605 0.02496754 0.02493723 0.0249246 1000
50 0.14 4 0.2 0 -0.01177725 -0.009626207 -0.0115689 -0.01273147 -0.01454789 1000 0.0162063 0.01710771 0.01734814 0.01580907 0.01355659 1000
51 1.499999 4 0.5 0 -0.01382257 -0.01530058 -0.01994 -0.01970762 -0.02037154 1000 0.005485056 0.004225421 0.003621564 0.006573304 0.007908564 1000
52 0.02 -4 0.1 0 -0.01258429 -0.009538276 -0.008758266 -0.009033335 -0.009231301 1000 0.01047733 0.009612868 0.006758395 0.007621482 0.007901413 1000
53 0.16 4 0.4 0 -0.00926673 -0.009185401 -0.008884811 -0.008307029 -0.00836427 1000 0.00923316 0.009229059 0.009483316 0.00951912 0.009510545 1000
54 0.18 -5.5 0.1 0 -0.01165036 -0.01199589 -0.01069723 -0.01150771 -0.01247608 1000 0.01137313 0.0126497 0.01080361 0.01199527 0.01166285 1000
55 0.54 -4 0.7 -1 -0.01073599 -0.01009792 -0.009925759 -0.009645768 -0.009239001 1000 0.01251559 0.01248545 0.01295819 0.01314455 0.01257362 1000
56 0.7799998 -4.75 0.6 1 -0.01117527 -0.01021875 -0.008808192 -0.008949051 -0.008749148 1000 0.01372406 0.01264475 0.01218612 0.01219626 0.01226553 1000
57 0.6799999 5.5 0.6 -1 -0.005244459 -0.005086942 -0.004744769 -0.004403602 -0.004337791 1000 0.01265573 0.01313362 0.01343801 0.01390522 0.01397022 1000
58 0.56 -4.75 0.7 1 -0.004493841 -0.004172959 -0.003663257 -0.003596864 -0.003305413 1000 0.01264094 0.01255963 0.01189087 0.01210125 0.01227415 1000
59 0.54 -5.5 0.5 0 -0.001901174 -0.001857882 -0.001901941 -0.001608592 -0.001251143 1000 0.01284477 0.01293924 0.01328199 0.01360941 0.01364305 1000
60 0.7199998 4.75 0.7 1 -0.001481133 -0.001350945 -0.001469286 -0.001610457 -0.001612662 1000 0.01422042 0.0142718 0.01471985 0.01471308 0.01478858 1000
61 0.6399999 -4.75 0.6 0 0.0003757348 0.0005649726 0.0002936126 0.0002026599 0.0008564496 1000 0.01460552 0.01522473 0.01568542 0.0154732 0.01512364 1000
62 0.16 -4.75 0.1 0 0.0006392382 0.0007000925 0.0004955053 0.0003559402 0.000491895 1000 0.01510764 0.01529282 0.01527191 0.01523591 0.01561849 1000
63 0.9199997 -5.5 0.8 0 0.0001588604 0.0003441957 0.001068686 0.0012943 0.001170255 1000 0.0145018 0.01499778 0.01533463 0.01521809 0.01499279 1000
64 0.7799998 -4.75 0.5 1 0.0006539415 0.001019536 0.001099727 0.0008501602 0.0009782389 1000 0.01592806 0.01585293 0.01590068 0.0163291 0.01553507 1000
65 0.8599997 -4.75 0.7 -1 0.001016852 0.0008252732 0.001104158 0.00116203 0.0009718738 1000 0.01581504 0.01603681 0.01611944 0.01607564 0.01622086 1000
66 1.02 5.5 0.8 0 0.002594087 0.003014291 0.003451125 0.00322624 0.003052307 1000 0.01344479 0.01355661 0.01390582 0.01387517 0.01375243 1000
67 0.24 -4.75 0.2 0 0.002305661 0.00200881 0.001932749 0.002005528 0.00171119 1000 0.01638446 0.01625296 0.01618102 0.01653134 0.01656509 1000
68 0.9799996 -4.75 1 0 0.001658323 0.001593101 0.001910234 0.00199035 0.001484248 1000 0.01539429 0.01550411 0.01569533 0.01550179 0.01549904 1000
69 0.54 -4 0.6 -1 0.001526542 0.001783067 0.001467287 0.001459384 0.00187959 1000 0.01496511 0.01477665 0.0152971 0.01503762 0.01505221 1000
70 1.279999 5.5 0.9 0 0.001440856 0.001653436 0.002034998 0.002092381 0.001877209 1000 0.01484656 0.01524235 0.01564998 0.01573613 0.01556464 1000
71 0.4600001 -4.75 0.4 0 0.002188653 0.002030019 0.001894485 0.001692155 0.001818573 1000 0.01720929 0.01734016 0.01740744 0.01670265 0.01646828 1000
72 0.7399998 4 0.7 0 0.001467634 0.001385843 0.0007265445 0.0003740873 0.0006113941 1000 0.01503496 0.01547538 0.01527344 0.01533172 0.01580281 1000
73 0.54 4.75 0.4 0 0.0004853042 0.000827234 0.0008648339 0.0007476358 0.0007265302 1000 0.0171282 0.01713784 0.0173221 0.01709537 0.01721711 1000
74 0.9199997 -5.5 0.7 0 0.0004653005 0.0006276139 0.000386405 0.0005397151 0.0005198492 1000 0.01704732 0.0171654 0.01762258 0.0173617 0.01734764 1000
75 0.7599998 -4 0.8 0 -0.0008845371 -0.000797969 -0.0007557061 -0.0009199274 -0.0009486606 1000 0.01602652 0.01592319 0.01609052 0.01617291 0.01615232 1000
76 0.3 5.5 0.2 0 -0.003119488 -0.003176004 -0.003178041 -0.002806402 -0.002854778 1000 0.01697695 0.0170331 0.01725101 0.01764966 0.01746614 1000
77 0.5000001 -4 0.5 -1 -0.003397859 -0.003226266 -0.003087547 -0.003041141 -0.003291823 1000 0.01753692 0.01773378 0.01774882 0.01752712 0.01774938 1000
78 1.239999 5.5 1 0 -0.003004518 -0.00363998 -0.003286395 -0.003057722 -0.002868148 1000 0.01596228 0.01609002 0.01641266 0.01667728 0.01682961 1000
79 0.7599998 5.5 0.5 -1 -0.003897258 -0.003997854 -0.003869691 -0.003973826 -0.004127345 1000 0.0175001 0.01754129 0.01726034 0.01779849 0.01803531 1000
80 0.09999999 4 0.1 0 -0.004700693 -0.004470679 -0.004299867 -0.004243246 -0.004366176 1000 0.0180876 0.01771476 0.01798364 0.01801342 0.01792223 1000
81 0.4400001 5.5 0.5 1 -0.004450271 -0.004546197 -0.00490187 -0.004813091 -0.004567565 1000 0.01802741 0.01827779 0.01822019 0.01851295 0.01837253 1000
82 0.8999997 -5.5 0.7 -1 -0.004879317 -0.004787831 -0.005061459 -0.004938221 -0.004979112 1000 0.01850884 0.01858368 0.01866709 0.01875341 0.01845241 1000
83 0.9399996 -4.75 0.9 0 -0.005717892 -0.005904058 -0.005805747 -0.005736995 -0.005797989 1000 0.0171409 0.0175429 0.01733398 0.01697882 0.01738231 1000
84 0.6199999 -4.75 0.5 -1 -0.006754085 -0.00694875 -0.006361724 -0.006149629 -0.006650066 1000 0.01745704 0.01775637 0.01778959 0.01744507 0.01772643 1000
85 0.7999998 -4 0.9 0 -0.007231252 -0.007219553 -0.007074631 -0.006732225 -0.006498469 1000 0.01770664 0.01771808 0.01798639 0.01793139 0.01767762 1000
86 0.16 4 0.2 0 -0.006843464 -0.006812753 -0.006812032 -0.006696104 -0.006695463 1000 0.01463227 0.01454952 0.0151036 0.01534857 0.01561005 1000
87 0.8399997 -5.5 1 0 -0.007475572 -0.007714679 -0.007519261 -0.007042532 -0.007072788 1000 0.01514081 0.01549564 0.01539251 0.01520445 0.01536297 1000
88 0.6199999 4 0.5 -1 -0.007635718 -0.007600083 -0.00754865 -0.007648262 -0.007626448 1000 0.01391656 0.01402254 0.0142183 0.01406136 0.01441061 1000
89 0.5000001 4.75 0.5 0 -0.00796318 -0.007977772 -0.008005239 -0.007569287 -0.00755083 1000 0.01494765 0.01489342 0.01482318 0.01477264 0.01501475 1000
90 0.4800001 4 0.6 1 -0.008729911 -0.008489132 -0.008126408 -0.008190076 -0.008077797 1000 0.01430111 0.0145059 0.01453164 0.01482428 0.01491731 1000
91 0.4600001 -4.75 0.5 1 -0.008159502 -0.008129637 -0.008255415 -0.008142897 -0.007728568 1000 0.01541786 0.01554081 0.01522325 0.01562196 0.01535465 1000
92 0.56 -5.5 0.5 0 -0.008481264 -0.00849079 -0.008357738 -0.008142276 -0.007943795 1000 0.01481777 0.01439738 0.01481941 0.01480885 0.01487569 1000
93 0.56 -4 0.7 -1 -0.008619425 -0.0089269 -0.009212924 -0.008697153 -0.008710179 1000 0.01490628 0.01506882 0.01524082 0.01505362 0.01521345 1000
94 0.56 5.5 0.7 -1 -0.009143199 -0.00852319 -0.008621043 -0.008826325 -0.008534482 1000 0.014358 0.01434854 0.01486748 0.01531721 0.01504932 1000
95 0.7799998 4.75 0.7 1 -0.009592396 -0.009439887 -0.009111715 -0.009033098 -0.009449782 1000 0.0146149 0.01449325 0.01449255 0.01453935 0.01474819 1000
96 0.7399998 -5.5 0.6 -1 -0.009758892 -0.009604039 -0.009687474 -0.009782823 -0.009635297 1000 0.01486763 0.01474389 0.01483372 0.01489292 0.01462093 1000
97 0.6599999 -5.5 0.6 -1 -0.009525223 -0.009778238 -0.01004884 -0.01010905 -0.009910566 1000 0.0142082 0.01423416 0.01473903 0.01447465 0.014619 1000
98 0.26 -5.5 0.1 0 -0.01031005 -0.009903264 -0.00972585 -0.009785387 -0.009864789 1000 0.01356383 0.01348708 0.0138105 0.0137092 0.01344173 1000
99 0.6 -4.75 0.7 0 -0.01029736 -0.01021523 -0.01018113 -0.0100261 -0.009748562 1000 0.01320615 0.01340899 0.01350462 0.01381285 0.01343828 1000
100 1.12 -5.5 0.5 0 -0.008397868 -0.008251355 -0.007433364 -0.005920173 -0.005190419 1000 0.01172904 0.01222529 0.01189812 0.01103607 0.01155778 1000
101 0.7399998 -4 0.9 0 -0.005816201 -0.00624115 -0.006739151 -0.006941218 -0.006506547 1000 0.01270883 0.01269935 0.01244919 0.01280497 0.01276827 1000
102 0.7999998 -5.5 0.7 0 -0.006062353 -0.005958076 -0.005502786 -0.0052513 -0.005033637 1000 0.0107966 0.01060676 0.01115801 0.01102374 0.01137332 1000
103 0.9599996 4.75 0.9 0 -0.0060216 -0.006193483 -0.00599078 -0.005732712 -0.005966275 1000 0.009641544 0.009631122 0.009921845 0.009977924 0.01014498 1000
104 0.8599997 4 0.9 0 -0.00471159 -0.004770267 -0.004922736 -0.005007141 -0.005043838 1000 0.01084878 0.01029135 0.01026706 0.01051756 0.01053953 1000
105 0.9599996 -5.5 0.7 -1 -0.005606339 -0.005876804 -0.005793798 -0.005380934 -0.005221121 1000 0.01105809 0.01081695 0.01066425 0.01064758 0.01036258 1000
106 0.6199999 -5.5 0.7 0 -0.005167013 -0.005160053 -0.005170493 -0.00491796 -0.004774175 1000 0.009696935 0.009556773 0.01011583 0.009802193 0.009543649 1000
107 0.42 4.75 0.5 1 -0.004495583 -0.004368972 -0.004611895 -0.004372909 -0.004134291 1000 0.008862427 0.008891392 0.009156563 0.008923857 0.009604966 1000
108 0.6999999 4.75 0.7 1 -0.004526017 -0.004825315 -0.004649127 -0.004102443 -0.004167241 1000 0.0113181 0.01123242 0.01138086 0.01133387 0.01171978 1000
109 0.7999998 4.75 0.7 -1 -0.003666904 -0.003772638 -0.003562115 -0.003345085 -0.003334686 1000 0.01268818 0.01267115 0.01259091 0.01236743 0.01318017 1000
110 0.54 4.75 0.5 0 -0.00371132 -0.003457157 -0.00364029 -0.00368242 -0.00358113 1000 0.01471058 0.01448169 0.01467403 0.01473357 0.01472009 1000
111 0.36 -4.75 0.4 0 -0.003154408 -0.002732193 -0.002552591 -0.002798522 -0.002839346 1000 0.0145542 0.01460745 0.01496421 0.0150622 0.01456018 1000
112 0.6799999 -4.75 0.7 1 -0.002936305 -0.002859965 -0.003210541 -0.003343821 -0.00274688 1000 0.01376135 0.01400792 0.013845 0.01405857 0.01360607 1000
113 0.6 5.5 0.6 -1 -0.002478573 -0.002405082 -0.002617179 -0.002693609 -0.002592017 1000 0.01093096 0.01094249 0.01140707 0.01176351 0.01233028 1000
114 0.18 -5.5 0.2 0 -0.00346379 -0.003355227 -0.003479214 -0.003307952 -0.003041749 1000 0.01317423 0.01320272 0.01313547 0.01313301 0.01298557 1000
115 0.6799999 4 0.9 0 -0.003957764 -0.003862362 -0.003991214 -0.003643711 -0.003431007 1000 0.01269031 0.01256251 0.01284001 0.0127809 0.01322279 1000
116 0.7199998 -4.75 0.5 0 -0.003425035 -0.003347517 -0.003503533 -0.003321014 -0.003257906 1000 0.01422001 0.01368677 0.01392789 0.01361782 0.01328459 1000
117 0.6199999 5.5 0.4 0 -0.003213416 -0.0032174 -0.003322362 -0.003009433 -0.002778169 1000 0.01149084 0.01195193 0.01257247 0.01233848 0.01303566 1000
118 0.7399998 -4 0.7 1 -0.001927414 -0.002175774 -0.002614529 -0.002237845 -0.001751183 1000 0.01519612 0.01530116 0.01507494 0.01437582 0.01379053 1000
119 0.6999999 4.75 0.4 0 -0.00182246 -0.001756093 -0.001765055 -0.001682087 -0.001874946 1000 0.01193316 0.01213298 0.01210234 0.01248666 0.01281102 1000
120 0.18 5.5 0.1 0 -0.003106396 -0.002851038 -0.002948006 -0.002956152 -0.002930318 1000 0.01359737 0.0134965 0.01350238 0.01357978 0.01348071 1000
121 0.9999996 -4.75 1 0 -0.002988096 -0.002867773 -0.002531825 -0.002199506 -0.002101511 1000 0.01285364 0.01286376 0.01281794 0.01245574 0.01227865 1000
122 0.8399997 4 0.7 1 -0.003681127 -0.003707243 -0.003934843 -0.003997355 -0.003946943 1000 0.0105055 0.01055088 0.01101458 0.01096361 0.01098657 1000
123 0.6399999 -4 0.6 0 -0.002639906 -0.00287322 -0.002975288 -0.002939748 -0.002756822 1000 0.012292 0.01255651 0.01241368 0.01261031 0.01222807 1000
124 0.6999999 4.75 0.4 0 -0.002917661 -0.003110451 -0.002959804 -0.002689869 -0.00252928 1000 0.01138216 0.01155355 0.01158807 0.01183865 0.01201855 1000
125 0.8399997 -5.5 0.6 1 -0.002397381 -0.002746507 -0.002656764 -0.002407478 -0.002484823 1000 0.0128925 0.01313767 0.01309762 0.01277305 0.01280585 1000
126 0.8599997 -5.5 0.6 1 -0.003158537 -0.003054097 -0.003023439 -0.002645203 -0.002494748 1000 0.01102315 0.0106664 0.01103568 0.01102969 0.01039442 1000
127 0.24 5.5 0.1 0 -0.004369418 -0.004378238 -0.004524127 -0.004125815 -0.003970861 1000 0.01173615 0.01147062 0.01186137 0.01174717 0.01154544 1000
128 0.28 -5.5 0.1 0 -0.004347002 -0.004506099 -0.003983885 -0.003465378 -0.003531926 1000 0.01106764 0.01073093 0.01077807 0.0107861 0.01087228 1000
129 0.9599996 -5.5 0.8 0 -0.004223137 -0.004113136 -0.00356685 -0.003303098 -0.003616867 1000 0.01108529 0.01118283 0.01126202 0.0110609 0.01109188 1000
130 1.179999 5.5 0.8 0 -0.003207874 -0.003039439 -0.002904509 -0.00280987 -0.002902911 1000 0.009485799 0.009547638 0.009881108 0.01021267 0.01081443 1000
131 0.8999997 -5.5 0.7 -1 -0.005476874 -0.005548207 -0.006024574 -0.00587356 -0.005497022 1000 0.01308057 0.01277941 0.01280932 0.01267647 0.01283592 1000
132 0.58 4 0.6 -1 -0.005245938 -0.005129887 -0.005461016 -0.005510605 -0.005202794 1000 0.0114547 0.0119452 0.01208549 0.0124827 0.0130054 1000
133 0.8999997 4.75 0.9 0 -0.005947331 -0.006171746 -0.006359683 -0.006106687 -0.005668106 1000 0.01280447 0.01236166 0.0126541 0.012343 0.01294728 1000
134 0.7599998 4 0.8 0 -0.005555654 -0.005466948 -0.005160964 -0.004959904 -0.00513011 1000 0.012624 0.0126675 0.01295462 0.01319767 0.01306888 1000
135 0.7999998 5.5 0.7 -1 -0.005898944 -0.005465019 -0.004887013 -0.004453258 -0.004316928 1000 0.01305597 0.01288463 0.01279761 0.01245793 0.01290978 1000
136 0.52 4 0.6 0 -0.002313001 -0.002590518 -0.001942591 -0.002739211 -0.004784828 1000 0.004010555 -0.001517679 -0.004910043 0.003269979 0.009040805 1000
137 0.7799998 -5.5 0.7 -1 -0.00417742 -0.003433526 -0.003367319 -0.003291093 -0.002931061 1000 0.01289832 0.01307329 0.01304052 0.01320277 0.01282787 1000
138 0.58 -5.5 0.6 0 -0.003101732 -0.003024451 -0.002963191 -0.0028174 -0.002451184 1000 0.008806791 0.009118982 0.008555464 0.008569379 0.008555449 1000
139 0.7199998 -5.5 0.7 -1 -0.001819095 -0.001963499 -0.002216537 -0.002132021 -0.001578042 1000 0.008047013 0.008308103 0.008261535 0.008190569 0.008413846 1000
140 0.7199998 5.5 0.5 1 -0.002648994 -0.002618228 -0.002248186 -0.002008694 -0.00246466 1000 0.005653178 0.005948545 0.006237298 0.005996475 0.006531649 1000
141 0.26 -4 0.3 0 -0.001844673 -0.001831778 -0.00186146 -0.00242951 -0.002277919 1000 0.007327765 0.007580105 0.007578624 0.007824799 0.007625183 1000
142 0.8399997 4.75 0.6 -1 -0.002402077 -0.002641738 -0.003068851 -0.002836114 -0.002581997 1000 0.006895156 0.006348137 0.006525925 0.006432875 0.006505129 1000
143 0.4600001 4 0.4 0 -0.003228478 -0.003412728 -0.003192117 -0.003108409 -0.003836311 1000 0.009360331 0.009254972 0.009481684 0.00948856 0.009741233 1000
144 0.52 -4 0.4 0 -0.004427852 -0.004405005 -0.004191084 -0.003632996 -0.003400888 1000 0.009616754 0.009739487 0.009537124 0.009272244 0.009023798 1000
145 1.1 -5.5 1 0 -0.002746449 -0.002951793 -0.002964763 -0.002950399 -0.003129078 1000 0.009267004 0.01013007 0.01027057 0.0098492 0.009812715 1000
146 0.8399997 -4.75 0.7 1 -0.004964075 -0.004926871 -0.004885416 -0.004612464 -0.004231406 1000 0.006633744 0.006418877 0.006409968 0.005946827 0.005746307 1000
147 0.8599997 -5.5 0.7 0 -0.005360831 -0.005693623 -0.005370158 -0.00523524 -0.005497734 1000 0.008751445 0.008885548 0.008828354 0.009076514 0.008619512 1000
148 0.52 4.75 0.3 0 -0.005231101 -0.004802948 -0.004632959 -0.004233523 -0.003658995 1000 0.007225204 0.007342763 0.007152145 0.007429 0.007435198 1000
149 0.7399998 -5.5 0.3 0 -0.005127432 -0.005219181 -0.005371583 -0.005264322 -0.004813394 1000 0.008094118 0.008171243 0.007867102 0.007803917 0.007598832 1000
150 0.9799996 -4 0.7 1 -0.003821639 -0.003026694 -0.002649688 -0.00253679 -0.002439715 1000 0.009976425 0.009571532 0.009224558 0.008388815 0.008240263 1000
151 0.5000001 5.5 0.2 0 -0.002011253 -0.001806499 -0.001717407 -0.001518507 -0.001111722 1000 0.007419121 0.008032348 0.008411119 0.009113825 0.009197187 1000
152 0.7599998 -4.75 0.4 0 -0.002841461 -0.002986175 -0.002552058 -0.002403748 -0.00196073 1000 0.008969037 0.009287126 0.009315683 0.00886625 0.008891283 1000
153 0.32 -4 0.2 0 0.0001456435 9.771405E-05 1.35606E-05 -1.976787E-05 7.053149E-05 1000 0.008658771 0.009194919 0.009845771 0.009250816 0.009245266 1000
154 0.36 -4.75 0.1 0 -0.001292417 -0.001600092 -0.001073237 -0.0008910778 -0.0009970858 1000 0.009236919 0.009725997 0.009402975 0.009428036 0.009377421 1000
155 0.6999999 -4 0.6 1 -0.0007359405 -0.0005583061 -2.055527E-05 0.0003698927 0.0006034776 1000 0.008919341 0.009185543 0.008771796 0.008685246 0.008681615 1000
156 0.8799997 -4.75 0.6 1 -0.001432801 -0.001175178 -0.000656213 -0.0009335601 -0.001069209 1000 0.009214781 0.009363176 0.009072886 0.009010571 0.008789798 1000
157 1.159999 4 1 0 0.0007132016 0.0006017481 0.0004528386 0.0007370899 0.0007143469 1000 0.007409389 0.008141063 0.009012739 0.008916737 0.009657612 1000
158 0.9599996 -5.5 0.5 1 -0.001697957 -0.001572329 -0.001278893 -0.0009552968 -0.0005799239 1000 0.01042826 0.01030815 0.01022284 0.009925898 0.009177719 1000
159 0.4600001 -4.75 0.1 0 -0.001066552 -0.0009985777 -0.0009684828 -0.001429436 -0.001835158 1000 0.01170819 0.01194832 0.01183764 0.01200018 0.01191944 1000
160 1.159999 -5.5 0.7 1 -0.001084826 -0.001052811 -0.000804245 -0.0003821032 -0.0002207827 1000 0.01098174 0.01077032 0.01090611 0.0105641 0.01016994 1000
161 0.8799997 -4 0.7 1 -0.002418649 -0.003126653 -0.00289973 -0.002546759 -0.002337409 1000 0.01004189 0.01013484 0.009552453 0.009257651 0.009220997 1000
162 0.8199998 -4 0.4 0 -0.002068251 -0.001759071 -0.00170884 -0.001611994 -0.001914817 1000 0.007777377 0.008653788 0.008506009 0.009135833 0.009116107 1000
163 1.239999 5.5 0.7 -1 -0.003646252 -0.003830277 -0.004327474 -0.004240524 -0.003616689 1000 0.01033694 0.01029982 0.01026783 0.01026551 0.009884984 1000
164 0.9599996 4 0.9 0 -0.003992709 -0.004355501 -0.004667116 -0.005002149 -0.005106093 1000 0.01157447 0.01190337 0.01127925 0.01156107 0.01156291 1000
165 0.4400001 4 0.1 0 -0.00532333 -0.005401488 -0.005381647 -0.005183839 -0.004629887 1000 0.01073933 0.01094661 0.0108498 0.01080921 0.01068712 1000
166 1.539999 -4.75 1 0 -0.004630933 -0.004882601 -0.00479892 -0.004707637 -0.00487848 1000 0.01382852 0.013814 0.01380754 0.01400339 0.01311046 1000
167 0.7599998 -5.5 0.2 0 -0.00530231 -0.005364767 -0.005222745 -0.005338009 -0.005215665 1000 0.01046341 0.01050985 0.01098113 0.01111888 0.01124459 1000
168 0.5000001 -4.75 0.1 0 -0.005883052 -0.005682302 -0.005481629 -0.005313668 -0.005305707 1000 0.01006395 0.009943684 0.01012856 0.009810107 0.00986384 1000
169 0.7199998 5.5 0.4 0 -0.004033488 -0.004068173 -0.004370452 -0.003856482 -0.003657779 1000 0.01095415 0.01094992 0.01196309 0.01215227 0.01236062 1000
170 0.7999998 4.75 0.3 0 -0.004870371 -0.005101106 -0.005025219 -0.004809755 -0.004879793 1000 0.01183181 0.01105971 0.01117784 0.01080514 0.0109886 1000
171 0.7999998 -4 0.3 0 -0.004765895 -0.004775312 -0.004484219 -0.004467766 -0.00450182 1000 0.01111129 0.01165505 0.01167914 0.01213435 0.01228229 1000
172 0.9599996 -5.5 0.5 1 -0.005629993 -0.005458763 -0.005313828 -0.005500458 -0.005660255 1000 0.01097297 0.01137759 0.01103888 0.01108969 0.01057311 1000
173 0.6199999 -4.75 0.3 0 -0.005220841 -0.00549821 -0.00583325 -0.005695036 -0.005391312 1000 0.003612917 0.004198608 0.003903914 0.004232145 0.004312831 1000
174 0.7599998 -5.5 0.5 0 -0.0109651 -0.01032795 -0.009725029 -0.00904971 -0.008470081 1000 0.004152579 0.003420141 0.003416728 0.003476126 0.003215643 1000
175 0.34 -4 0.1 0 -0.008038718 -0.008155242 -0.008385259 -0.008118861 -0.007834731 1000 0.004059474 0.004344736 0.004913063 0.004867345 0.004847489 1000
176 1.02 -5.5 0.7 -1 -0.008531403 -0.008200454 -0.0079046 -0.008028012 -0.008267421 1000 0.004105427 0.003766792 0.003977946 0.00356484 0.00334357 1000
177 0.6999999 -4 0.5 0 -0.007014123 -0.006872622 -0.007030844 -0.00710327 -0.007017514 1000 0.004128406 0.004637743 0.004426779 0.004543599 0.004385222 1000
178 0.54 -5.5 0.2 0 -0.007596916 -0.007530975 -0.007411278 -0.006977229 -0.006534907 1000 0.001796983 0.001794944 0.001885174 0.001503783 0.0006889559 1000
179 0.32 4.75 0.2 0 -0.006568598 -0.00678463 -0.006785227 -0.006866823 -0.00715117 1000 0.001796771 0.002527142 0.002978515 0.002868646 0.003129772 1000
180 1.1 -4 1 0 -0.007597275 -0.007897291 -0.008180439 -0.007840499 -0.007529326 1000 0.003128067 0.003058746 0.003216644 0.002652553 0.002687476 1000
181 0.6 5.5 0.1 0 -0.006345811 -0.006794863 -0.00695677 -0.007117235 -0.007256215 1000 0.003251585 0.003807268 0.003878148 0.003694929 0.003985767 1000
182 1.519999 5.5 1 0 -0.007448689 -0.007353029 -0.007320984 -0.007440879 -0.007205117 1000 0.003964427 0.003971641 0.00415507 0.00395754 0.003983715 1000
183 0.8199998 -5.5 0.5 1 -0.00884555 -0.008382238 -0.0083132 -0.008523132 -0.008528418 1000 0.006532463 0.006707031 0.006566824 0.006405271 0.006195807 1000
184 1.319999 -5.5 0.7 -1 -0.007352274 -0.006942912 -0.006870866 -0.006975414 -0.006922562 1000 0.004641677 0.004513377 0.005022824 0.00471898 0.005047482 1000
185 0.22 -4 0.1 0 -0.007993689 -0.00773902 -0.007653661 -0.007598498 -0.007600028 1000 0.005470238 0.005857761 0.005707957 0.005630608 0.005504572 1000
186 0.7399998 -4.75 0.5 0 -0.007778366 -0.007345407 -0.006747484 -0.006755386 -0.006674756 1000 0.005046923 0.005892962 0.005894324 0.006164719 0.006027973 1000
187 1.08 4.75 0.7 0 -0.007444545 -0.007909193 -0.008183937 -0.007886267 -0.007792791 1000 0.005590749 0.006085743 0.006060916 0.006207378 0.00612712 1000
188 1.179999 -4 0.8 0 -0.006913825 -0.007126525 -0.007328987 -0.00733993 -0.007334199 1000 0.007143701 0.00750998 0.007419417 0.007236398 0.007118613 1000
189 1.02 4.75 0.7 0 -0.006596716 -0.00698976 -0.006840985 -0.006698867 -0.006666897 1000 0.0049495 0.005294305 0.004880764 0.00521189 0.005247015 1000
190 1.519999 5.5 0.9 0 -0.008414529 -0.008461757 -0.008530482 -0.00831902 -0.008342334 1000 0.007940794 0.008222236 0.007599225 0.007721086 0.007459213 1000
191 0.9999996 4.75 0.6 0 -0.008257435 -0.00855171 -0.008978686 -0.009191624 -0.008904267 1000 0.008902828 0.009098338 0.008769781 0.008647326 0.008353593 1000
192 1.04 -4 0.7 1 -0.009354713 -0.009578772 -0.009563893 -0.009189201 -0.008760918 1000 0.007849144 0.008107025 0.007761572 0.007497121 0.007067943 1000
193 1.859999 4 0.6 1 -0.007099497 -0.00584541 -0.008844502 -0.01320338 -0.01936368 1000 0.01423173 0.01600991 0.01329765 0.01146239 0.01304572 1000
194 1.08 5.5 0.7 0 -0.01198198 -0.01181003 -0.01187189 -0.01207631 -0.01306914 1000 0.01227994 0.01267778 0.01300844 0.01246474 0.01189728 1000
195 1.04 5.5 0.6 0 -0.02022147 -0.02475727 -0.02520499 -0.02672172 -0.0280534 1000 0.01072739 0.01113422 0.01027462 0.009779035 0.01171435 1000
196 0.7999998 5.5 0.5 0 -0.02293564 -0.02207729 -0.02198373 -0.02259189 -0.02311026 1000 0.008090311 0.008337518 0.008037554 0.009055828 0.008948821 1000
197 1.14 -5.5 0.6 -1 -0.02371347 -0.02384269 -0.02421664 -0.02368868 -0.02346349 1000 0.00906189 0.009174957 0.009735269 0.009632594 0.009360585 1000
198 0.6199999 -4.75 0.3 0 -0.02275918 -0.02281935 -0.02292623 -0.02311884 -0.02293664 1000 0.008178492 0.008666418 0.008985941 0.008832783 0.009084272 1000
199 0.7999998 5.5 0.5 1 -0.02183757 -0.02205559 -0.02249676 -0.02237236 -0.02173796 1000 0.009219733 0.01009255 0.009467334 0.009589755 0.009369219 1000
200 0.7399998 -5.5 0.8 0 -0.02571116 -0.02647966 -0.02653826 -0.02646032 -0.02605642 1000 0.01025641 0.009953916 0.0100202 0.009480867 0.009525141 1000
201 0.6799999 -4.75 0.6 -1 -0.02450264 -0.02478627 -0.0250014 -0.02450233 -0.02428592 1000 0.01022646 0.01072512 0.0105391 0.0106027 0.01027723 1000
202 1.159999 -5.5 1 0 -0.01012439 -0.01226275 -0.01212375 -0.01183126 -0.01177199 1000 0.01092456 0.01066198 0.01063868 0.01041714 0.01006961 1000
203 0.7999998 -4 0.8 0 -0.01572595 -0.01597991 -0.01581144 -0.01539514 -0.01542262 1000 0.01123892 0.01086999 0.01100578 0.01098354 0.01078866 1000
204 0.9199997 -4 0.7 0 -0.01573551 -0.01544563 -0.01565628 -0.01549061 -0.01505153 1000 0.01014682 0.009765528 0.01037227 0.01037981 0.01101431 1000
205 0.6399999 -4 0.5 -1 -0.01507561 -0.01511944 -0.01562951 -0.01544984 -0.01477807 1000 0.01047336 0.01093202 0.01098399 0.01096355 0.01084417 1000
206 0.8199998 4 0.6 1 -0.01425341 -0.01426483 -0.01440118 -0.0145338 -0.01420021 1000 0.009918063 0.009903057 0.01044749 0.01037001 0.01058954 1000
207 0.3 4.75 0.1 0 -0.01488114 -0.01535263 -0.01540148 -0.01511464 -0.01501785 1000 0.01024881 0.01017917 0.01007647 0.009869761 0.009579718 1000
208 0.8599997 4.75 0.6 0 -0.01506932 -0.01497109 -0.01461198 -0.01449043 -0.01438087 1000 0.009257109 0.009444783 0.009435305 0.009890088 0.009864881 1000
209 0.9799996 -4 1 0 -0.01619361 -0.01614241 -0.01621101 -0.01637913 -0.01645637 1000 0.01019747 0.009647179 0.009665465 0.009285041 0.009257047 1000
210 0.54 -5.5 0.3 0 -0.01632051 -0.01662491 -0.01674145 -0.01659865 -0.01646749 1000 0.00957599 0.01013017 0.00980592 0.009529413 0.009660817 1000
211 1.02 -4 0.9 0 -0.01637341 -0.01624149 -0.01637631 -0.01645015 -0.01641272 1000 0.009682947 0.009508412 0.009720104 0.009478818 0.00959443 1000
212 0.8199998 -4 0.7 0 -0.01664872 -0.0168216 -0.0170814 -0.01687549 -0.01694089 1000 0.01059425 0.01029446 0.0105893 0.01048605 0.01053867 1000
213 1.06 -4 0.7 1 -0.01705014 -0.01653637 -0.01672059 -0.01692261 -0.01689231 1000 0.01025248 0.01026904 0.0102664 0.01003835 0.009902768 1000
214 0.8999997 4 0.7 0 -0.01719205 -0.01682255 -0.01675211 -0.0167192 -0.01689366 1000 0.01097645 0.01086011 0.01089572 0.01083892 0.01041476 1000
215 0.36 4 0.2 0 -0.01703833 -0.0169831 -0.01694845 -0.01707549 -0.01715918 1000 0.008834598 0.008926174 0.008839589 0.009237286 0.008926598 1000
216 1.14 4.75 0.6 1 -0.01803611 -0.01777107 -0.01808455 -0.01828578 -0.01803276 1000 0.009451398 0.00947305 0.009372519 0.009313122 0.008709555 1000
217 0.9199997 4 0.7 1 -0.0169901 -0.01711014 -0.01720533 -0.01731084 -0.01713227 1000 0.008397604 0.008728334 0.008793563 0.008458211 0.008375546 1000
218 1.219999 5.5 0.7 1 -0.01845429 -0.01807686 -0.01797849 -0.01834233 -0.01816511 1000 0.008079444 0.007735783 0.007700204 0.007779221 0.007640986 1000
219 1.279999 5.5 0.7 1 -0.01751055 -0.01763793 -0.01813499 -0.01785618 -0.01837937 1000 0.008139985 0.008165011 0.008138142 0.008035867 0.00800576 1000
220 1.639999 -5.5 1 0 -0.02123897 -0.02085501 -0.02037895 -0.02006262 -0.0205182 1000 0.008111337 0.008445961 0.008310702 0.008346404 0.008500976 1000
221 0.7999998 4 0.7 0 -0.0213422 -0.02120466 -0.02061716 -0.02039238 -0.02094194 1000 0.008939412 0.008999372 0.009147678 0.009017438 0.009068321 1000
222 0.6799999 4.75 0.6 -1 -0.02152372 -0.02088352 -0.02053416 -0.02107575 -0.02093935 1000 0.009675156 0.009675618 0.009727607 0.009837508 0.00986487 1000
223 1.159999 5.5 0.9 0 -0.02149992 -0.02105153 -0.02135959 -0.02121663 -0.0209058 1000 0.008849847 0.00892171 0.008971625 0.008694486 0.008586211 1000
224 0.42 -4 0.1 0 -0.02280414 -0.0218078 -0.02242225 -0.02271421 -0.02242681 1000 0.00903023 0.009596164 0.009679681 0.00940743 0.009430736 1000
225 0.9799996 -4.75 0.5 -1 -0.02288101 -0.02216757 -0.0217927 -0.02169921 -0.02178582 1000 0.0105337 0.01025199 0.01071428 0.01074024 0.01091722 1000
226 0.7799998 -4 0.7 1 -0.02215834 -0.02231913 -0.02242285 -0.0218987 -0.02148369 1000 0.009950626 0.01018991 0.009878321 0.01004683 0.01007013 1000
227 1.02 4.75 0.6 1 -0.02150066 -0.02187994 -0.0216626 -0.02135544 -0.021394 1000 0.01105486 0.01127015 0.01125953 0.0111027 0.01065997 1000
228 0.5000001 -4.75 0.2 0 -0.02203005 -0.02216009 -0.02192988 -0.02198554 -0.02209572 1000 0.009341781 0.009212248 0.00914728 0.008970154 0.00903983 1000
229 1.179999 -4 0.7 0 -0.02121888 -0.02119092 -0.0215556 -0.02138674 -0.0213464 1000 0.01018583 0.01016431 0.01002697 0.01000942 0.009742557 1000
230 1.519999 4.75 1 0 -0.02179944 -0.02128599 -0.02136797 -0.02169077 -0.02150084 1000 0.008864298 0.008874808 0.009298984 0.009046755 0.009258899 1000
231 0.58 -4.75 0.5 0 -0.02218839 -0.0226131 -0.02327862 -0.02335464 -0.02271013 1000 0.008337921 0.007878195 0.008216302 0.007754894 0.007726763 1000
232 0.7199998 -4 0.3 0 -0.02277262 -0.02314391 -0.02292014 -0.02307118 -0.02330071 1000 0.008684553 0.008668152 0.008878576 0.008568574 0.00889761 1000
233 1.08 -5.5 0.5 0 -0.02226073 -0.02284829 -0.02284705 -0.02293676 -0.02300544 1000 0.008540198 0.008264131 0.008269491 0.008039283 0.008100749 1000
234 1.259999 -4.75 0.7 -1 -0.02367886 -0.02322698 -0.02299749 -0.02339107 -0.02339917 1000 0.008049942 0.00829903 0.008003335 0.008317246 0.007999412 1000
235 1.06 -4 0.4 0 -0.02244422 -0.02263151 -0.02299179 -0.02314052 -0.02291343 1000 0.008774305 0.008800295 0.008528224 0.008500982 0.008598532 1000
236 1.479999 5.5 0.8 0 -0.02344872 -0.02370675 -0.02409279 -0.02372142 -0.02356879 1000 0.008061578 0.008184773 0.008475812 0.008180052 0.008272654 1000
237 0.42 4 0.4 0 -0.02442737 -0.02457043 -0.02464094 -0.02421703 -0.02425897 1000 0.008105368 0.008215489 0.008308368 0.008368436 0.008426594 1000
238 1.219999 -4 0.8 0 -0.02436725 -0.02429278 -0.02386421 -0.02304103 -0.02336038 1000 0.007823103 0.007922445 0.008136497 0.007857564 0.008022611 1000
239 0.2 -4.75 0.1 0 -0.024418 -0.02384 -0.02373804 -0.02397422 -0.02427408 1000 0.008042602 0.008235766 0.007944884 0.008042512 0.007944378 1000
240 0.9999996 5.5 0.5 0 -0.02397171 -0.02380648 -0.02354259 -0.02300135 -0.02284878 1000 0.007828361 0.007756217 0.008097466 0.007963656 0.007860038 1000
241 0.8999997 -4 0.5 -1 -0.02398811 -0.02435162 -0.02407347 -0.02392707 -0.02415871 1000 0.008342925 0.008391198 0.008157507 0.008359239 0.008274997 1000
242 1.04 5.5 0.6 0 -0.02364286 -0.02351038 -0.02381516 -0.02427314 -0.02412965 1000 0.007683565 0.007786219 0.007835351 0.007671196 0.007689663 1000
243 1.619999 4.75 1 0 -0.02234038 -0.02227874 -0.02230568 -0.02224646 -0.02226685 1000 0.009081054 0.009428166 0.009392077 0.009636048 0.009899232 1000
244 0.9999996 -5.5 0.5 0 -0.02311525 -0.02363757 -0.02431669 -0.02478825 -0.02440485 1000 0.01042676 0.01013123 0.00986201 0.009977417 0.009785079 1000
245 1.219999 -4.75 0.5 0 -0.02354496 -0.0233388 -0.02287337 -0.02260392 -0.02230361 1000 0.008806454 0.009091936 0.008883337 0.009101906 0.009414335 1000
246 0.8399997 -4 0.7 1 -0.02254991 -0.0213067 -0.01924255 -0.01864859 -0.01911389 1000 0.0100394 0.01022532 0.01036051 0.01010303 0.009681878 1000
247 0.7599998 4 0.5 1 -0.01889437 -0.01921843 -0.01979927 -0.01930547 -0.01849105 1000 0.002321301 0.003170694 0.002843877 0.003516396 0.003051823 1000
248 0.8199998 -4.75 0.7 -1 -0.01285394 -0.008666769 -0.008253128 -0.01317532 -0.01592954 1000 0.01474431 0.008862467 0.009477954 0.007011794 0.01062851 1000
249 0.4600001 -4.75 0.2 0 -0.0135162 -0.01490366 -0.01323349 -0.01058425 -0.01018009 1000 0.00977652 0.008703114 0.009207789 0.005235175 0.008979104 1000
250 0.7199998 -4 0.6 -1 -0.01154027 -0.01196597 -0.01407438 -0.01513591 -0.01630002 1000 0.009187768 0.006376077 0.00465382 0.00847914 0.008665625 1000
251 0.6999999 -4 0.5 1 -0.01896193 -0.01856448 -0.01543466 -0.01293571 -0.009772715 1000 0.01553565 0.02076687 0.0170879 0.008940798 0.008815183 1000
252 1.319999 -5.5 0.9 0 -0.005279671 -0.00651557 -0.007233751 -0.004794639 -0.003901334 1000 0.008428766 0.008382505 0.01085703 0.01004884 0.01169449 1000
253 0.6999999 4 0.7 0 -0.013099 -0.01416963 -0.01487461 -0.01667991 -0.01681436 1000 0.006968577 0.006261561 0.007430232 0.008032238 0.007634296 1000
254 1.239999 4 1 0 -0.02019475 -0.02008582 -0.02021397 -0.02004718 -0.0197736 1000 0.006256985 0.005679001 0.005917868 0.006069028 0.00588853 1000
255 1.1 4 0.9 0 -0.01763442 -0.0176474 -0.01773352 -0.01771722 -0.01699765 1000 0.009380698 0.009581367 0.009805851 0.009953083 0.009937367 1000
256 1.299999 -4.75 0.9 0 -0.01909846 -0.01925799 -0.01937544 -0.01959432 -0.0194234 1000 0.01401173 0.01642081 0.01710557 0.01782565 0.01651102 1000
257 0.8399997 -5.5 0.5 -1 -0.01820672 -0.01855554 -0.01868093 -0.01844065 -0.01818667 1000 0.01237437 0.01284849 0.01249158 0.01261923 0.01259565 1000
258 0.9599996 -4 0.6 -1 -0.0199189 -0.01947977 -0.01939969 -0.01963569 -0.01950076 1000 0.0119366 0.01277141 0.01267187 0.01303212 0.01282518 1000
259 0.9799996 5.5 0.6 -1 -0.01899751 -0.01897302 -0.01892131 -0.01906428 -0.01921945 1000 0.01319439 0.01330505 0.01375375 0.01351194 0.01346802 1000
260 1.499999 5.5 0.9 0 -0.02069993 -0.02007757 -0.01966756 -0.01995923 -0.0199229 1000 0.01314141 0.01351073 0.01353019 0.01344014 0.01316115 1000
261 1.02 -4.75 0.6 1 -0.02147473 -0.02082662 -0.02022419 -0.02038298 -0.02111333 1000 0.01229717 0.01251801 0.01218077 0.0112701 0.01145839 1000
262 0.5000001 4 0.3 0 -0.02157867 -0.02154764 -0.02155776 -0.02153091 -0.02150802 1000 0.01278174 0.01296728 0.0127663 0.01331292 0.01282818 1000
263 0.8399997 5.5 0.4 0 -0.02213376 -0.02190462 -0.02149183 -0.02159983 -0.02158616 1000 0.01195223 0.01258718 0.01242595 0.01254341 0.01226683 1000
264 1.319999 -5.5 0.6 0 -0.02183986 -0.02219976 -0.02289911 -0.02407008 -0.02422789 1000 0.01381264 0.01357015 0.0121414 0.01273616 0.01258466 1000
265 1.239999 -4.75 0.5 -1 -0.02311305 -0.01997587 -0.01855042 -0.02083336 -0.02035601 1000 0.008572747 0.01066918 0.01152098 0.008037797 0.01106802 1000
266 1.339999 4 1 0 -0.01142174 -0.01331397 -0.01406578 -0.01254914 -0.01297161 1000 0.004507644 0.003038669 0.003647019 0.004585122 0.004332107 1000
267 0.58 5.5 0.1 0 -0.0192848 -0.01969366 -0.01987786 -0.01975572 -0.01944954 1000 0.006196592 0.006579875 0.006406377 0.006231663 0.006622201 1000
268 0.3 -4 0.1 0 -0.02041138 -0.02017727 -0.020057 -0.0197506 -0.01994755 1000 0.006829756 0.007733739 0.008691573 0.00824878 0.008073946 1000
269 0.7199998 -4 0.5 1 -0.0200479 -0.01982998 -0.01960831 -0.01941474 -0.01934311 1000 0.008537257 0.008280639 0.008150565 0.007940163 0.00831785 1000
270 0.6 -4 0.5 0 -0.01795059 -0.01734965 -0.01716946 -0.01727717 -0.01774081 1000 0.007318472 0.007559199 0.007460684 0.007807681 0.007543437 1000
271 1.199999 -4 0.6 1 -0.01779322 -0.01781351 -0.01783935 -0.01729812 -0.01728371 1000 0.009028915 0.009130646 0.009555429 0.008999659 0.009328251 1000
272 0.7799998 -5.5 0.5 -1 -0.01599571 -0.01580429 -0.01534194 -0.01514603 -0.01516928 1000 0.01065967 0.01081014 0.01065665 0.01065854 0.01057377 1000
273 0.6199999 -5.5 0.6 0 -0.01602453 -0.01591595 -0.01590433 -0.01592545 -0.01586068 1000 0.01052289 0.01027989 0.01065743 0.01035514 0.01053305 1000
