trial Response_Time velH Occlusion_Duration velH_Subject xRotations_first0 xRotations_first1 xRotations_first2 xRotations_first3 xRotations_first4 xRotations_first5 yRotations_first0 yRotations_first1 yRotations_first2 yRotations_first3 yRotations_first4 yRotations_first5
1 0.42 5.5 0.4 0 -0.01979316 -0.02152186 -0.01889633 -0.01712562 -0.01618459 1000 -0.006601565 -0.004304168 -0.001696481 -0.001466892 -0.0006809211 1000
2 0.5000001 -5.5 0.5 1 -0.02343649 -0.01844592 -0.01583894 -0.01635232 -0.01351792 1000 -0.007642793 -0.008286727 -0.008447377 -0.008413132 -0.009216948 1000
3 0.8199998 -5.5 0.8 0 -0.01691018 -0.01624202 -0.01607978 -0.0162186 -0.01624412 1000 0.005748491 0.003670788 0.004350761 0.005061409 0.003971333 1000
4 0.16 -5.5 0.1 0 -0.01655202 -0.01648369 -0.01669364 -0.01686818 -0.01753144 1000 0.006286471 0.006918791 0.007163185 0.007190548 0.007129692 1000
5 0.56 -4.75 0.5 1 -0.01609301 -0.01587896 -0.01594098 -0.01610557 -0.01547678 1000 0.008189402 0.00834755 0.00906985 0.008417305 0.008335068 1000
6 0.58 5.5 0.5 1 -0.01477425 -0.01448696 -0.01394848 -0.01447676 -0.0140778 1000 0.009462235 0.009490157 0.01017108 0.009821245 0.009751392 1000
7 0.52 4.75 0.5 1 -0.01319238 -0.01310005 -0.01288858 -0.01251775 -0.01289556 1000 0.008980214 0.009174737 0.009186128 0.009366817 0.009475353 1000
8 0.7999998 -5.5 0.8 0 -0.01156716 -0.01182412 -0.01222675 -0.01275124 -0.01189961 1000 0.009938236 0.01005045 0.01032861 0.009569791 0.009312174 1000
9 0.7199998 -4 0.5 1 -0.01268562 -0.01287586 -0.01328409 -0.01262029 -0.01323035 1000 0.009174244 0.01022379 0.0104701 0.009902145 0.01063891 1000
10 0.58 -4 0.5 1 -0.01360006 -0.0135912 -0.01450097 -0.0141156 -0.01457596 1000 0.01078904 0.01071438 0.01168356 0.01130176 0.01149114 1000
11 0.6 5.5 0.4 0 -0.01510114 -0.01553665 -0.01562465 -0.01493528 -0.0151699 1000 0.01209414 0.01199672 0.01246522 0.01269067 0.0126425 1000
12 0.2 5.5 0.2 0 -0.01669715 -0.01642331 -0.01621058 -0.01570853 -0.01561139 1000 0.01205515 0.01210521 0.01265641 0.01267287 0.01303116 1000
13 0.7199998 5.5 0.7 -1 -0.01859564 -0.02026599 -0.02081145 -0.01690311 -0.01825328 1000 0.0102081 0.01227411 0.01836714 0.02126927 0.0273995 1000
14 0.4400001 -4 0.5 1 -0.01198518 -0.0110557 -0.01072013 -0.01309809 -0.01370345 1000 0.01874215 0.01631964 0.01296382 0.009778103 0.01135594 1000
15 0.56 4.75 0.6 -1 -0.01490393 -0.01480598 -0.01478635 -0.01334698 -0.01506538 1000 0.01336404 0.01157777 0.0125873 0.01120347 0.01207472 1000
16 0.52 -4.75 0.4 0 -0.01720453 -0.01725624 -0.01730444 -0.01733387 -0.0174555 1000 0.01291609 0.01250196 0.01264192 0.01274839 0.01291117 1000
17 0.8799997 4 0.8 0 -0.01983097 -0.01928768 -0.01873431 -0.0191802 -0.01946229 1000 0.01493537 0.01501236 0.0150619 0.01480926 0.01534568 1000
18 0.2 -4 0.1 0 -0.01970561 -0.01995228 -0.01969009 -0.02012745 -0.01982448 1000 0.0144849 0.01451518 0.0148398 0.01469683 0.01456066 1000
19 0.6599999 -4.75 0.5 0 -0.01992937 -0.02029533 -0.02060229 -0.02050886 -0.02024705 1000 0.01471208 0.0149827 0.01487801 0.01449086 0.01456111 1000
20 0.4 4 0.2 0 -0.01996102 -0.02017089 -0.01958046 -0.01934115 -0.01931008 1000 0.0143738 0.01424053 0.01474481 0.0150951 0.01517025 1000
21 0.22 5.5 0.2 0 -0.0205985 -0.01954376 -0.01963355 -0.01944425 -0.01932788 1000 0.01443327 0.01423241 0.01447856 0.01379329 0.01422756 1000
22 0.9199997 -5.5 0.7 -1 -0.01971485 -0.01980531 -0.01987094 -0.01942264 -0.01947408 1000 0.01362269 0.01338975 0.01317942 0.0130867 0.01300123 1000
23 0.4600001 -5.5 0.4 0 -0.01968426 -0.01983199 -0.01963846 -0.01951483 -0.01977195 1000 0.01227429 0.01294603 0.01289531 0.01307668 0.01264533 1000
24 0.7399998 4 0.7 1 -0.01911067 -0.01918068 -0.01892643 -0.01888598 -0.01952218 1000 0.01218999 0.01233835 0.01260785 0.01303264 0.01337176 1000
25 0.26 -4.75 0.2 0 -0.01945661 -0.01957522 -0.01964974 -0.01956166 -0.02015822 1000 0.01321817 0.01340977 0.01335722 0.01334836 0.0128722 1000
26 0.6799999 -4 0.6 1 -0.0195889 -0.01902927 -0.01922451 -0.01889725 -0.01832327 1000 0.01191788 0.01305416 0.01278922 0.01282748 0.01312096 1000
27 0.7199998 -5.5 0.6 -1 -0.01905015 -0.0193094 -0.01969005 -0.01897156 -0.01921002 1000 0.01323461 0.01348199 0.01386805 0.013652 0.01387257 1000
28 0.54 4.75 0.5 -1 -0.01969582 -0.01996168 -0.01898082 -0.01870955 -0.01881579 1000 0.01283429 0.0126568 0.0129887 0.01335969 0.01396537 1000
29 0.6999999 4 0.5 -1 -0.02072828 -0.02045567 -0.02088832 -0.02048298 -0.0199723 1000 0.01660909 0.01648035 0.01659413 0.01659965 0.01694208 1000
30 0.4400001 5.5 0.4 0 -0.02102529 -0.02030123 -0.02066922 -0.02051097 -0.02024683 1000 0.01537117 0.0156697 0.01625481 0.01606912 0.01623717 1000
31 0.6199999 -4.75 0.6 1 -0.01998831 -0.01965177 -0.02005054 -0.01944617 -0.0194396 1000 0.0155096 0.01541089 0.01555188 0.01478142 0.01403936 1000
32 0.6399999 4 0.4 0 -0.02021142 -0.02032346 -0.02011001 -0.02051104 -0.0198576 1000 0.009047694 0.009525234 0.0102043 0.01012348 0.01074874 1000
33 0.7999998 4.75 0.8 0 -0.02092613 -0.02019432 -0.01981905 -0.01959307 -0.01985949 1000 0.01050259 0.01025318 0.0101916 0.01042846 0.01071795 1000
34 0.7399998 4 0.8 0 -0.02048557 -0.02024681 -0.02039957 -0.01926561 -0.01995248 1000 0.01025557 0.01095233 0.01093311 0.01105496 0.01158298 1000
35 0.4400001 -4.75 0.4 0 -0.02038526 -0.02114808 -0.02080031 -0.02126889 -0.02147576 1000 0.01112484 0.01109417 0.01088602 0.0108871 0.01100267 1000
36 0.26 -4.75 0.3 0 -0.02103143 -0.02097204 -0.02060641 -0.02073085 -0.02077656 1000 0.01012496 0.01047803 0.0107161 0.010879 0.01035725 1000
37 0.5000001 4.75 0.5 -1 -0.02106332 -0.02137103 -0.02128665 -0.02071289 -0.02016617 1000 0.006350137 0.007474177 0.006895052 0.006695459 0.007124354 1000
38 0.6199999 -5.5 0.7 0 -0.02093297 -0.02094356 -0.02030404 -0.02066774 -0.02071518 1000 0.006156514 0.005648118 0.005659879 0.004488459 0.004607159 1000
39 0.52 -5.5 0.8 0 -0.02217555 -0.0224989 -0.02159067 -0.02192551 -0.02175048 1000 0.008790772 0.008309803 0.009303818 0.008767262 0.008030755 1000
40 0.26 4.75 0.2 0 -0.02065791 -0.02055018 -0.02044651 -0.02002342 -0.02042614 1000 0.01051804 0.008393966 0.009467858 0.01051489 0.009780402 1000
41 0.6399999 4 0.5 0 -0.02118922 -0.02077758 -0.02028898 -0.02017179 -0.02004731 1000 0.008178496 0.008233024 0.00837372 0.007825674 0.008210968 1000
42 0.7599998 -4.75 0.7 1 -0.02045248 -0.01972504 -0.01909945 -0.01907744 -0.01935949 1000 0.006769195 0.007445356 0.007376528 0.0068038 0.006645803 1000
43 0.8199998 5.5 0.5 -1 -0.02115988 -0.02064666 -0.02040097 -0.02049561 -0.02029262 1000 0.005696683 0.005920221 0.006558892 0.006847863 0.009598066 1000
44 0.8399997 4 0.7 0 -0.0219933 -0.02193518 -0.02192792 -0.02176876 -0.02151427 1000 0.0115424 0.009654983 0.009174907 0.01007556 0.01053543 1000
45 1.08 4.75 1 0 -0.02206056 -0.02199958 -0.0216674 -0.02182873 -0.02246256 1000 0.009033543 0.008928841 0.008551797 0.008313715 0.007017068 1000
46 0.16 4 0.1 0 -0.02369214 -0.02368184 -0.02352297 -0.02366541 -0.02337612 1000 0.008442664 0.008787477 0.008617597 0.008545002 0.009080626 1000
47 0.26 -5.5 0.2 0 -0.02306998 -0.02273428 -0.02231063 -0.02274141 -0.02293455 1000 0.006504622 0.006588007 0.005858121 0.003338741 0.001044512 1000
48 0.16 -4 0.1 0 -0.02328588 -0.02269258 -0.02214383 -0.02242624 -0.02248503 1000 0.0001376177 0.0009145227 0.0007244094 0.0006233301 0.001368278 1000
49 0.7399998 5.5 0.7 1 -0.0232064 -0.02326644 -0.02276414 -0.02272728 -0.02265697 1000 0.0007418169 0.001243995 0.00143489 0.001822146 0.004192572 1000
50 1.04 4.75 0.7 0 -0.02469731 -0.0257118 -0.03200455 -0.044082 -0.05194057 1000 0.003650827 0.002635618 0.003558157 0.003720078 0.01081266 1000
51 0.7599998 4 0.5 0 -0.007789187 -0.009567804 -0.01115403 -0.0115485 -0.01220136 1000 -0.005153265 -0.004364132 -0.004477399 -0.004770294 -0.003602025 1000
52 0.6999999 5.5 0.3 0 -0.01325255 -0.01353752 -0.01316532 -0.01272825 -0.01267114 1000 -0.003465141 -0.003334873 -0.003049583 -0.002965341 -0.002166617 1000
53 1.319999 4.75 0.8 0 -0.01253389 -0.01298333 -0.01304626 -0.01253037 -0.01299918 1000 -0.003406769 -0.003082297 -0.00240753 -0.001352264 -9.870044E-05 1000
54 0.38 4.75 0.2 0 -0.01196569 -0.0119564 -0.01228438 -0.01231969 -0.01291119 1000 -0.0001832493 6.514708E-05 6.298199E-05 -0.0003432522 -0.0002815237 1000
55 0.5000001 4.75 0.3 0 -0.01198157 -0.01312613 -0.01292647 -0.01269017 -0.01256122 1000 -0.001651444 -0.001218356 -0.001452719 -0.001360348 -0.0009670764 1000
56 0.7199998 4 0.5 1 -0.01358415 -0.0132824 -0.01372144 -0.01365603 -0.01355369 1000 -0.001116108 -0.0009140039 -0.0006637963 -0.001396642 -0.001088049 1000
57 0.8999997 -4.75 0.6 -1 -0.01292638 -0.01306169 -0.01338152 -0.01299729 -0.01307807 1000 -0.001536789 -0.0008603981 -0.0008220556 -0.001209824 -0.001048822 1000
58 0.6399999 4.75 0.6 1 -0.01372455 -0.01373711 -0.01339464 -0.01328333 -0.0140073 1000 -0.001078007 -0.0006736905 -0.0003753567 -0.0002612215 -0.000166255 1000
59 0.9399996 -4.75 0.6 -1 -0.01471145 -0.01475977 -0.01417825 -0.01397659 -0.01475761 1000 -0.0004684898 -0.0001204597 0.0001111373 -0.0002785023 -0.0005042118 1000
60 0.6999999 4.75 0.6 -1 -0.01615262 -0.01636185 -0.01679867 -0.01637859 -0.01686603 1000 -0.0008966831 -0.0003302872 -0.000447009 0.0001497383 0.0005746913 1000
61 1.159999 4 0.6 0 -0.01681715 -0.01749688 -0.01787747 -0.01736337 -0.01768169 1000 0.0002966842 -0.0001314515 1.549614E-06 0.0005158879 0.000902528 1000
62 0.9399996 -4.75 0.8 0 -0.01731799 -0.01867484 -0.01825019 -0.01756457 -0.01796178 1000 0.001309915 0.001333866 0.001220372 0.001190874 0.001038175 1000
63 1.199999 -4.75 0.7 -1 -0.01921576 -0.02035438 -0.02092745 -0.02040136 -0.02091973 1000 -0.0003294952 8.707722E-05 -0.0002026748 -0.0005328959 -0.0002275913 1000
64 0.7999998 -5.5 0.5 1 -0.02044992 -0.02144124 -0.02133307 -0.02027371 -0.02026081 1000 -0.002125829 -0.001267473 -0.001529485 -0.00140446 -0.001238922 1000
65 1.1 -4.75 0.9 0 -0.02095979 -0.02139167 -0.02069118 -0.02047816 -0.02101042 1000 -0.0008143439 -0.0009131854 -0.0008229368 -0.001466358 -0.001446683 1000
66 0.7999998 4 0.6 0 -0.02034765 -0.02145377 -0.02155855 -0.02095571 -0.02183232 1000 -0.0008807666 0.0004409067 0.0004313033 0.001593541 0.002608637 1000
67 0.24 -4.75 0.1 0 -0.02198426 -0.0219082 -0.02209034 -0.02197413 -0.02173363 1000 -0.0007455492 -0.0005310144 -0.0005312897 -0.0007632428 -0.0006365462 1000
68 0.6799999 4 0.5 -1 -0.02042325 -0.02080514 -0.02083114 -0.02053192 -0.02076935 1000 -0.0005970357 0.0003943302 -0.0002278944 0.0004102538 0.001328998 1000
69 0.7799998 -4.75 0.7 0 -0.02126164 -0.02215572 -0.02227573 -0.02182365 -0.02220317 1000 0.0001576354 0.0002904598 3.750094E-05 -0.0002193051 -0.0004645613 1000
70 0.6199999 5.5 0.4 0 -0.02090238 -0.02165862 -0.0214024 -0.02168407 -0.02122533 1000 -0.0005355902 0.0002886133 0.0006647927 0.001037159 0.001408945 1000
71 0.6799999 5.5 1 0 -0.0208455 -0.02193591 -0.02150522 -0.02161691 -0.02149322 1000 0.0006463245 0.0004730415 7.599966E-05 0.0002680001 0.0005155422 1000
72 0.7199998 4.75 0.9 0 -0.02096133 -0.02279955 -0.02298632 -0.02309873 -0.02231976 1000 -0.000444135 -0.0004294231 -0.001090746 -0.0005382173 0.0007105457 1000
73 1.12 4.75 0.7 1 -0.02253404 -0.02295032 -0.02368782 -0.02310843 -0.02354673 1000 0.001949866 0.002423187 0.00260736 0.002180647 0.002561306 1000
74 0.8599997 4.75 0.7 -1 -0.0226523 -0.02366245 -0.02360407 -0.02289582 -0.0231728 1000 0.000972571 0.0008864489 0.001223992 0.001422129 0.002305586 1000
75 0.7999998 5.5 0.5 -1 -0.02387689 -0.02481161 -0.02516403 -0.02492823 -0.0248265 1000 0.002307634 0.002086612 0.001688319 0.001699656 0.002423615 1000
76 0.6999999 -4.75 0.5 0 -0.02438878 -0.02513386 -0.02587322 -0.02567722 -0.02616409 1000 0.001237354 0.001530783 0.002649661 0.002276587 0.002152934 1000
77 0.7999998 4 0.8 0 -0.02360695 -0.02239068 -0.02182913 -0.02023085 -0.02003483 1000 0.0006828493 0.0006114234 0.0002749708 0.0007848451 0.00103503 1000
78 0.56 5.5 0.4 0 -0.02231994 -0.02331976 -0.02342285 -0.02348953 -0.02357341 1000 0.002415619 0.002493109 0.002450142 0.002404478 0.002663161 1000
79 0.8599997 -5.5 0.6 -1 -0.02357449 -0.02421752 -0.02392915 -0.02350631 -0.02461336 1000 0.001769 0.002594194 0.001804488 0.002233931 0.001917364 1000
80 0.22 5.5 0.1 0 -0.02345002 -0.02033571 -0.0197076 -0.01918649 -0.01955437 1000 0.001277524 0.0004904607 0.0002591131 0.0002072991 0.0003879468 1000
81 0.7399998 4.75 0.9 0 -0.02196469 -0.02297249 -0.02311373 -0.02265445 -0.0226798 1000 0.0004502912 0.001105175 0.0006488732 0.0006108374 0.0008121021 1000
82 0.22 4 0.2 0 -0.02166639 -0.02317254 -0.0231193 -0.02254686 -0.0225364 1000 3.216981E-05 0.0007102904 0.0007186589 0.000542273 0.0006911054 1000
83 0.6799999 4.75 0.6 -1 -0.02306995 -0.0235813 -0.0227753 -0.02295737 -0.02246077 1000 9.678632E-06 0.0008466191 0.0002398727 0.0004233076 0.0007767905 1000
84 0.7799998 5.5 0.5 -1 -0.0221823 -0.02317362 -0.02322051 -0.02308778 -0.02325511 1000 -0.0001335003 0.0008977868 0.0006425944 0.0004474383 0.001371634 1000
85 0.8599997 5.5 0.7 1 -0.02124948 -0.02168984 -0.02202109 -0.02202445 -0.02180455 1000 0.0003210009 0.0005595963 0.0008561553 -3.422821E-05 0.0002352109 1000
86 1.179999 -4 1 0 -0.02364708 -0.02181354 -0.02072231 -0.02047339 -0.02063126 1000 0.0001335379 0.0008515601 0.0007211324 0.0008243348 0.000440921 1000
87 0.8399997 5.5 0.9 0 -0.0214334 -0.02229918 -0.02208087 -0.02217744 -0.02193182 1000 -0.001051985 -0.0003306768 -8.556397E-05 -0.0001489818 0.0006397461 1000
88 0.34 5.5 0.2 0 -0.02139116 -0.02289291 -0.02274034 -0.02182475 -0.02169888 1000 -0.0006217918 0.0002611734 -0.0001722048 0.0001614235 0.0005012478 1000
89 0.7799998 5.5 0.9 0 -0.02125792 -0.02222872 -0.02269125 -0.02178779 -0.02244009 1000 -0.0005919549 -0.0001533827 -0.0001903699 -0.0007449228 -0.0002425201 1000
90 0.58 4.75 0.7 -1 -0.02144852 -0.02262827 -0.02205626 -0.0219734 -0.02214248 1000 -0.00157577 -0.0006038324 -0.0001006152 -0.0005806468 0.000279668 1000
91 0.6999999 4.75 0.6 -1 -0.0222087 -0.02341978 -0.02367125 -0.02316063 -0.02281538 1000 -0.0003988587 4.512708E-05 0.0001556177 -0.0003164703 0.0006594118 1000
92 0.6799999 -5.5 0.5 1 -0.02288513 -0.02400867 -0.02456636 -0.02369795 -0.02347118 1000 -0.001285224 9.208321E-05 -0.000120558 -0.0004756024 4.474435E-05 1000
93 0.8999997 -4 0.8 0 -0.02314602 -0.02445618 -0.02439936 -0.02366784 -0.02385768 1000 0.0005388002 0.0003096632 0.0005268746 0.0003838312 0.0004104977 1000
94 0.8399997 -4.75 0.7 -1 -0.02349767 -0.02423995 -0.02418072 -0.02417359 -0.02537552 1000 -3.67574E-05 0.0007544937 0.0002619266 0.0005501388 0.0009605334 1000
95 0.2 4 0.1 0 -0.02247022 -0.01964197 -0.01754208 -0.01813999 -0.01985394 1000 7.296052E-05 6.033907E-05 0.0001667479 0.000291833 0.0005104244 1000
96 0.9599996 4.75 1 0 -0.02374507 -0.02362748 -0.02398349 -0.02341469 -0.02338919 1000 -0.0007796044 -0.0006266307 -0.0004551561 -0.0003052931 0.001080487 1000
97 0.7599998 -4 0.5 -1 -0.02376402 -0.0238393 -0.02409289 -0.02421328 -0.0247752 1000 0.0005883249 0.0001517133 0.0001894135 0.000427511 0.0004786635 1000
98 0.6999999 4.75 0.8 0 -0.02374606 -0.02401459 -0.02411205 -0.02395914 -0.02408151 1000 -0.0008023278 -0.0004047275 -0.0003591139 -0.0006068319 -5.121081E-05 1000
99 0.52 -4.75 0.5 1 -0.02451268 -0.02486546 -0.02515762 -0.02405719 -0.02485742 1000 -0.0007778045 -0.0002535903 -0.0008662266 -0.0007438823 -0.0004774411 1000
100 0.22 4 0.4 0 -0.01516962 -0.01516964 -0.01981749 -0.02122041 -0.01443637 1000 0.01680206 0.01680201 0.003210759 -0.007051835 -0.002828918 1000
101 1.02 -4.75 1 0 -0.01147482 -0.01183185 -0.01034233 -0.008719864 -0.007949389 1000 0.01183456 0.01103087 0.01003841 0.009342195 0.009145066 1000
102 1.04 4 0.5 0 -0.005038419 -0.004294486 -0.004088288 -0.003193668 -0.002825144 1000 0.0167261 0.01779313 0.01854827 0.01881114 0.01941524 1000
103 1.14 4 0.5 0 -0.005053069 -0.005465466 -0.005456765 -0.006021111 -0.006118366 1000 0.02142396 0.02111648 0.02190614 0.02217277 0.02221653 1000
104 1.12 -4.75 0.9 0 -0.006173323 -0.006215643 -0.006433099 -0.006700822 -0.00667783 1000 0.0218151 0.02203931 0.02197332 0.02149556 0.02167622 1000
105 0.7999998 -4 0.7 0 -0.007109402 -0.007105672 -0.007018487 -0.007124 -0.007124 1000 0.02142171 0.02138287 0.0219769 0.02206069 0.02206069 1000
106 0.6599999 -5.5 0.6 0 -0.00762357 -0.00806341 -0.00778377 -0.007023811 -0.006740881 1000 0.02221243 0.02208187 0.02238435 0.02229556 0.02221021 1000
107 0.7799998 4 0.5 1 -0.006020146 -0.006090764 -0.00550453 -0.005584575 -0.005983107 1000 0.02136603 0.02216532 0.02205859 0.02182943 0.02183839 1000
108 0.8599997 4 0.9 0 -0.004709177 -0.005195994 -0.00553189 -0.005610788 -0.006141 1000 0.02204605 0.02247263 0.022634 0.02232678 0.02313368 1000
109 0.28 -4 0.3 0 -0.005440765 -0.005403101 -0.005707996 -0.004882284 -0.005292149 1000 0.02255123 0.02247935 0.02237083 0.02215528 0.02177504 1000
110 0.42 4 0.5 -1 -0.004426686 -0.004439053 -0.003665014 -0.003438661 -0.004088566 1000 0.02056083 0.02190714 0.02126537 0.02132389 0.02143134 1000
111 0.4400001 4 0.4 0 -0.005509511 -0.00550971 -0.006069996 -0.00647744 -0.005569168 1000 0.02313642 0.0231363 0.02326242 0.02342219 0.02295133 1000
112 0.4400001 4.75 0.4 0 -0.003292926 -0.003968352 -0.003669052 -0.004107506 -0.004254393 1000 0.01976384 0.01882249 0.01855813 0.01904964 0.0197676 1000
113 0.7799998 -5.5 0.5 1 -0.005681697 -0.006279057 -0.006822203 -0.006481248 -0.00665277 1000 0.01727116 0.01650348 0.01636581 0.01546915 0.01380815 1000
114 0.7799998 4.75 0.5 1 -0.007340899 -0.00754495 -0.008404408 -0.008729653 -0.008500401 1000 0.01392827 0.01451191 0.01481612 0.01493961 0.01509542 1000
115 0.54 -4 0.5 0 -0.008912515 -0.009475389 -0.009283958 -0.009169398 -0.01001216 1000 0.01002074 0.0106004 0.01111302 0.0109445 0.01046361 1000
116 0.9399996 4.75 0.7 1 -0.009460493 -0.009487701 -0.009417381 -0.008927937 -0.009149094 1000 0.01396421 0.01472146 0.01539784 0.01592118 0.01640316 1000
117 0.56 -4 0.8 0 -0.01074381 -0.01048267 -0.01035958 -0.01031508 -0.01028274 1000 0.01206817 0.01213106 0.01241358 0.01279087 0.0130015 1000
118 0.28 5.5 0.2 0 -0.007186152 -0.00744152 -0.007860307 -0.007653881 -0.008503317 1000 0.01415688 0.01417298 0.01373724 0.01468128 0.0146966 1000
119 0.9399996 4.75 0.7 1 -0.007661158 -0.008026273 -0.008211582 -0.008162332 -0.008668245 1000 0.01151619 0.01162748 0.01179095 0.01194962 0.01303536 1000
120 0.9399996 -4.75 1 0 -0.008643455 -0.008888444 -0.008611388 -0.008599064 -0.008215309 1000 0.003881105 0.004642842 0.005450886 0.005293243 0.005492157 1000
121 0.7599998 4 0.5 0 -0.008462138 -0.009032358 -0.008802366 -0.008680271 -0.009020293 1000 0.008195655 0.008574038 0.008924992 0.009261324 0.009838139 1000
122 0.9399996 -5.5 0.6 1 -0.007350653 -0.008113913 -0.007810945 -0.007302765 -0.007142703 1000 0.009310241 0.008591822 0.008934192 0.008347163 0.007540325 1000
123 0.24 4 0.2 0 -0.009746718 -0.007956031 -0.008977594 -0.008351439 -0.007836934 1000 0.01334614 0.01128463 0.01102471 0.01113038 0.01043276 1000
124 0.9799996 5.5 0.7 0 -0.007788463 -0.008662157 -0.008427432 -0.008274816 -0.007744969 1000 0.005141263 0.004860098 0.004778934 0.006069619 0.009665973 1000
125 0.8999997 -5.5 0.7 0 -0.008665929 -0.008855256 -0.008192653 -0.007845713 -0.008301338 1000 0.005369244 0.005466803 0.005602704 0.005889665 0.005608587 1000
126 1.159999 4.75 0.6 1 -0.007109903 -0.008076058 -0.008179926 -0.008696572 -0.00919011 1000 0.01072333 0.01045636 0.01099328 0.01151005 0.01121534 1000
127 1.239999 -5.5 0.9 0 -0.006890477 -0.00716605 -0.007083104 -0.006876328 -0.007550915 1000 0.009790354 0.009233119 0.009178768 0.007893832 0.006591516 1000
128 1.06 4 0.7 1 -0.01163919 -0.01005287 -0.009187017 -0.00885449 -0.008664289 1000 0.01012712 0.01173866 0.01167852 0.01101968 0.01127525 1000
129 1.159999 -4 0.6 -1 -0.007037921 -0.008056218 -0.007999258 -0.008105651 -0.007820533 1000 0.009046778 0.009753254 0.01002976 0.009771165 0.01040938 1000
130 0.8199998 -4.75 0.7 1 -0.007969726 -0.008163785 -0.008045136 -0.007856709 -0.008113713 1000 0.01022051 0.0103448 0.0106349 0.01019548 0.009870645 1000
131 0.58 -5.5 0.5 0 -0.006768177 -0.007583797 -0.007972486 -0.008267825 -0.00879914 1000 0.008641265 0.009525998 0.01018488 0.01009428 0.009955662 1000
132 0.38 5.5 0.3 0 -0.009184553 -0.009641572 -0.00929449 -0.008828413 -0.009068813 1000 0.01073106 0.01029003 0.01076833 0.01052304 0.01010571 1000
133 0.42 -4 0.4 0 -0.00866222 -0.009349803 -0.008977483 -0.008964114 -0.008904863 1000 0.005987803 0.006131979 0.006760343 0.006769669 0.006351149 1000
134 0.8399997 -4.75 0.7 1 -0.009523194 -0.01051477 -0.009860799 -0.009017645 -0.009135751 1000 0.006827748 0.008194543 0.008118114 0.008160964 0.007906858 1000
135 0.22 -4.75 0.1 0 -0.009119458 -0.009783943 -0.00952058 -0.009655173 -0.01030063 1000 0.008281235 0.0088003 0.009622444 0.009208492 0.009746216 1000
136 0.7199998 4 0.9 0 -0.01117886 -0.01178778 -0.01184927 -0.01085936 -0.0104654 1000 0.009594846 0.0111012 0.01101719 0.01093852 0.01206851 1000
137 1.359999 5.5 0.7 1 -0.01011912 -0.0103183 -0.01025879 -0.0106127 -0.01099069 1000 0.01066258 0.00941612 0.01020153 0.009858644 0.01002767 1000
138 1.06 -5.5 0.5 -1 -0.01048745 -0.01121537 -0.01068787 -0.01069161 -0.01120468 1000 0.0105962 0.01045889 0.01089206 0.01026182 0.01022436 1000
139 0.6 5.5 0.3 0 -0.01223669 -0.01250804 -0.01269714 -0.01229367 -0.01316823 1000 0.01041694 0.01140632 0.01215364 0.01240493 0.01245897 1000
140 1.159999 4.75 1 0 -0.01305451 -0.01390559 -0.0134619 -0.01329285 -0.01317709 1000 0.01173744 0.01087314 0.01121012 0.01079999 0.01116857 1000
141 1.1 4 0.7 1 -0.01370757 -0.01383302 -0.01384728 -0.01395418 -0.01465731 1000 0.01006132 0.009813509 0.01030661 0.01083291 0.01129414 1000
142 0.8799997 -4 0.5 0 -0.0142959 -0.01445726 -0.01389542 -0.01368506 -0.01420734 1000 0.01072815 0.0102477 0.01077337 0.01039437 0.01009949 1000
143 0.34 4 0.3 0 -0.01433843 -0.01482396 -0.01506765 -0.01526006 -0.0148436 1000 0.01028769 0.01098246 0.01152378 0.01178272 0.01203593 1000
144 0.6 4.75 0.7 -1 -0.01546679 -0.01551118 -0.01541844 -0.01494117 -0.01487094 1000 0.01268714 0.01272512 0.01256127 0.01183822 0.01158139 1000
145 0.8399997 -4.75 0.5 -1 -0.01478703 -0.01550529 -0.01535112 -0.01512691 -0.01557024 1000 0.01045195 0.01043762 0.01056072 0.01043327 0.01102529 1000
146 0.4400001 4 0.6 -1 -0.01753723 -0.01748156 -0.01738412 -0.01637161 -0.01710992 1000 0.01110024 0.01110948 0.01104165 0.0113778 0.01222773 1000
147 1.02 4 1 0 -0.01720973 -0.01772089 -0.01767412 -0.01752413 -0.01811988 1000 0.01065149 0.01018702 0.01042925 0.01094664 0.0118164 1000
148 1.619999 -4 0.9 0 -0.01900811 -0.01908971 -0.01920075 -0.01901948 -0.01861116 1000 0.01085131 0.01035885 0.01018838 0.009638901 0.009555136 1000
149 1.199999 5.5 0.6 -1 -0.01990344 -0.02097572 -0.02119863 -0.02068895 -0.02065196 1000 0.01197332 0.01222691 0.01239524 0.01231176 0.01206321 1000
150 0.58 4 0.3 0 -0.0241417 -0.01978992 -0.01902775 -0.01841662 -0.01841274 1000 -0.004793582 -0.003085485 -0.002062093 -0.0008697746 0.0002940967 1000
151 0.9999996 -5.5 1 0 -0.01941829 -0.0186865 -0.01732613 -0.01644398 -0.01662964 1000 -0.003177668 -0.002726368 -0.00153625 -0.001934281 -0.003200761 1000
152 0.8599997 -4.75 0.5 1 -0.01717968 -0.01785418 -0.0182346 -0.01755364 -0.01763308 1000 -0.003026372 -0.002790955 -0.002185952 -0.001826211 -0.002345884 1000
153 0.22 5.5 0.1 0 -0.02072549 -0.02042576 -0.02115598 -0.02108544 -0.02088829 1000 -0.001970928 -0.002140751 -0.001915052 -0.001731318 -0.001368247 1000
154 0.6799999 -4.75 0.5 -1 -0.02090494 -0.02035669 -0.02035461 -0.02056018 -0.02111554 1000 -0.003009217 -0.002205068 -0.002253356 -0.002157651 -0.002233262 1000
155 0.8999997 5.5 0.9 0 -0.02137282 -0.0215303 -0.02174103 -0.02109595 -0.02156316 1000 -0.00191943 -0.001655433 -0.002401218 -0.001321752 0.000754691 1000
156 0.24 4 0.1 0 -0.02060307 -0.02082537 -0.02031084 -0.02004938 -0.0202958 1000 -0.0006283885 -0.0007346975 1.405865E-05 0.0002292123 0.0001645589 1000
157 0.36 -4 0.4 0 -0.02134529 -0.0220717 -0.02138077 -0.02214777 -0.02223874 1000 0.0004719773 0.0004472484 7.257971E-05 -0.000931648 -0.001449447 1000
158 1.04 -5.5 0.6 -1 -0.0211012 -0.02190834 -0.02250779 -0.02275113 -0.02274089 1000 -0.001697281 -0.00122947 -0.001157255 -0.001380428 -0.001308765 1000
159 0.9399996 4.75 0.6 0 -0.02085051 -0.02124813 -0.02080337 -0.02080217 -0.02021734 1000 -0.001701649 -0.002102484 -0.001769799 -0.001124957 0.0002189534 1000
160 0.7399998 -4.75 0.7 0 -0.02063812 -0.02118229 -0.02143629 -0.02132562 -0.02250151 1000 0.00239719 0.002390979 0.002459487 0.002509012 0.001974131 1000
161 0.3 -4 0.2 0 -0.02165024 -0.0217376 -0.02155354 -0.02094732 -0.0214127 1000 0.002037503 0.002168764 0.002418835 0.002380949 0.00235118 1000
162 1.06 -4.75 0.6 -1 -0.02020942 -0.02007014 -0.01986471 -0.02001124 -0.02027376 1000 0.0005491144 0.001888003 0.00139426 0.001630098 0.001825679 1000
163 1.259999 5.5 0.9 0 -0.01940641 -0.02006224 -0.01914338 -0.01951578 -0.01943055 1000 0.00101224 0.001405419 0.002320406 0.002749742 0.00444101 1000
164 0.6799999 4.75 0.9 0 -0.01694648 -0.01752264 -0.01831358 -0.01859285 -0.01841782 1000 0.004280099 0.004469746 0.00446143 0.005083209 0.005802009 1000
165 0.6199999 -5.5 0.6 0 -0.02028595 -0.0212003 -0.02037158 -0.02010662 -0.01974891 1000 0.0006808048 -0.0004225985 0.0002649904 0.00165452 0.0006536338 1000
166 0.8199998 4 0.5 1 -0.01892781 -0.01976788 -0.02013608 -0.02064791 -0.02057363 1000 -0.001017962 -0.001071552 -4.996111E-05 0.0003408937 0.003627097 1000
167 0.22 -4.75 0.1 0 -0.02195383 -0.02236955 -0.02127738 -0.02009156 -0.02006195 1000 0.001728807 0.001503038 0.001121218 0.00125571 0.0001872061 1000
168 0.6999999 -5.5 0.7 0 -0.0194151 -0.01941509 -0.01922839 -0.01962739 -0.01967726 1000 0.0009224796 0.0009224774 -6.28602E-05 0.0007632879 0.002271069 1000
169 0.8199998 -5.5 0.5 -1 -0.0207281 -0.02121538 -0.02064948 -0.0203853 -0.02087433 1000 0.002274681 0.002560357 0.002237459 0.002647423 0.002181405 1000
170 0.26 -4 0.3 0 -0.0195865 -0.02022794 -0.02046264 -0.02011654 -0.02060058 1000 0.006869284 0.006250634 0.006735925 0.006968865 0.00412349 1000
171 0.8199998 -4 0.7 -1 -0.02051733 -0.02035235 -0.0207504 -0.02045477 -0.02069915 1000 0.005854249 0.005878896 0.005542828 0.005097023 0.005053411 1000
172 0.26 -4.75 0.2 0 -0.02175972 -0.02237465 -0.02196272 -0.02116878 -0.02103485 1000 0.001958251 0.002248829 0.002327809 0.001772444 0.001452423 1000
173 0.7999998 5.5 0.6 1 -0.02092507 -0.02130211 -0.02144364 -0.0219023 -0.02164237 1000 0.001603419 0.002201885 0.002449129 0.002838354 0.004054115 1000
174 0.8999997 4 0.7 -1 -0.01901432 -0.01978839 -0.02011275 -0.01942738 -0.02043016 1000 0.002879633 0.001278811 0.001170899 0.0008728565 0.001190598 1000
175 0.5000001 4.75 0.9 0 -0.02121362 -0.02214897 -0.02169823 -0.02085816 -0.02074232 1000 0.0043791 0.003968169 0.003650306 0.003863639 0.004454053 1000
176 0.9399996 -4.75 0.5 0 -0.02084317 -0.02110519 -0.02114902 -0.02040769 -0.02052216 1000 0.004729126 0.004852227 0.004915137 0.004626211 0.00380358 1000
177 0.28 4 0.2 0 -0.02129334 -0.02125115 -0.02095995 -0.02071588 -0.02092667 1000 0.004960339 0.004942145 0.004898435 0.005263394 0.005585362 1000
178 0.8599997 4 1 0 -0.02148548 -0.02195407 -0.02190726 -0.02135356 -0.02139914 1000 0.003519827 0.003526719 0.003992965 0.003895875 0.004689716 1000
179 0.8599997 -4.75 0.6 -1 -0.02288365 -0.0226997 -0.02222274 -0.02154309 -0.02195852 1000 0.004113525 0.003738141 0.003629394 0.003424864 0.002755543 1000
180 0.7599998 4 0.6 -1 -0.02348501 -0.02411369 -0.02372294 -0.02473403 -0.02461693 1000 0.003397081 0.004238592 0.00485009 0.004940688 0.005752134 1000
181 0.7199998 -4 0.7 1 -0.01876742 -0.0111657 -0.009602598 -0.01046476 -0.01228066 1000 0.0001053188 -0.0009703164 -0.001274075 -0.0006642304 -0.001499526 1000
182 1.219999 -4.75 0.9 0 -0.020963 -0.02053456 -0.0205653 -0.02035292 -0.01949664 1000 0.0009094168 0.001762495 0.001745594 0.001497469 0.001271547 1000
183 0.6 5.5 0.5 0 -0.01877991 -0.01937853 -0.01941535 -0.01888093 -0.01901981 1000 0.0009029825 0.000844005 0.001118795 0.001247423 0.001646205 1000
184 0.8399997 4 0.5 1 -0.02105876 -0.02129881 -0.02129786 -0.0209747 -0.02088339 1000 0.003210953 0.003034936 0.003035344 0.002945167 0.002923634 1000
185 1.219999 -4 0.7 0 -0.01976694 -0.02058927 -0.01985501 -0.01898351 -0.01945888 1000 0.001775555 0.001130735 0.001812734 0.00135862 0.001036434 1000
186 1.479999 -4 0.6 -1 -0.02128053 -0.02129565 -0.02157351 -0.02139809 -0.02134758 1000 0.002059145 0.002266357 0.002334984 0.002003197 0.002257725 1000
187 1.239999 4.75 0.6 1 -0.02036274 -0.02083129 -0.02144178 -0.02047852 -0.02173848 1000 0.001653459 0.002756555 0.00313291 0.003724185 0.00449812 1000
188 0.28 -4 0.2 0 -0.02196183 -0.02239189 -0.02283734 -0.02230184 -0.02256098 1000 0.00266534 0.002437655 0.002372892 0.002439392 0.002387983 1000
189 0.28 -4.75 0.1 0 -0.02054351 -0.02150171 -0.02203258 -0.02204683 -0.02194926 1000 0.002942115 0.003999081 0.004262952 0.004215552 0.004073563 1000
190 1.179999 -4 0.9 0 -0.02151101 -0.02159723 -0.02186627 -0.02099468 -0.02163278 1000 0.003957569 0.004192719 0.004155712 0.003365787 0.002813433 1000
191 1.479999 -5.5 1 0 -0.02082398 -0.02154805 -0.02108343 -0.02106953 -0.02173516 1000 0.003803416 0.004869419 0.004915539 0.004985455 0.004743483 1000
192 0.34 4 0.3 0 -0.02012241 -0.02127496 -0.02153705 -0.02133434 -0.02093166 1000 0.004522374 0.004540859 0.004610363 0.00479386 0.00569815 1000
193 1.419999 -4 1 0 -0.02186578 -0.02189088 -0.02165023 -0.02156399 -0.02180663 1000 0.008394776 0.008699892 0.008441011 0.008087473 0.007493858 1000
194 0.5000001 4.75 0.4 0 -0.02188806 -0.02188289 -0.02140906 -0.02090899 -0.02065467 1000 0.006186424 0.006052993 0.006416232 0.006839986 0.00683132 1000
195 0.9799996 4 0.6 0 -0.02104046 -0.02126233 -0.0213271 -0.0206641 -0.02053457 1000 0.007765711 0.006141217 0.006414768 0.00673761 0.006629826 1000
196 1.359999 5.5 1 0 -0.01954509 -0.0201872 -0.02019653 -0.02018049 -0.02084428 1000 0.00581186 0.006689824 0.006914186 0.007407787 0.00798833 1000
197 1.12 -4 0.9 0 -0.02011626 -0.02068225 -0.02072329 -0.02031666 -0.02061235 1000 0.006828405 0.007240453 0.006902062 0.006263969 0.00537718 1000
198 0.8799997 -5.5 0.6 0 -0.02306586 -0.02376924 -0.02395098 -0.02288593 -0.02266627 1000 0.007763367 0.00737329 0.007315267 0.007288826 0.006918736 1000
199 1.379999 4.75 1 0 -0.02395294 -0.02466711 -0.02425543 -0.02398786 -0.02422862 1000 0.00761245 0.008714433 0.009276802 0.009889778 0.01160702 1000
200 0.22 4 0.2 0 -0.00984686 -0.0120507 -0.01245323 -0.01318436 -0.01457174 1000 0.004884374 0.006404945 0.00690764 0.006379925 0.006790233 1000
201 0.8399997 5.5 0.6 0 -0.01798936 -0.01904549 -0.01986044 -0.01997682 -0.01982549 1000 0.006426289 0.005990044 0.005953429 0.005896009 0.005834069 1000
202 1.499999 5.5 0.7 1 -0.01778481 -0.01733397 -0.01691061 -0.01708778 -0.0177271 1000 0.006836306 0.006245672 0.00648856 0.00652163 0.006514572 1000
203 0.8799997 5.5 0.4 0 -0.0186765 -0.01869994 -0.01808613 -0.01821818 -0.01889144 1000 0.006951506 0.007522705 0.007801413 0.007854756 0.007971211 1000
204 0.28 -5.5 0.1 0 -0.01798173 -0.01843536 -0.01900498 -0.01884895 -0.01969465 1000 0.007066276 0.007414844 0.008079625 0.007602601 0.007229883 1000
205 0.34 5.5 0.3 0 -0.02080864 -0.0205103 -0.02060986 -0.01993045 -0.01971603 1000 0.005942969 0.006155846 0.006197774 0.00678506 0.00673381 1000
206 0.6599999 5.5 0.5 0 -0.01919837 -0.01994598 -0.01971974 -0.01943645 -0.01936891 1000 0.006427041 0.006504361 0.006762437 0.006751373 0.007878162 1000
207 0.6 -4.75 0.3 0 -0.01978066 -0.0199695 -0.02023874 -0.01965862 -0.01984322 1000 0.007628862 0.007523698 0.007198612 0.006459335 0.006313647 1000
208 0.9199997 -4.75 0.6 0 -0.01823537 -0.01873931 -0.01898772 -0.0185081 -0.01877902 1000 0.006423169 0.007055643 0.006824729 0.00656934 0.006109772 1000
209 1.06 -5.5 0.5 1 -0.01886053 -0.01953325 -0.01881372 -0.01798015 -0.01838213 1000 0.007492078 0.008014956 0.008359982 0.007824481 0.007247396 1000
210 0.9999996 -4 0.7 -1 -0.01781428 -0.01846438 -0.01887319 -0.01858431 -0.01877391 1000 0.007415068 0.007112498 0.008385592 0.007951249 0.00816317 1000
211 0.8599997 -5.5 0.5 1 -0.01863938 -0.01919733 -0.01866623 -0.01789533 -0.01797654 1000 0.007325795 0.007072172 0.007307538 0.006984985 0.006425921 1000
212 0.9399996 -5.5 0.6 0 -0.01888906 -0.01986886 -0.02040404 -0.0206806 -0.02107759 1000 0.007723737 0.007958684 0.008829502 0.008845471 0.008844603 1000
213 1.02 -5.5 0.7 1 -0.02079724 -0.02097561 -0.02133619 -0.02024138 -0.01968853 1000 0.008647178 0.008292419 0.008079955 0.008346144 0.007472206 1000
214 0.9999996 -4.75 0.7 1 -0.01931805 -0.02036029 -0.0205623 -0.02164548 -0.02107062 1000 0.004496996 0.006046501 0.006626654 0.007175507 0.007688273 1000
215 0.8399997 5.5 0.6 0 -0.0207998 -0.0208911 -0.02009777 -0.01971848 -0.020091 1000 0.006930792 0.006843608 0.007377262 0.007559277 0.007785228 1000
216 0.4 4 0.6 -1 -0.02092803 -0.02147251 -0.02148313 -0.02178393 -0.02168344 1000 0.007664217 0.008558081 0.008611917 0.008664181 0.008944096 1000
217 0.4600001 -4 0.5 0 -0.02200227 -0.0220233 -0.02189811 -0.02141189 -0.02164646 1000 0.007687442 0.006945896 0.0065977 0.005974316 0.005562798 1000
218 0.6999999 5.5 0.5 1 -0.02194179 -0.02306349 -0.02235081 -0.02176457 -0.02181201 1000 0.006255822 0.00569589 0.006363211 0.006315274 0.006659646 1000
219 0.52 -4 0.6 0 -0.02304338 -0.02289878 -0.02273871 -0.02217464 -0.02089359 1000 0.007048933 0.00701251 0.006538482 0.005809871 0.005968031 1000
220 0.6599999 -4 0.5 0 -0.02132777 -0.02163268 -0.02176959 -0.02199386 -0.02193096 1000 0.004271454 0.003716689 0.004755426 0.004656099 0.004263356 1000
221 0.7199998 5.5 0.7 0 -0.02289096 -0.02300219 -0.02279896 -0.02179868 -0.02187337 1000 0.004436627 0.004603088 0.004452504 0.004472815 0.005460843 1000
222 0.8399997 -4.75 0.6 0 -0.02341299 -0.0241668 -0.02387338 -0.02349401 -0.02334354 1000 0.006320094 0.00605662 0.006495774 0.006176462 0.005718009 1000
223 0.9599996 -4.75 0.5 1 -0.02382975 -0.02418612 -0.02329067 -0.02221999 -0.02240249 1000 0.005338353 0.005729549 0.005704823 0.005661605 0.005731699 1000
224 1.239999 -5.5 0.6 1 -0.02311585 -0.02369261 -0.0238414 -0.02391036 -0.02363053 1000 0.005010268 0.004965586 0.005910443 0.005701007 0.005331762 1000
225 0.54 4 0.6 1 -0.02403171 -0.02421862 -0.02417169 -0.0241155 -0.02499723 1000 0.004853805 0.005103851 0.005099459 0.005014658 0.00521174 1000
226 0.4600001 -4 0.5 0 -0.02428009 -0.02510757 -0.02520836 -0.0248724 -0.02538518 1000 0.004746001 0.005255063 0.005699462 0.005081803 0.005086835 1000
227 0.7799998 5.5 0.7 0 -0.02431854 -0.0224853 -0.01957483 -0.01861675 -0.01838506 1000 0.004709865 0.004276238 0.00398319 0.003372183 0.003697598 1000
228 0.9399996 4.75 0.8 0 -0.02331239 -0.02482693 -0.02449043 -0.02421653 -0.02431187 1000 0.006526132 0.006203437 0.00623651 0.006186869 0.005994076 1000
229 1.159999 -4 1 0 -0.02373411 -0.02346222 -0.0232642 -0.02333242 -0.02361687 1000 0.005229484 0.005243037 0.005373926 0.004766057 0.004377056 1000
230 0.6599999 -4.75 0.6 0 -0.02338384 -0.02048003 -0.01822107 -0.01768445 -0.01713855 1000 0.004931726 0.004366663 0.003914737 0.003465689 0.002823155 1000
231 0.32 -5.5 0.3 0 -0.01745734 -0.01795052 -0.01800482 -0.01782023 -0.01794403 1000 0.002150421 0.002443574 0.00247028 0.002514386 0.002476261 1000
232 0.7999998 4 1 0 -0.01755076 -0.01843362 -0.01837727 -0.01792135 -0.01823681 1000 0.002103746 0.002632207 0.003146566 0.00315876 0.003446173 1000
233 0.16 4.75 0.1 0 -0.01890427 -0.01899749 -0.01904766 -0.01886609 -0.0193669 1000 0.003616645 0.003477215 0.003762155 0.003589482 0.003313263 1000
234 0.6599999 5.5 0.7 -1 -0.01836743 -0.01820418 -0.01826482 -0.01765378 -0.01739874 1000 0.001916001 0.003398908 0.003029748 0.00355203 0.00462254 1000
235 0.7199998 4.75 0.7 1 -0.02052039 -0.02115301 -0.02003508 -0.01925466 -0.01948056 1000 0.003618134 0.003864457 0.003750212 0.003526962 0.003741002 1000
236 5.779995 -5.5 0.8 0 -0.02023407 -0.0187226 -0.01905207 -0.01876322 -0.01845641 1000 0.004951092 0.002851466 0.003086001 0.003687369 0.002359814 1000
237 0.9799996 -4.75 0.5 -1 -0.009536024 -0.008163022 -0.008219922 -0.008256135 -0.008414227 1000 -0.01478297 -0.01577329 -0.01586359 -0.0157699 -0.01599733 1000
238 0.7199998 -4.75 0.6 0 -0.01274702 -0.01136874 -0.0120335 -0.01231622 -0.01245299 1000 -0.01585424 -0.01556835 -0.01507169 -0.01566415 -0.01622673 1000
239 0.3 4.75 0.2 0 -0.01145337 -0.01239595 -0.013343 -0.01293017 -0.0131546 1000 -0.01693131 -0.01601227 -0.01530098 -0.01537208 -0.01481112 1000
240 0.8799997 4 0.9 0 -0.01401411 -0.01397695 -0.01377038 -0.01349745 -0.01360201 1000 -0.01575595 -0.01553541 -0.01550264 -0.01586 -0.01572998 1000
241 0.6999999 5.5 0.6 -1 -0.01240155 -0.01280466 -0.01319553 -0.01242012 -0.01309273 1000 -0.01684294 -0.01683143 -0.01659916 -0.01632821 -0.01601903 1000
242 0.7599998 -4.75 0.5 1 -0.0131617 -0.01373556 -0.01332987 -0.01318761 -0.01277707 1000 -0.01734009 -0.01773548 -0.01731752 -0.01775365 -0.01767695 1000
243 0.42 -4 0.6 1 -0.01394994 -0.01460546 -0.01443855 -0.01396938 -0.01423598 1000 -0.01564538 -0.01599978 -0.01548674 -0.01555339 -0.01562572 1000
244 0.2 -4 0.1 0 -0.01762444 -0.01714944 -0.01635332 -0.01653794 -0.01574761 1000 -0.01588609 -0.01550228 -0.01535489 -0.01587385 -0.01669282 1000
245 0.6799999 5.5 0.7 -1 -0.01493378 -0.01563302 -0.01561229 -0.01514125 -0.015645 1000 -0.01702243 -0.01618913 -0.01672851 -0.01669638 -0.01639627 1000
246 1.1 -4.75 0.7 -1 -0.01717643 -0.01761945 -0.0176555 -0.01749844 -0.01721426 1000 -0.0167404 -0.017068 -0.01659052 -0.01708127 -0.01706157 1000
247 0.58 5.5 0.4 0 -0.01739493 -0.01775224 -0.01724616 -0.01645047 -0.01666774 1000 -0.01766789 -0.01722032 -0.01623097 -0.0153031 -0.01460717 1000
248 0.42 5.5 0.6 0 -0.01891763 -0.01895448 -0.01822059 -0.01738995 -0.01688546 1000 -0.01688708 -0.0173923 -0.01709862 -0.01676645 -0.01548725 1000
249 0.22 -4 0.2 0 -0.0179099 -0.0180413 -0.01853039 -0.01753936 -0.01734618 1000 -0.01737222 -0.01698484 -0.01700015 -0.01720916 -0.01759169 1000
250 0.6999999 5.5 0.7 -1 -0.02285599 -0.02059431 -0.02124928 -0.02245632 -0.02201681 1000 -0.01156397 -0.01026104 -0.008778117 -0.009719039 -0.008537793 1000
251 0.7599998 -4 0.6 -1 -0.02289632 -0.0232317 -0.02385342 -0.0229481 -0.02276763 1000 -0.009501029 -0.009625849 -0.00928822 -0.009356787 -0.009825507 1000
252 0.6999999 -4 0.4 0 -0.02504024 -0.02571011 -0.02517876 -0.02496917 -0.025667 1000 -0.01025377 -0.01051813 -0.009862458 -0.01007552 -0.01039441 1000
253 0.2 -5.5 0.1 0 -0.02453627 -0.02504218 -0.02531265 -0.025668 -0.02535935 1000 -0.01115505 -0.01152228 -0.01134119 -0.01180704 -0.01154891 1000
254 0.8399997 -4 0.5 -1 -0.0126645 -0.008009969 -0.009090853 -0.01022255 -0.01156276 1000 -0.008920041 -0.007538469 -0.00817522 -0.008494819 -0.008095201 1000
255 0.9199997 4.75 0.5 -1 -0.01217151 -0.01226317 -0.01291105 -0.01286912 -0.01284464 1000 -0.009345235 -0.008684624 -0.008237676 -0.00808045 -0.006844709 1000
256 1.04 4.75 0.6 0 -0.01152862 -0.01170066 -0.01171084 -0.01106016 -0.01176579 1000 -0.007737867 -0.007891053 -0.008077131 -0.007993015 -0.008202178 1000
257 0.7799998 4.75 0.9 0 -0.0129624 -0.01380532 -0.01339961 -0.01297606 -0.01344041 1000 -0.00927802 -0.008924572 -0.008792761 -0.008592099 -0.008017709 1000
258 0.9399996 -5.5 0.5 0 -0.01463643 -0.01447582 -0.01434531 -0.0142618 -0.01442921 1000 -0.00926393 -0.009576036 -0.009121698 -0.009832121 -0.009986505 1000
259 0.9399996 5.5 0.7 -1 -0.01576317 -0.01576317 -0.01634843 -0.01684274 -0.01593504 1000 -0.009146016 -0.009146021 -0.009301471 -0.009117957 -0.009224948 1000
260 1.04 -4.75 0.6 1 -0.01647592 -0.0171414 -0.01661198 -0.01536992 -0.01536745 1000 -0.009570678 -0.009792233 -0.009718521 -0.009917963 -0.01033542 1000
261 0.8599997 -4 0.7 -1 -0.0162312 -0.01751065 -0.01777206 -0.01811316 -0.01789275 1000 -0.01024657 -0.009744501 -0.009385129 -0.009605401 -0.009223217 1000
262 0.28 -4 0.2 0 -0.0188744 -0.01896517 -0.01942681 -0.0194136 -0.01895011 1000 -0.0096678 -0.00960508 -0.009488191 -0.009598327 -0.009666113 1000
263 0.34 4 0.6 0 -0.01921755 -0.01974409 -0.01960775 -0.01971519 -0.01965408 1000 -0.01045439 -0.009668701 -0.009379544 -0.009184252 -0.008910097 1000
264 0.8999997 5.5 0.8 0 -0.02197543 -0.02200969 -0.02157811 -0.02102777 -0.02135103 1000 -0.008816565 -0.009110627 -0.009146553 -0.009089561 -0.009168153 1000
265 0.8199998 5.5 0.6 1 -0.02174089 -0.0212365 -0.0213716 -0.02160917 -0.02181115 1000 -0.009537279 -0.009186294 -0.009662274 -0.009737564 -0.009178394 1000
266 0.7999998 5.5 0.5 -1 -0.02144138 -0.02218023 -0.02183798 -0.02186198 -0.02142858 1000 -0.01090488 -0.01105222 -0.01017697 -0.01079735 -0.009831848 1000
267 0.26 -5.5 0.3 0 -0.0220852 -0.02299319 -0.022524 -0.02211362 -0.02234995 1000 -0.0106668 -0.009980275 -0.009741097 -0.009975066 -0.01006116 1000
268 0.6799999 -4 0.7 1 -0.02362461 -0.02425201 -0.0243846 -0.02391315 -0.02451044 1000 -0.01040065 -0.01025683 -0.01038886 -0.01059517 -0.01103445 1000
269 1.02 4.75 0.7 -1 -0.02487669 -0.02562261 -0.02513767 -0.02530461 -0.02506421 1000 -0.01096078 -0.01100165 -0.01013372 -0.01041172 -0.009391643 1000
270 0.4800001 -4 1 0 -0.02490853 -0.0254661 -0.02627341 -0.02562451 -0.02569602 1000 -0.01080392 -0.01062715 -0.01103475 -0.01061479 -0.0106883 1000
271 0.52 -4.75 0.6 1 -0.02505003 -0.02619529 -0.02599427 -0.02616256 -0.02598712 1000 -0.01180857 -0.01057092 -0.01053537 -0.01089038 -0.01084645 1000
272 0.4600001 4.75 0.3 0 -0.02056248 -0.01576569 -0.01347956 -0.01373019 -0.01423727 1000 -0.01033675 -0.009509793 -0.008484185 -0.008237472 -0.00834696 1000
273 1.08 -4 0.7 1 -0.01708357 -0.01691925 -0.01641952 -0.01575665 -0.0161045 1000 -0.00702175 -0.006365937 -0.006330319 -0.00659041 -0.00689233 1000