trial Response_Time velH Occlusion_Duration velH_Subject xRotations_first0 xRotations_first1 xRotations_first2 xRotations_first3 xRotations_first4 xRotations_first5 yRotations_first0 yRotations_first1 yRotations_first2 yRotations_first3 yRotations_first4 yRotations_first5
1 0.26 -4.75 0.7 -1 -0.001534923 0.007557531 0.006291892 0.008840512 0.01150945 1000 0.01246303 0.01017957 0.003925648 0.00307887 0.001998022 1000
2 0.04 4 0.7 1 0.01128367 0.010592 0.01187262 0.01285755 0.01338908 1000 0.006769246 0.006610791 0.006423758 0.006390389 0.006832549 1000
3 0.24 4 0.7 0 0.01443388 0.01408155 0.01455611 0.01529832 0.015597 1000 0.002364532 0.002183592 0.002901656 0.004348755 0.006837297 1000
4 0.02 -5.5 0.6 -1 0.01079712 0.009665397 0.009445704 0.009521597 0.009013631 1000 0.009697319 0.007295776 0.006363248 0.006724593 0.007017583 1000
5 0.22 -4 0.9 0 0.00769434 0.007936437 0.008309565 0.009418831 0.009399644 1000 0.006195986 0.006513686 0.006519709 0.006361359 0.006051257 1000
6 0.02 4 0.6 -1 0.009176371 0.008649683 0.008958941 0.009120019 0.00956008 1000 0.005761202 0.006225461 0.005805309 0.005740863 0.005490537 1000
7 0.04 -4.75 0.5 0 0.008130367 0.009015102 0.009803408 0.01000216 0.009697588 1000 0.002976608 0.001637046 0.00100159 0.0002876961 -0.0004119083 1000
8 0.02 -4.75 0.1 0 0.007558346 0.007801923 0.007733781 0.008771721 0.009692721 1000 -0.0001685455 3.603662E-05 9.854289E-05 -9.511145E-06 -2.044172E-05 1000
9 0.02 4 0.7 -1 0.0074462 0.00722585 0.007841941 0.007740931 0.007396427 1000 0.00098028 0.0006254271 0.0003204215 -7.638824E-05 0.0002253746 1000
10 0.08 5.5 0.6 0 0.005708611 0.00559234 0.006251456 0.005907959 0.00609909 1000 -0.0003876643 -0.0007049525 -0.001233688 -0.000927306 -0.0005501309 1000
11 0.12 -4 0.6 0 0.006894897 0.006479692 0.006255534 0.006663274 0.006770998 1000 -0.002564961 -0.001970505 -0.001693952 -0.001538943 -0.001656994 1000
12 0.06 4 0.7 1 0.006327502 0.006793633 0.006802359 0.007089912 0.007261759 1000 -0.002015682 -0.001644504 -0.00186155 -0.001783354 -0.001400593 1000
13 0.02 -5.5 0.7 0 0.003943256 0.003934829 0.004022076 0.00430687 0.005383531 1000 0.000952977 0.0008262532 -0.0002319216 -0.0007169021 -0.002911439 1000
14 0.02 -4.75 0.4 0 0.01150851 0.01153971 0.01137219 0.0120471 0.01201595 1000 -0.005278246 -0.004106973 -0.004060634 -0.004275864 -0.004740256 1000
15 0.2 4.75 0.7 0 0.01071178 0.01075969 0.01096624 0.01051956 0.01009159 1000 -0.003528819 -0.003978907 -0.003706082 -0.003641386 -0.003240195 1000
16 0.02 4 0.2 0 0.0079615 0.00769446 0.008229475 0.008252178 0.008408586 1000 -0.004005753 -0.003761171 -0.003741005 -0.003484386 -0.003380154 1000
17 0.02 -5.5 0.6 0 0.007910421 0.00809843 0.008316789 0.008405365 0.008457905 1000 -0.003389692 -0.003168413 -0.003421428 -0.003733884 -0.003316595 1000
18 0.2 5.5 0.7 1 0.008119021 0.008256144 0.008246002 0.008507655 0.008866366 1000 -0.003211845 -0.003503891 -0.00368107 -0.003589169 -0.003538005 1000
19 0.3 -5.5 1 0 0.006124984 0.006359861 0.006618595 0.007187469 0.006941006 1000 -0.003553905 -0.00301973 -0.002719267 -0.003199784 -0.003326071 1000
20 0.02 -4.75 0.6 1 0.006695312 0.006609903 0.007128982 0.007349483 0.007739834 1000 -0.003956764 -0.003361961 -0.003539161 -0.003301355 -0.003611705 1000
21 0.04 -5.5 0.4 0 0.006005519 0.006470046 0.006712973 0.00693157 0.006623792 1000 -0.002525117 -0.002553385 -0.002629508 -0.003298742 -0.002946695 1000
22 0.09999999 4.75 0.5 1 0.006017981 0.00655606 0.006237825 0.005521709 0.005922414 1000 -0.002351404 -0.003100873 -0.003024229 -0.002690781 -0.002804572 1000
23 0.02 4 0.5 1 -0.01151482 -0.01781635 -0.02264618 -0.0219131 -0.02397194 1000 0.00717426 0.008303236 0.004538312 5.983717E-05 -0.004816656 1000
24 0.02 4.75 0.1 0 -0.01601839 -0.01256885 -0.00562924 0.003603607 0.006550715 1000 -0.0004581562 0.001070491 0.001782669 0.004253966 0.007827039 1000
25 0.02 -4.75 0.6 1 0.005653042 0.006103784 0.006620704 0.007597269 0.008213029 1000 0.008244569 0.008095274 0.007874493 0.007295968 0.006967112 1000
26 0.02 4.75 0.5 1 0.008540266 0.008893626 0.009931556 0.01039181 0.01092375 1000 0.007113705 0.006966433 0.006856738 0.007074362 0.006986269 1000
27 0.02 4.75 0.5 1 0.009311579 0.00942761 0.009959977 0.01056331 0.009728882 1000 0.003883244 0.00504777 0.004533359 0.003458402 0.004126542 1000
28 0.4 5.5 0.9 0 0.009834702 0.0102373 0.0103219 0.01038042 0.01086528 1000 0.00398033 0.003877319 0.004355077 0.004753245 0.00506524 1000
29 0.14 4.75 0.8 0 0.01440419 0.01501605 0.01505694 0.01513407 0.01522645 1000 0.002243135 0.001996269 0.002830569 0.002914489 0.002200427 1000
30 0.12 4.75 0.7 0 0.01480463 0.01433146 0.01438466 0.01468186 0.01453758 1000 0.003961753 0.004841481 0.003600959 0.002908676 0.003477429 1000
31 0.18 -4 0.6 0 0.01710862 0.01666981 0.01678943 0.01709696 0.01713278 1000 0.002108108 0.00255929 0.00302074 0.002897016 0.002300203 1000
32 0.04 -5.5 0.3 0 0.01646158 0.01665783 0.0167232 0.01633682 0.01609096 1000 0.003299998 0.003145858 0.002737241 0.002774424 0.002289235 1000
33 0.42 -4 0.9 0 0.01634129 0.01627566 0.01662836 0.01632425 0.01576167 1000 0.003021788 0.00290473 0.002722183 0.002415452 0.002375497 1000
34 0.36 4.75 0.9 0 0.01589539 0.01589499 0.01567487 0.01541924 0.01525764 1000 0.00354645 0.00285065 0.002633655 0.0026475 0.002647746 1000
35 0.14 5.5 0.7 0 0.0123777 0.01215083 0.01083221 0.009870362 0.01035948 1000 0.001367433 0.00184926 0.001664078 0.001382102 0.0009060538 1000
36 0.02 4 0.5 -1 0.01179679 0.01219361 0.01269068 0.01317956 0.0137415 1000 0.00273105 0.003021652 0.003209712 0.003000514 0.002916279 1000
37 0.02 4.75 0.7 -1 0.01178527 0.01154475 0.01175257 0.01236893 0.01229625 1000 0.00228743 0.00246965 0.00192978 0.001900706 0.00220838 1000
38 0.02 4 0.6 1 0.01166572 0.01146975 0.01151402 0.01229456 0.01246335 1000 0.002528739 0.002675697 0.002856842 0.002766622 0.002017019 1000
39 0.09999999 -4.75 0.7 1 0.0132655 0.01273747 0.01330791 0.01315187 0.01297665 1000 0.001345172 0.001940553 0.002131735 0.00191109 0.002346216 1000
40 0.02 -4.75 0.1 0 0.01026513 0.009844563 0.009169967 0.00982885 0.01028839 1000 0.001913385 0.001670816 0.001586625 0.001637083 0.001720581 1000
41 0.08 -4.75 0.4 0 0.01035832 0.01073005 0.01113343 0.0114153 0.01137006 1000 0.001590678 0.001641835 0.001475237 0.001341813 0.001207412 1000
42 0.4 -4 1 0 0.01167237 0.01208938 0.0118627 0.01170256 0.01123657 1000 0.0008869479 0.001254947 0.001378564 0.001806994 0.001656156 1000
43 0.24 -4.75 0.6 0 0.01002875 0.009923542 0.009602346 0.00982866 0.01041664 1000 0.001029134 0.000741088 0.001347137 0.002649272 0.002461543 1000
44 0.04 -4 0.3 0 0.01057977 0.01080448 0.01118379 0.0113369 0.01140431 1000 -0.0007520061 -0.0009391147 -0.001055441 -0.000792327 -0.001152904 1000
45 0.26 4.75 0.6 0 0.01100397 0.01114281 0.01139429 0.01218119 0.01213621 1000 -0.002173431 -0.002791715 -0.002666526 -0.002738384 -0.003007414 1000
46 0.04 4 0.6 -1 0.01172335 0.01197898 0.01243189 0.01268425 0.0130227 1000 -0.002826469 -0.002502318 -0.002299164 -0.002269476 -0.002634003 1000
47 0.08 -5.5 0.6 -1 0.01286202 0.0124681 0.01239993 0.01206008 0.01180327 1000 -0.001759295 -0.001522858 -0.002015071 -0.001797222 -0.001380084 1000
48 0.02 4 0.6 1 0.01118491 0.01119073 0.01075607 0.01109309 0.01108592 1000 -0.002533289 -0.00242216 -0.001839726 -0.001841749 -0.001509376 1000
49 0.04 5.5 0.3 0 0.01173262 0.01190329 0.01231324 0.01249259 0.01231289 1000 -0.001756556 -0.001821393 -0.00179115 -0.001961749 -0.001791721 1000
50 0.22 5.5 0.6 0 0.01006572 0.0100245 0.009668871 0.01009692 0.01043791 1000 -0.001440354 -0.001788768 -0.001106948 -0.001049138 -0.001177598 1000
51 0.04 -5.5 0.6 1 0.01055691 0.01032837 0.01040236 0.01048744 0.01022264 1000 -0.0001074581 4.529235E-05 -0.0003933118 -0.0004210808 -0.0004353531 1000
52 0.4400001 -5.5 1 0 0.009610022 0.009039334 0.008613684 0.00934964 0.01012631 1000 0.0001168187 0.0003851017 0.001236392 0.0005173491 -0.0003836236 1000
53 0.36 5.5 0.7 0 0.01091718 0.01111125 0.01095405 0.01131073 0.01191923 1000 -0.000382791 -0.0001523332 -5.422085E-05 0.0004129699 0.001572052 1000
54 0.02 -5.5 0.2 0 0.009102834 0.008226694 0.008760501 0.008705728 0.007970393 1000 0.0005759621 0.0009433173 0.0001438524 -0.0003336945 0.0005681687 1000
55 0.02 -4 0.7 -1 0.009289534 0.00943686 0.009425092 0.01008623 0.01113844 1000 0.001000496 0.0004048381 0.001005927 0.001090806 0.00158021 1000
56 0.04 -4.75 0.6 1 0.01030072 0.009972741 0.01055717 0.01099714 0.01121631 1000 0.002016189 0.002412938 0.001932048 0.001873048 0.001651998 1000
57 0.02 4.75 0.6 1 0.009231265 0.009166881 0.009484919 0.009482978 0.009703347 1000 0.001779714 0.001752349 0.001248625 0.001390774 0.001427982 1000
58 0.28 -5.5 0.6 0 0.009631729 0.009903441 0.01075747 0.01052722 0.01028075 1000 0.001421005 0.001843318 0.001590425 0.001679013 0.001760928 1000
59 0.02 4 0.3 0 0.01124166 0.01074416 0.01047815 0.01048566 0.01054887 1000 0.001283674 0.00137288 0.001417917 0.001525681 0.00153641 1000
60 0.09999999 -4.75 0.5 -1 0.00995709 0.009419203 0.009818691 0.01009749 0.009817323 1000 0.001359314 0.001764385 0.001898121 0.001031687 0.001127999 1000
61 0.02 -4 0.3 0 0.009983313 0.00940905 0.00996842 0.01052566 0.01075962 1000 0.0004393953 0.000774114 0.0008206473 0.0005836415 0.0005615112 1000
62 0.02 5.5 0.1 0 0.01024695 0.01049859 0.01090922 0.01099074 0.01091733 1000 0.0003246691 0.0003548804 0.0001324084 0.000380538 0.0004690854 1000
63 0.02 4 1 0 0.01028951 0.01004421 0.01033314 0.01067128 0.009996651 1000 0.0003253075 0.0007978816 0.001082995 0.000608052 0.001009014 1000
64 0.22 5.5 0.5 0 0.01108026 0.01131228 0.01090867 0.01110199 0.01112808 1000 0.00069698 0.0006396515 0.0009757837 0.001260779 0.001174216 1000
65 0.28 4 0.9 0 0.01042849 0.01078246 0.01108077 0.01109032 0.01092659 1000 -0.001020036 -0.0007977727 -0.0009808879 -0.0004941729 -0.0003533848 1000
66 0.28 4 0.8 0 0.01191745 0.01136735 0.01069608 0.01109362 0.01187242 1000 -0.0003226606 -0.0002423673 2.394521E-05 0.000170791 7.726323E-05 1000
67 0.14 4.75 0.7 1 0.01062431 0.01036826 0.01013996 0.009759055 0.01012772 1000 -0.0004354543 -0.0007533163 -0.0008527867 -0.000714996 -0.001050538 1000
68 1.479999 5.5 0.7 -1 0.009869101 0.009367737 0.008993587 0.009739124 0.01005997 1000 -0.0003046723 0.0001216614 0.000502219 0.0004794104 0.0005319092 1000
69 0.09999999 4.75 0.5 1 0.009404165 0.009072556 0.008590009 0.008939765 0.009380233 1000 0.0002706142 2.65879E-05 0.0005727671 0.0006795769 0.0008145468 1000
70 0.02 -5.5 0.9 0 0.009850576 0.0104264 0.01100999 0.01114191 0.01104035 1000 0.001145152 0.001924042 0.002144441 0.00201073 0.002301572 1000
71 0.02 5.5 0.5 -1 0.0101436 0.01011533 0.01030432 0.01061098 0.01177752 1000 0.004624632 0.005489696 0.005089608 0.005253556 0.004632452 1000
72 0.02 -4 0.5 0 0.00872166 0.008702278 0.009036488 0.009794517 0.01045722 1000 0.005010116 0.005197762 0.005323856 0.004860369 0.004451168 1000
73 0.3 5.5 0.8 0 0.01203723 0.01185443 0.01183205 0.01236178 0.01233495 1000 0.004355734 0.004595002 0.004608898 0.004696227 0.004609382 1000
74 0.34 4 1 0 0.009733277 0.01020167 0.01056684 0.01084314 0.01085212 1000 0.005322096 0.004378794 0.003874577 0.004050004 0.003832215 1000
75 0.08 5.5 0.4 0 0.01107387 0.01149361 0.01221993 0.01280823 0.01249467 1000 0.00404055 0.004189787 0.003940433 0.003693185 0.003788586 1000
76 0.04 5.5 0.6 -1 0.01299831 0.01295361 0.01240965 0.01281544 0.01221464 1000 0.003628096 0.003187862 0.002944357 0.002829633 0.002911368 1000
77 0.02 -5.5 0.7 -1 0.01275292 0.01163329 0.01167419 0.01290103 0.0129485 1000 0.001093423 0.001667669 0.002189964 0.002354466 0.002112513 1000
78 0.02 4 0.3 0 0.01362641 0.01365954 0.01402303 0.01434657 0.01431892 1000 0.00194896 0.002244956 0.001956526 0.001826853 0.001851613 1000
79 1.02 -4.75 0.1 0 0.01339668 0.01416354 0.01477788 0.01603375 0.01680793 1000 0.001757585 0.001046248 0.001594725 0.001030775 0.0005432942 1000
80 0.02 4 0.7 -1 0.01332892 0.01364766 0.01388139 0.01380299 0.01415229 1000 7.076569E-05 6.859961E-05 -0.0001098327 0.0001432654 0.0001763164 1000
81 0.02 -4.75 0.8 0 0.01538984 0.01488781 0.01570568 0.0158572 0.01492922 1000 0.001204085 0.001005656 0.0007988325 0.0005828365 0.001444296 1000
82 0.06 5.5 0.9 0 0.01663869 0.01659453 0.0160659 0.01671834 0.01743326 1000 0.0004392877 0.0007355733 0.000909619 0.000673141 0.0004003408 1000
83 0.02 4 0.7 -1 0.01636672 0.01668112 0.01674734 0.01662029 0.0171552 1000 0.001363853 0.001306156 0.0009610003 0.00125899 0.0008972469 1000
84 0.04 5.5 0.6 1 0.0167483 0.01644833 0.01614287 0.01676032 0.0165531 1000 0.001737403 0.002072327 0.001547683 0.00136373 0.00101898 1000
85 0.02 4 0.1 0 0.01490279 0.01474449 0.0141516 0.0142385 0.01420734 1000 0.002145482 0.002108479 0.001997712 0.002042822 0.002087528 1000
86 0.2 4.75 0.7 1 0.01396195 0.01442332 0.01485765 0.01520224 0.01525087 1000 0.002356242 0.00236586 0.001975737 0.001640456 0.002052746 1000
87 0.2 4 0.8 0 0.01484132 0.01462572 0.01470521 0.01504734 0.01477857 1000 0.0008696088 0.001636539 0.001992127 0.001428455 0.001803499 1000
88 0.09999999 -4.75 0.5 1 0.0153917 0.01421887 0.01422878 0.01452091 0.01481892 1000 0.002777911 0.00275998 0.002549024 0.002036831 0.001587002 1000
89 0.02 4.75 0.5 -1 0.01545854 0.01567611 0.01544384 0.01578494 0.01600596 1000 0.001571487 0.001465286 0.0020153 0.00231877 0.003167782 1000
90 0.09999999 -4.75 0.5 0 0.01556868 0.01528397 0.01522271 0.01608624 0.0157791 1000 0.002055273 0.002260712 0.001923067 0.001341011 0.001080335 1000
91 0.02 -4 0.5 1 0.01486535 0.01377608 0.01339121 0.01409797 0.01487959 1000 0.0001917693 0.0008054445 0.001048121 0.001203657 0.0006530358 1000
92 0.04 -4 0.5 0 0.0147121 0.01537146 0.01563638 0.01557782 0.01573915 1000 0.0006466763 0.000471625 0.0006078829 0.0004329211 0.0008240511 1000
93 0.16 5.5 0.5 1 0.01333794 0.01318488 0.01327237 0.0134701 0.01358529 1000 0.001137274 0.001544211 0.001360008 0.001179628 0.001094877 1000
94 0.04 -4.75 0.5 1 0.01375989 0.01387234 0.014303 0.01402523 0.01406035 1000 0.0005387034 0.0008925968 0.0005797318 0.0004044678 0.0005552221 1000
95 0.3 -4.75 0.8 0 0.01494322 0.01399219 0.01316132 0.01393759 0.01348703 1000 0.0006529236 0.0009927734 0.001395664 0.001384876 0.00130106 1000
96 0.06 5.5 0.3 0 0.01153819 0.01163332 0.011526 0.01131734 0.01190793 1000 0.0007523142 0.0004768503 0.0005209008 0.000888086 0.0007234705 1000
97 0.02 -4 0.2 0 0.01291229 0.01289002 0.01296574 0.0137604 0.01405843 1000 0.0006756057 0.001187271 0.001047855 0.0005266503 0.000393239 1000
98 0.09999999 4 0.6 1 0.01293276 0.01278068 0.01249936 0.0117394 0.01173175 1000 0.003068661 0.003586345 0.002672779 0.002538169 0.002347653 1000
99 0.02 4 0.4 0 0.01126508 0.01143575 0.0116565 0.01198105 0.01202516 1000 0.001727185 0.001980145 0.001816433 0.001872945 0.002443339 1000
100 0.04 -4.75 0.3 0 0.009192153 0.01001658 0.009846487 0.009068178 0.008944646 1000 0.002636902 0.001831832 0.001768514 0.001096384 0.0007189696 1000
101 0.28 4.75 0.9 0 0.009834695 0.01000724 0.01061323 0.01123113 0.01132236 1000 0.001106265 0.001135405 0.001070741 0.001119464 0.0009021512 1000
102 0.06 4.75 0.5 1 0.0110766 0.0107057 0.01021667 0.01039018 0.01036893 1000 0.001453202 0.001702892 0.002017235 0.001805716 0.001383842 1000
103 0.02 -5.5 0.6 1 0.007718889 0.007913996 0.007916168 0.007876758 0.008357851 1000 0.002469589 0.002451514 0.00218019 0.002051498 0.002868744 1000
104 0.28 -4.75 0.6 0 0.008104412 0.007254509 0.007752256 0.008055874 0.008324695 1000 0.001841147 0.00235415 0.0020561 0.002130287 0.001845847 1000
105 0.09999999 5.5 0.7 1 0.004070951 0.004521176 0.004101247 0.004677342 0.004315943 1000 0.001944928 0.001707599 0.001663071 0.001473366 0.001462131 1000
106 0.12 5.5 0.6 1 0.003654843 0.003493943 0.003185382 0.003800887 0.004343533 1000 0.001978349 0.001861867 0.002064301 0.002100224 0.001969045 1000
107 0.14 4 0.6 0 0.004773229 0.004881295 0.005413194 0.005547956 0.005486279 1000 0.002386557 0.002806586 0.00233488 0.002443596 0.002646351 1000
108 0.24 4.75 0.5 0 0.004598335 0.004264018 0.004759535 0.004673985 0.004392736 1000 0.002087428 0.002405917 0.002107898 0.00222387 0.002388272 1000
109 0.02 4.75 0.6 -1 0.005225825 0.00566406 0.005859142 0.006223061 0.005996885 1000 0.002341655 0.002355583 0.002242427 0.001845812 0.002136588 1000
110 0.32 4.75 0.5 0 0.005763943 0.005202101 0.005037912 0.005348103 0.005518848 1000 0.001641811 0.001694054 0.001759085 0.001216859 0.001266846 1000
111 1.159999 4 0.3 0 0.004206154 0.004172524 0.004629112 0.005497933 0.0035996 1000 0.0005028121 0.0005244756 0.000931829 0.001105334 0.001617026 1000
112 0.4400001 -5.5 0.5 0 0.003844658 0.003442674 0.003600727 0.004133759 0.00342543 1000 0.0002400218 0.0002598363 -2.2204E-05 -0.0006845221 -0.0009000269 1000
113 0.04 -5.5 0.5 1 0.003643528 0.004045247 0.00443463 0.005179588 0.005786194 1000 -0.0004836751 -0.0007911161 -0.0008399247 -0.000808281 -0.0008876563 1000
114 0.02 -4.75 0.6 1 0.005381754 0.004849792 0.004759852 0.005431636 0.005480549 1000 -0.0004152675 0.0001233062 -0.0003241295 -0.0006471979 -0.0002435106 1000
115 0.02 -4.75 0.1 0 0.004522009 0.004796356 0.004337275 0.004649709 0.005368995 1000 0.0004270635 -5.336949E-05 1.227742E-05 0.0002489232 0.0003338341 1000
116 0.02 -4 0.6 1 0.005431274 0.005742483 0.0060463 0.007004621 0.008000785 1000 0.0008799545 0.00115616 0.001194116 0.0005747596 0.0002236774 1000
117 0.38 -5.5 0.7 -1 0.005933817 0.006031929 0.005998501 0.006471788 0.007591836 1000 0.0009934792 0.000987213 0.001239741 0.001466829 0.001090309 1000
118 0.04 4 0.7 0 0.007082968 0.00734837 0.007382326 0.007705755 0.007645058 1000 0.001154753 0.001254851 0.001466155 0.00144051 0.001239302 1000
119 0.04 -4 0.7 -1 0.007937176 0.007365276 0.007966178 0.007678116 0.007374798 1000 0.001435928 0.001549786 0.001743783 0.001409554 0.001667353 1000
120 0.28 4 0.7 0 0.005390191 0.00514556 0.006134656 0.00675239 0.007022996 1000 0.001776709 0.002152008 0.001967081 0.001750157 0.001577053 1000
121 0.02 4 0.9 0 0.005710845 0.00631306 0.006346717 0.005155767 0.005934851 1000 0.003189876 0.002747622 0.003113642 0.00340402 0.003519121 1000
122 0.4 4.75 0.9 0 0.004806428 0.00428259 0.004674263 0.004814461 0.00466407 1000 0.004453095 0.004433928 0.004181294 0.004008287 0.003748374 1000
123 0.02 -4.75 0.1 0 0.004993491 0.005376464 0.004898629 0.004925192 0.00556197 1000 0.003110508 0.002624384 0.002741332 0.003339421 0.003883915 1000
124 0.02 -4 0.3 0 0.004705655 0.00513737 0.005293712 0.005856349 0.005588813 1000 0.004116844 0.004176481 0.004224433 0.003067866 0.003337769 1000
125 0.34 4 1 0 -0.0004687435 0.0008884491 0.0007438968 0.001190168 0.0008389876 1000 0.009741618 0.008137167 0.005847568 0.004970183 0.004276153 1000
126 0.34 -4.75 0.6 -1 -0.006158063 -0.006885165 -0.006520643 -0.006723763 -0.006263858 1000 0.003569194 0.003786886 0.00315327 0.002823889 0.002560254 1000
127 0.26 -4.75 0.7 -1 -0.007459217 -0.007825674 -0.007310769 -0.006651863 -0.006168584 1000 0.003496348 0.004038544 0.004023486 0.003703894 0.003164717 1000
128 0.02 4 0.1 0 -0.009251558 -0.008753628 -0.009120692 -0.009328939 -0.008455642 1000 0.003915567 0.004250881 0.003860471 0.004316243 0.004487281 1000
129 0.14 -4.75 0.4 0 -0.008276473 -0.00852256 -0.007769248 -0.006750783 -0.005877113 1000 0.003154824 0.003764002 0.003097664 0.00224779 0.001698064 1000
130 0.14 5.5 0.7 -1 -0.007035588 -0.007244556 -0.007537607 -0.006846753 -0.006666011 1000 0.003720636 0.003834006 0.003706197 0.003368474 0.003426397 1000
131 0.08 -5.5 0.7 1 -0.004597427 -0.005377012 -0.006158787 -0.005634531 -0.005643434 1000 0.00282956 0.002911099 0.003010267 0.003158545 0.003131047 1000
132 0.2 -5.5 0.7 -1 -0.007749084 -0.007983346 -0.008125589 -0.00783375 -0.007495671 1000 0.003926911 0.003841264 0.003576211 0.003498167 0.003358962 1000
133 0.02 -5.5 0.7 1 -0.006206748 -0.006487111 -0.007162007 -0.006748247 -0.00532161 1000 0.002494565 0.002094646 0.002188761 0.001826458 0.00169047 1000
134 0.08 -4 0.5 0 -0.006799818 -0.007103978 -0.006924275 -0.006542156 -0.006215503 1000 0.002000127 0.002585454 0.002390694 0.002079866 0.0018073 1000
135 0.02 4 0.5 1 -0.007524179 -0.007462109 -0.007636417 -0.006928063 -0.006569799 1000 0.00321337 0.002815808 0.003056195 0.002931888 0.002780545 1000
136 0.32 4 0.6 0 -0.006104497 -0.00574236 -0.005809559 -0.00585113 -0.005541095 1000 0.003460635 0.003643042 0.003555113 0.003839667 0.004018628 1000
137 0.4 5.5 0.8 0 -0.007244186 -0.007112618 -0.006989314 -0.007167831 -0.006823387 1000 0.00396467 0.003725501 0.003479452 0.003478252 0.003194105 1000
138 0.2 -4 0.5 0 -0.00540922 -0.005115148 -0.005022468 -0.004644381 -0.004391248 1000 0.003323242 0.003421792 0.003620056 0.003463434 0.003436191 1000
139 0.24 5.5 0.7 -1 -0.00600674 -0.006601109 -0.006867112 -0.006085636 -0.007598293 1000 0.002950819 0.003513856 0.003472826 0.003235645 0.00370173 1000
140 0.06 -5.5 0.9 0 -0.007635512 -0.007293229 -0.007216149 -0.007096782 -0.007050747 1000 0.004255567 0.004266701 0.00409447 0.004008431 0.003878852 1000
141 0.04 5.5 0.4 0 -0.006546915 -0.006896849 -0.007572988 -0.007678938 -0.007342106 1000 0.004351534 0.004213606 0.004567792 0.004319854 0.003952984 1000
142 0.42 5.5 0.1 0 -0.008251928 -0.008243883 -0.007833239 -0.007662503 -0.009111543 1000 0.004840208 0.004895177 0.004272752 0.003945298 0.005283076 1000
143 0.06 -4 0.3 0 -0.006127466 -0.006268907 -0.006497678 -0.00621364 -0.005409752 1000 0.00401011 0.003842119 0.004157322 0.003779938 0.003388876 1000
144 0.02 -4.75 0.6 0 -0.00689604 -0.006533732 -0.006364398 -0.006661606 -0.006182755 1000 0.003979957 0.003581363 0.002869215 0.003090224 0.003249735 1000
145 0.08 4.75 0.7 1 -0.006233916 -0.006198678 -0.005743609 -0.005140039 -0.004260472 1000 0.00283001 0.003324662 0.003253846 0.003078067 0.001838341 1000
146 0.02 4 0.6 1 -0.002694449 -0.003291212 -0.00400351 -0.003986333 -0.003483944 1000 0.002762402 0.003283206 0.003402899 0.003026409 0.003713232 1000
147 0.02 4.75 0.6 1 -0.006864832 -0.006281009 -0.005876869 -0.005117519 -0.006931657 1000 0.004196133 0.004001899 0.003637454 0.003631238 0.005899827 1000
148 0.04 4.75 0.4 0 -0.008125825 -0.008153109 -0.007625349 -0.006642909 -0.005958912 1000 0.004319147 0.004432436 0.00478663 0.004936842 0.004442778 1000
149 0.14 -4 0.6 -1 -0.00464639 -0.005301082 -0.005425718 -0.004928473 -0.004744907 1000 0.00169103 0.003175975 0.0028479 0.001808115 0.001236895 1000
150 0.02 -4.75 0.1 0 -0.006530077 -0.00744431 -0.007520843 -0.006811216 -0.0060871 1000 0.002768301 0.002204938 0.002628749 0.002441632 0.001672857 1000
151 0.24 5.5 0.5 1 -0.006381465 -0.005585196 -0.005670475 -0.005641912 -0.005261718 1000 0.002757234 0.002558473 0.001847502 0.001876704 0.002006141 1000
152 0.22 -4.75 0.7 0 -0.00507341 -0.004966802 -0.004771551 -0.003880897 -0.002963677 1000 0.002409591 0.002639681 0.002564433 0.002638022 0.002247036 1000
153 0.36 4.75 0.7 0 -0.004790488 -0.00657398 -0.006465831 -0.006534613 -0.006915669 1000 0.002166621 0.003094125 0.002333109 0.002047724 0.002674462 1000
154 0.36 -4.75 0.7 0 -0.008392766 -0.008454419 -0.008617451 -0.008270808 -0.007720801 1000 -0.001893117 -0.0007547464 -0.0009025661 -0.00140624 -0.001234856 1000
155 0.02 4 0.5 -1 -0.006976433 -0.007493559 -0.008178444 -0.008068365 -0.006902695 1000 0.0003769233 0.0006575858 0.000358403 0.0004483989 0.0001496254 1000
156 0.02 4.75 0.3 0 -0.009349312 -0.008867283 -0.008757847 -0.00911065 -0.008712022 1000 -0.0009342528 -0.002165205 -0.002915437 -0.002854802 -0.002146092 1000
157 0.02 -4 0.7 1 -0.009197209 -0.009397224 -0.009124402 -0.008762563 -0.008299278 1000 -0.001127681 -0.000910723 -0.0009697292 -0.001329686 -0.001442184 1000
158 0.16 4.75 0.4 0 -0.008524827 -0.009415084 -0.009589588 -0.009844276 -0.008951612 1000 -0.000205094 -0.000235387 -0.00013498 -0.0001711635 -0.0006332182 1000
159 0.04 -4 0.5 1 -0.009842107 -0.0105984 -0.01122373 -0.01045611 -0.009699361 1000 -0.002553648 -0.002081946 -0.002404147 -0.00201846 -0.001614044 1000
160 0.08 4 0.4 0 -0.01027134 -0.01017699 -0.009382849 -0.009004129 -0.008779064 1000 -0.001601224 -0.001094658 -0.001836832 -0.001585362 -0.001203808 1000
161 0.4600001 5.5 0.9 0 -0.01008974 -0.01059554 -0.01062054 -0.009839686 -0.00968936 1000 -0.002250257 -0.00195578 -0.002087053 -0.002324879 -0.002285974 1000
162 0.28 5.5 1 0 -0.01104728 -0.01088438 -0.01085652 -0.01038545 -0.01005726 1000 -0.002300543 -0.002220075 -0.001807265 -0.001492629 -0.001764605 1000
163 0.02 -4.75 0.5 1 -0.00992682 -0.01142323 -0.01134465 -0.01101796 -0.01068147 1000 -0.002285295 -0.00169853 -0.001711391 -0.001770923 -0.002093899 1000
164 0.2 -5.5 0.6 0 -0.01315364 -0.01273396 -0.01224824 -0.01175104 -0.01182193 1000 -0.001757919 -0.001829482 -0.001990971 -0.002410078 -0.002276178 1000
165 0.09999999 -4 0.6 0 -0.0118099 -0.0114888 -0.01121234 -0.01195968 -0.01256154 1000 -0.001663262 -0.002465924 -0.002282692 -0.002151008 -0.00182363 1000
166 0.02 -4 0.1 0 -0.01272183 -0.01313943 -0.01325465 -0.01272662 -0.01212395 1000 -0.001870972 -0.002366722 -0.002679013 -0.002456848 -0.002714586 1000
167 0.3 5.5 0.6 0 -0.01345656 -0.01314396 -0.01321973 -0.01330568 -0.01319597 1000 -0.001505262 -0.001984844 -0.001859583 -0.001725625 -0.001453919 1000
168 0.36 5.5 0.9 0 -0.0134441 -0.01402456 -0.01399778 -0.01347703 -0.01356064 1000 -0.001942498 -0.001716824 -0.001760856 -0.001768458 -0.001436362 1000
169 0.14 4.75 0.7 -1 -0.01535863 -0.01558188 -0.01482784 -0.01432303 -0.01493945 1000 -0.002308628 -0.00223276 -0.00254445 -0.003043598 -0.002808203 1000
170 0.02 -4.75 0.3 0 -0.01653767 -0.01598044 -0.01556224 -0.01541078 -0.01527845 1000 -0.002295127 -0.002258395 -0.002228963 -0.002084223 -0.002270457 1000
171 0.06 -4.75 0.7 1 -0.0164728 -0.01685252 -0.01676071 -0.01669266 -0.01648382 1000 -0.001808989 -0.001440809 -0.001699735 -0.002056468 -0.00253374 1000
172 0.3 5.5 0.5 0 -0.01821588 -0.01865463 -0.01831948 -0.01783507 -0.01775662 1000 -0.002973064 -0.002853298 -0.00276374 -0.003057772 -0.002508369 1000
173 0.34 4.75 1 0 -0.01814303 -0.01773993 -0.01745926 -0.01704761 -0.01685193 1000 -0.002790153 -0.002427229 -0.002417707 -0.002678991 -0.002564794 1000
174 0.02 4 0.2 0 -0.01732951 -0.0170067 -0.01756009 -0.0180899 -0.01765286 1000 -0.003718687 -0.003803315 -0.003956084 -0.003820718 -0.003829365 1000
175 0.02 5.5 0.3 0 -0.01868861 -0.01868113 -0.01812199 -0.01762759 -0.0172267 1000 -0.004160711 -0.003688629 -0.003721439 -0.003746574 -0.004084102 1000
176 0.02 4 0.6 -1 -0.01711483 -0.01723839 -0.01717281 -0.01671343 -0.01684779 1000 -0.003924502 -0.003413731 -0.003288705 -0.003372563 -0.003305424 1000
177 0.02 5.5 0.3 0 -0.01835707 -0.01844597 -0.01885659 -0.0185684 -0.01819794 1000 -0.004728387 -0.00544385 -0.005087056 -0.00458965 -0.004213166 1000
178 0.2 -4.75 0.7 -1 -0.01983845 -0.01967287 -0.01895627 -0.01897163 -0.01901663 1000 -0.004199752 -0.004073877 -0.004267305 -0.004053362 -0.003750351 1000
179 0.6999999 4 0.5 0 -0.01939045 -0.01935282 -0.01946134 -0.01917248 -0.02006706 1000 -0.0036958 -0.003602841 -0.003251694 -0.003230512 -0.003767566 1000
180 0.6199999 -5.5 0.5 1 -0.02117286 -0.02067367 -0.02032499 -0.02011845 -0.02064804 1000 -0.004652269 -0.004626075 -0.00433337 -0.004360074 -0.003672555 1000
181 0.04 -5.5 0.5 -1 -0.02108939 -0.02154624 -0.02146853 -0.02150644 -0.0212485 1000 -0.003275066 -0.003249143 -0.003332925 -0.003269328 -0.003879246 1000
182 0.14 -4.75 0.6 -1 -0.02336816 -0.02321604 -0.02315665 -0.02298428 -0.02265609 1000 -0.003330724 -0.003173118 -0.003622866 -0.003359317 -0.003452567 1000
183 0.12 4.75 0.4 0 -0.02134286 -0.02152746 -0.02133473 -0.02142411 -0.02126304 1000 -0.003319857 -0.00321747 -0.003231569 -0.00334222 -0.003072426 1000
184 0.02 -4 0.6 -1 -0.02185349 -0.02335941 -0.02369571 -0.0236213 -0.02350116 1000 -0.003837745 -0.003599428 -0.004009312 -0.00481296 -0.00510877 1000
185 0.04 5.5 0.5 0 -0.02429611 -0.02338498 -0.02057344 -0.01587476 -0.01445062 1000 -0.003261363 -0.003134439 -0.002003685 -0.0006529061 -0.0005385622 1000
186 0.09999999 -5.5 0.5 1 -0.003878493 -0.003581706 -0.002958237 -0.003025749 -0.002868083 1000 0.0009560696 -0.000133403 -0.001549448 -0.002495865 -0.003079932 1000
187 0.02 5.5 0.5 -1 -0.006112378 -0.00603337 -0.005868193 -0.005121903 -0.004442168 1000 -0.001357083 -0.0006431373 -0.0009747977 -0.001510546 -0.00161302 1000
188 0.28 5.5 0.8 0 -0.005098258 -0.005154659 -0.005244606 -0.004482248 -0.004088111 1000 5.420566E-05 -0.0002443728 0.0001667161 -6.648514E-05 -0.0005009116 1000
189 0.16 -4 0.8 0 -0.004506346 -0.005550913 -0.00535319 -0.004965458 -0.004604988 1000 -0.0003914424 -0.0002660986 -0.00057945 -0.0005422871 -0.001059511 1000
190 0.36 4.75 0.9 0 -0.004390091 -0.003901633 -0.003947974 -0.003245011 -0.003579525 1000 -0.001088554 -0.001161332 -0.0009027203 -0.0005082603 0.0001908234 1000
191 0.36 -5.5 0.7 0 -0.003171551 -0.002586253 -0.002864785 -0.003061593 -0.003128528 1000 0.0007842202 0.0007705679 0.001202419 0.0009056121 0.0004135241 1000
192 0.3 5.5 0.6 0 -0.003705843 -0.003210922 -0.003823709 -0.004217969 -0.004035158 1000 0.0004997622 -0.0003674394 -0.0007480595 -0.0009048795 -0.001063355 1000
193 0.28 -4.75 0.8 0 -0.003357864 -0.003120786 -0.002527288 -0.0026941 -0.003334297 1000 -0.0008293185 -0.001222297 -0.001578007 -0.001934568 -0.002090749 1000
194 0.02 -4 0.4 0 -0.004820955 -0.004874644 -0.005115265 -0.004496124 -0.003897045 1000 -0.001615795 -0.001734595 -0.001569428 -0.00164875 -0.001805691 1000
195 0.02 -4 0.9 0 -0.004126886 -0.00355779 -0.003122257 -0.002917498 -0.00289399 1000 -0.001143109 -0.001337804 -0.001188934 -0.00130466 -0.001088877 1000
196 0.32 -5.5 0.6 0 -0.004247057 -0.004679354 -0.004714257 -0.004772931 -0.00426662 1000 -0.0002244766 -4.227465E-06 -0.0001547476 -0.0007590443 -0.001245812 1000
197 0.14 -4.75 0.6 0 -0.00440518 -0.004821134 -0.004308058 -0.004119814 -0.003629002 1000 -0.001067788 -0.0008743712 -0.001061042 -0.001050591 -0.001731067 1000
198 0.4800001 -5.5 0.9 0 -0.003247616 -0.003822793 -0.003929125 -0.003565792 -0.003450897 1000 -0.002156978 -0.001798204 -0.001616762 -0.001827074 -0.002418739 1000
199 0.06 4 0.5 1 -0.006677466 -0.006482548 -0.006498548 -0.006081467 -0.005822904 1000 -0.002049257 -0.002345749 -0.002034124 -0.00238355 -0.002430316 1000
200 0.04 4.75 0.4 0 -0.006046754 -0.005540899 -0.00505485 -0.004779636 -0.005395918 1000 -0.001250527 -0.001672214 -0.001102529 -0.001862046 -0.0008643168 1000
201 0.02 -5.5 0.1 0 -0.005234664 -0.005458858 -0.005132207 -0.004836397 -0.004967315 1000 -0.002046411 -0.001753886 -0.001431216 -0.002060267 -0.0007000333 1000
202 0.16 -5.5 0.5 -1 -0.004565666 -0.005845154 -0.004563255 -0.003493329 -0.002814464 1000 -0.001667841 -0.00040049 -0.0001330262 -0.0009474405 -0.0001318271 1000
203 0.02 4 0.6 -1 -0.003124678 -0.003515115 -0.003189344 -0.003310375 -0.003664875 1000 -0.0006323865 -0.001942799 -0.002552579 -0.002158868 -0.002186217 1000
204 0.02 -4.75 0.1 0 -0.004428318 -0.003870625 -0.003431268 -0.002864017 -0.003042049 1000 -0.002275228 -0.002128615 -0.002168414 -0.002335745 -0.002033826 1000
205 0.4600001 4.75 0.9 0 -0.001968322 -0.001709157 -0.001595841 -0.0003234375 -0.001502247 1000 -0.002051227 -0.001681097 -0.001563248 -0.00125291 -0.00139653 1000
206 0.6 -5.5 0.6 0 -0.003077596 -0.002792527 -0.002789469 -0.002948188 -0.002898264 1000 -0.001414139 -0.002077024 -0.002065006 -0.00179601 -0.002118012 1000
207 0.12 -5.5 0.6 -1 -0.001712336 -0.001777482 -0.001741465 -0.001571657 -0.0006436548 1000 -0.003046475 -0.003092871 -0.002784959 -0.002991004 -0.003061327 1000
208 0.02 -5.5 0.5 1 -0.0033753 -0.002992638 -0.003087259 -0.002815906 -0.001418593 1000 -0.002953548 -0.002943898 -0.003295492 -0.003514621 -0.003343543 1000
209 0.42 4 0.8 0 -0.002923843 -0.002581182 -0.002042576 -0.00147587 -0.001423986 1000 -0.003998795 -0.003508826 -0.003540209 -0.003526575 -0.003507295 1000
210 0.34 5.5 1 0 -0.002104809 -0.002949096 -0.003276573 -0.002983842 -0.002521001 1000 -0.001936762 -0.002177458 -0.001965582 -0.00216304 -0.002725061 1000
211 0.08 4.75 0.3 0 -0.002778087 -0.002725544 -0.003222845 -0.002892444 -0.002518127 1000 -0.003700701 -0.004068135 -0.003620115 -0.003183019 -0.003306832 1000
212 0.12 4.75 0.7 1 -0.001456798 -0.001104678 -0.001194107 -0.001119924 -0.001822786 1000 -0.003058071 -0.003071643 -0.003332086 -0.003035017 -0.00249525 1000
213 0.02 -5.5 0.2 0 -0.002968181 -0.003454632 -0.00303734 -0.00308258 -0.002656583 1000 -0.003337598 -0.003248649 -0.003573436 -0.003987281 -0.002856667 1000
214 0.02 4.75 0.5 -1 -0.002326453 -0.002830295 -0.002331092 -0.001649726 -0.0009032587 1000 -0.004210631 -0.00377067 -0.003672935 -0.003766485 -0.004108023 1000
215 1.14 4.75 0.6 0 -0.002034348 -0.002037468 -0.001847812 -0.002186259 -0.002241344 1000 -0.003029513 -0.003242336 -0.003627248 -0.003470036 -0.003053953 1000
216 0.02 -5.5 0.1 0 -0.002529827 -0.002811845 -0.002317439 -0.001772648 -0.000959902 1000 -0.004321908 -0.004025973 -0.003911125 -0.003816745 -0.00401739 1000
217 0.3 -4 0.7 0 -0.00196226 -0.001844012 -0.001522987 -0.000871042 -0.0004897831 1000 -0.002004813 -0.00247961 -0.002744809 -0.002925622 -0.002840258 1000
218 0.02 4.75 0.2 0 0.0009571104 0.0004718105 6.699887E-05 0.0007016654 0.001419017 1000 -0.004197619 -0.004225961 -0.003761418 -0.003551867 -0.003610994 1000
219 0.02 -4 0.6 1 0.0006070128 0.0006824889 0.0009080616 0.001490917 0.001960612 1000 -0.004239723 -0.002691171 -0.002439014 -0.002869179 -0.003097439 1000
220 0.4800001 4.75 1 0 -0.0009678161 -0.001395087 -0.001583093 -0.0007987104 -0.0009413935 1000 -0.003318803 -0.00268488 -0.002893688 -0.00293755 -0.002570096 1000
221 0.02 -4 0.1 0 0.0004671921 0.0006344643 0.0003233623 0.000877572 0.001313574 1000 -0.003488856 -0.003346284 -0.003284706 -0.003365589 -0.003005776 1000
222 0.02 -4.75 0.2 0 -0.000619135 -0.0003021581 -0.0004466845 -0.0001462868 9.799611E-05 1000 -0.00271714 -0.003504955 -0.00335295 -0.003356945 -0.001924995 1000
223 0.8199998 -5.5 1 0 -0.001418382 -0.0008019899 -0.0006558598 -0.0008154217 -0.0009691617 1000 -0.002746888 -0.002774094 -0.00274644 -0.003163768 -0.003076139 1000
224 0.09999999 4.75 0.6 -1 -0.002544184 -0.003005311 -0.003149427 -0.003062816 -0.003072366 1000 -0.003138312 -0.002562664 -0.003009476 -0.003160536 -0.003297638 1000
225 0.26 -4.75 0.8 0 -0.002415621 -0.002446379 -0.002165085 -0.002272263 -0.002122058 1000 -0.003245624 -0.003144802 -0.003852699 -0.003583509 -0.003264178 1000
226 0.09999999 4 0.7 -1 -0.001827316 -0.002061108 -0.002137626 -0.002211583 -0.001860248 1000 -0.002692166 -0.003081921 -0.002816266 -0.002508778 -0.002835295 1000
227 0.6399999 -4 0.9 0 -0.002850986 -0.003254371 -0.003515682 -0.002910141 -0.003473069 1000 -0.005003519 -0.004466423 -0.004636533 -0.004964897 -0.004644764 1000
228 0.4 4.75 1 0 -0.00389216 -0.003861183 -0.002993706 -0.003229286 -0.003459928 1000 -0.005075101 -0.005151598 -0.005260157 -0.005214449 -0.005157679 1000
229 0.16 -4 0.6 0 -0.001981425 -0.003048478 -0.004300623 -0.00612157 -0.005741205 1000 -0.003848291 -0.003629259 -0.0044561 -0.004845831 -0.00637038 1000
230 0.02 -4.75 0.3 0 -0.003499432 -0.003283004 -0.003358919 -0.002562845 -0.00319564 1000 -0.002707452 -0.002759255 -0.002408778 -0.002797256 -0.002364973 1000
231 0.04 5.5 0.6 1 -0.008439714 -0.006269687 -0.005739448 -0.006078039 -0.005413579 1000 -0.006284976 -0.005684941 -0.002646156 0.00253794 0.009280288 1000
232 0.02 -4 0.5 1 -0.001938292 -0.0004579354 0.0001802793 0.001053751 0.003214479 1000 0.01713152 0.0142232 0.01347295 0.01388675 0.01261551 1000
233 0.28 -4 0.9 0 0.002543615 0.003644913 0.003421062 0.003624175 0.004027508 1000 0.01295755 0.01248036 0.01245507 0.01276585 0.01281411 1000
234 0.28 4.75 0.7 0 0.005561864 0.005670933 0.005081065 0.003937548 0.004967589 1000 0.01244638 0.01165926 0.01094881 0.01167505 0.01112345 1000
235 0.18 4 0.7 0 0.002033952 0.006235246 0.00713513 0.006783183 0.006619325 1000 0.0108289 0.009410003 0.008004104 0.007841611 0.007832536 1000
236 0.54 -5.5 0.5 0 0.004364717 0.004234114 0.003859846 0.003752276 0.003396416 1000 0.005609799 0.005193131 0.004850168 0.004042794 0.004320848 1000
237 0.02 4 0.5 1 0.001552577 0.001942828 0.002255661 0.002307012 0.002581447 1000 0.004913269 0.005085259 0.004708745 0.004471554 0.004822515 1000
238 0.6599999 -4.75 0.7 0 0.0004106493 0.0002635748 0.0002457294 0.0003002907 0.0007572288 1000 0.004485111 0.004325014 0.004158463 0.003306925 0.002139488 1000
239 0.52 5.5 0.5 1 0.002827182 0.003343375 0.003327008 0.0042229 0.004419162 1000 -0.002983159 -0.001920457 -0.0009699367 0.00014729 0.0008441427 1000
240 0.54 5.5 0.7 1 0.005586928 0.005663789 0.005816006 0.005904038 0.005746171 1000 0.00216191 0.002338173 0.002097266 0.001823481 0.001541208 1000
241 0.08 -4.75 0.6 1 0.002834873 0.003274642 0.003426593 0.003911363 0.004207297 1000 0.0009537858 0.001276223 0.001177183 0.0008018677 0.0009133711 1000
242 0.02 4 0.6 -1 0.005049713 0.004944601 0.004927374 0.005320368 0.005475004 1000 0.0002672464 0.0002568525 0.0007177613 0.0008676798 0.0009942638 1000
243 1.439999 -5.5 0.5 -1 0.003911932 0.003199832 0.002869868 0.003974108 0.003486289 1000 0.0005234646 8.24357E-05 -0.0001923427 -0.0006257841 -0.0002265931 1000
244 0.28 -4 0.7 0 0.00442136 0.004301534 0.004290647 0.004095553 0.004075771 1000 -0.0007519418 -0.0004979516 -0.000740245 -0.0006048215 -0.0007975526 1000
245 0.16 4.75 0.5 1 0.002648531 0.001972617 0.002236359 0.002552911 0.00263827 1000 -0.003725645 -0.002420792 -0.002786172 -0.003384079 -0.002743214 1000
246 0.06 4 0.4 0 0.002623455 0.002047001 0.001674855 0.002156124 0.002663362 1000 -0.00255648 -0.002207988 -0.002219021 -0.002584185 -0.002613383 1000
247 0.4400001 -4.75 0.9 0 0.0006364498 0.000279732 0.0008584823 0.0008568527 0.0007606823 1000 -0.00287873 -0.002554911 -0.002364228 -0.002020122 -0.002925333 1000
248 0.5000001 -4 1 0 -0.0004267608 -0.0001451371 -0.0009002408 -0.0007497456 -0.000392508 1000 -0.003429504 -0.003017504 -0.002600317 -0.002683897 -0.002699287 1000
249 0.02 -5.5 0.6 1 -0.002174734 -0.002711751 -0.002745384 -0.002418217 -0.002780416 1000 -0.001556403 -0.00129154 -0.001956534 -0.002281223 -0.002285867 1000
250 0.14 -4.75 0.9 0 -0.003246141 -0.003456048 -0.002525848 -0.002683923 -0.002940728 1000 -0.001696383 -0.001659836 -0.001441763 -0.002176905 -0.001767897 1000
251 0.04 -4.75 0.5 0 -0.002505042 -0.003445352 -0.003931339 -0.003462133 -0.00292544 1000 -0.001879336 -0.001856028 -0.002051563 -0.002388495 -0.002710711 1000
252 0.2 4.75 0.5 0 -0.005034528 -0.005159274 -0.005316912 -0.004956901 -0.004473346 1000 -0.00379516 -0.003794895 -0.003594467 -0.003734203 -0.004101584 1000
253 0.26 4.75 0.5 0 -0.004115561 -0.00372282 -0.003559379 -0.003189509 -0.003341672 1000 -0.002823087 -0.002851156 -0.002471291 -0.002424218 -0.001868663 1000
254 0.2 -4 0.6 0 -0.004036214 -0.003976827 -0.004583192 -0.004473315 -0.005384414 1000 -0.001623556 -0.002113467 -0.001871112 -0.001662319 -0.00178157 1000
255 0.16 -4 0.8 0 -0.005204997 -0.005071648 -0.004825765 -0.004478703 -0.004484018 1000 -0.001719491 -0.001899914 -0.001909643 -0.001929067 -0.002043286 1000
256 0.02 4.75 0.6 1 -0.003783091 -0.003852654 -0.003128014 -0.003204957 -0.003821153 1000 -0.001023536 -0.00146566 -0.001499805 -0.001587599 -0.001299413 1000
257 0.52 5.5 0.9 0 -0.004622353 -0.004557016 -0.004768665 -0.004331016 -0.003455251 1000 -0.001746494 -0.001320044 -0.0007571868 -0.0008052928 -0.001473241 1000
258 0.04 -4 0.5 1 -0.002675326 -0.002208265 -0.002953509 -0.003031928 -0.002454076 1000 -0.00115642 -0.001086018 -0.001627504 -0.001433898 -0.00171513 1000
259 0.06 4 0.5 -1 -0.003197402 -0.003224736 -0.002876916 -0.002554304 -0.002205611 1000 -0.001282779 -0.0009703898 -0.001218811 -0.001269942 -0.001817659 1000
260 0.02 5.5 0.3 0 -0.004653386 -0.004309617 -0.004507111 -0.004515368 -0.003190408 1000 -0.0008091079 -0.001160468 -0.0009654794 -0.0002088462 -0.001599189 1000
261 0.02 -4.75 0.7 1 -0.004828724 -0.00389352 -0.004129604 -0.004297927 -0.003365081 1000 -0.001817801 -0.001396642 -0.001405637 -0.001335151 -0.001648416 1000
262 0.02 -4.75 0.2 0 -0.003713795 -0.003545154 -0.003607261 -0.003250107 -0.002345263 1000 -0.0002559187 -0.0004077185 -0.0007611195 -0.0003597027 -0.001235854 1000
263 0.02 -5.5 0.3 0 -0.007040482 -0.007553486 -0.008429051 -0.009140178 -0.00921884 1000 0.001341669 0.001193329 0.0007608268 0.0005793925 0.0001045869 1000
264 0.14 4 0.4 0 -0.008380477 -0.007230506 -0.007365264 -0.007552487 -0.007313669 1000 0.001942305 0.004348735 0.004620937 0.004073201 0.003427226 1000
265 0.3 4 0.7 0 -0.01379737 -0.01293694 -0.01253344 -0.01168627 -0.01195773 1000 0.0008515969 0.0003310988 0.0009060819 0.0009283714 0.001499316 1000
266 0.3 4.75 0.4 0 -0.01441773 -0.01571602 -0.01569312 -0.01566496 -0.01564752 1000 0.004412619 0.003837624 0.003336007 0.003463983 0.003524671 1000
267 0.12 -4.75 0.3 0 -0.01564153 -0.01488634 -0.01466407 -0.01510565 -0.01514318 1000 0.005275174 0.004454697 0.003450265 0.002535961 0.002230875 1000
268 0.28 4.75 0.3 0 -0.01751008 -0.0172254 -0.01666473 -0.01624872 -0.01623667 1000 0.001496137 0.001812058 0.001964774 0.001801532 0.002600798 1000
269 0.06 -4 0.1 0 -0.01521033 -0.01513418 -0.01549134 -0.01510291 -0.01465067 1000 0.003075702 0.002816152 0.003178505 0.002944867 0.003090195 1000
270 0.6799999 4.75 0.7 0 -0.01542183 -0.01503235 -0.01492683 -0.01482233 -0.01477646 1000 0.003322115 0.003107913 0.003024835 0.002615672 0.003083334 1000
271 0.6399999 4.75 0.8 0 -0.01628607 -0.0158542 -0.01513781 -0.01449936 -0.01457804 1000 0.001337753 0.001894979 0.002284679 0.002439135 0.002950168 1000
272 0.9199997 -5.5 0.9 0 -0.01736527 -0.01722552 -0.01768811 -0.01751621 -0.01734444 1000 0.00261217 0.002766296 0.002690432 0.001923002 0.001741655 1000
273 0.3 5.5 0.5 0 -0.02007198 -0.02006927 -0.02018054 -0.01977081 -0.02010466 1000 0.00126342 0.001477805 0.00158344 0.001533056 0.001787332 1000
