trial Response_Time velH Occlusion_Duration velH_Subject xRotations_first0 xRotations_first1 xRotations_first2 xRotations_first3 xRotations_first4 xRotations_first5 yRotations_first0 yRotations_first1 yRotations_first2 yRotations_first3 yRotations_first4 yRotations_first5
1 0.3 -4.75 0.4 0 0.01200567 0.0130009 0.01929032 0.01780638 0.01480565 1000 -0.01574214 -0.00297888 0.007432756 0.0094765 0.006063019 1000
2 0.4800001 5.5 0.7 0 0.02024872 0.01931817 0.01893694 0.01835288 0.01912185 1000 0.006017755 0.007559941 0.007271249 0.006495351 0.00696196 1000
3 0.6599999 4.75 1 0 0.01946204 0.01961498 0.01983486 0.02003751 0.01980746 1000 0.008941316 0.009262683 0.008912492 0.008583588 0.009062285 1000
4 0.34 -4 0.5 0 0.02059254 0.02015831 0.01995466 0.02039491 0.02042733 1000 0.01067569 0.01051806 0.01079508 0.01084833 0.0106095 1000
5 0.8599997 5.5 0.9 0 0.02125382 0.0210453 0.02096887 0.0215919 0.02226572 1000 0.01034455 0.01007904 0.01039102 0.010216 0.01021335 1000
6 0.26 -4 0.6 0 0.02137405 0.02123089 0.02141468 0.02229217 0.0226336 1000 0.009786162 0.01043367 0.01046158 0.01072138 0.01060363 1000
7 0.4400001 4.75 0.7 0 0.02241314 0.02205194 0.02209534 0.0223999 0.02246044 1000 0.01077532 0.01114353 0.01154491 0.01115048 0.01106766 1000
8 0.26 -4.75 0.2 0 0.02398866 0.02438318 0.02494553 0.02496947 0.02415443 1000 0.0110668 0.01133578 0.01071311 0.01061502 0.009948821 1000
9 0.6399999 4.75 0.6 -1 0.01795625 0.01599302 0.01620848 0.01715333 0.01770071 1000 0.007476453 0.00679161 0.007229321 0.008138231 0.008379086 1000
10 0.4400001 4.75 0.7 0 0.01876165 0.01881663 0.01964645 0.01938495 0.01963379 1000 0.009995986 0.01016187 0.0102135 0.00948214 0.009833664 1000
11 0.56 4.75 0.5 -1 0.02158964 0.0219937 0.02169172 0.02133944 0.02018344 1000 0.009105765 0.009437442 0.008966438 0.009050786 0.009451152 1000
12 0.4400001 -4.75 0.8 0 0.01949908 0.0198713 0.02034546 0.02123765 0.02167345 1000 0.009023841 0.009305083 0.009023003 0.008579457 0.007872705 1000
13 0.28 -4.75 0.5 0 0.01971713 0.02024258 0.02053643 0.02114823 0.01993133 1000 0.008232502 0.00836393 0.008088715 0.008318309 0.007586258 1000
14 0.04 -4 0.5 0 0.01973504 0.02015798 0.02120513 0.02131668 0.0205659 1000 0.008168768 0.007947734 0.0079557 0.008425398 0.007775579 1000
15 0.12 -4 0.3 0 0.02029409 0.01972188 0.01960282 0.02007944 0.02076144 1000 0.007883957 0.008684928 0.00839188 0.008403287 0.008851504 1000
16 0.16 -5.5 0.3 0 0.02240572 0.0217014 0.02090574 0.020215 0.02023816 1000 0.009105409 0.008961572 0.009402655 0.009876286 0.009216123 1000
17 0.26 4.75 0.8 0 0.02024213 0.02098156 0.02132267 0.02168418 0.02130185 1000 0.008906683 0.009756556 0.009819603 0.0097659 0.01027384 1000
18 0.4600001 -5.5 0.6 1 0.02192836 0.02310768 0.02252458 0.02222909 0.02162351 1000 0.009383406 0.009487242 0.008512784 0.008404007 0.008444632 1000
19 0.32 5.5 0.4 0 0.0228464 0.02245591 0.02213947 0.02227881 0.02198547 1000 0.007994715 0.007924715 0.008536465 0.008836337 0.008535696 1000
20 0.24 5.5 0.5 1 0.02183738 0.02193071 0.02198497 0.02245505 0.02325529 1000 0.008640392 0.009105115 0.008847173 0.008956557 0.009464737 1000
21 0.26 4 0.5 1 0.02190841 0.02192626 0.02219562 0.0228234 0.02195664 1000 0.01036115 0.009906105 0.009626368 0.009714074 0.009575767 1000
22 2.479998 -4 0.6 1 0.02127573 0.02183939 0.02216787 0.02303198 0.02211099 1000 0.01168429 0.01170525 0.01081035 0.01107412 0.01072088 1000
23 0.5000001 -4.75 0.6 1 0.02161671 0.02130947 0.0208817 0.02127072 0.02142193 1000 0.008530056 0.008909796 0.009319236 0.009290171 0.009371977 1000
24 0.32 4 0.7 1 0.02221431 0.02153353 0.02103929 0.02054532 0.02085182 1000 0.009254248 0.009207705 0.009942779 0.01042383 0.01020469 1000
25 0.58 -4 0.7 1 0.02097256 0.02115758 0.02121455 0.02112257 0.02092389 1000 0.01221196 0.01180725 0.0113914 0.01184765 0.01173419 1000
26 0.52 -4 0.5 1 0.02146992 0.02121701 0.02082184 0.02092573 0.02162689 1000 0.01049877 0.01131804 0.01088278 0.01056991 0.01094441 1000
27 0.4 4 0.4 0 0.02160751 0.02254974 0.02205818 0.02158343 0.02097104 1000 0.01034422 0.01117676 0.01082364 0.01050234 0.01129121 1000
28 0.54 -4 0.7 1 0.02088446 0.02293117 0.02230768 0.02211752 0.02157947 1000 0.0117293 0.01232451 0.01113923 0.01135569 0.01166891 1000
29 0.12 4.75 0.2 0 0.02250318 0.02226746 0.02158407 0.02191266 0.02249721 1000 0.0109511 0.0114871 0.01150286 0.01119813 0.01111859 1000
30 0.16 5.5 0.2 0 0.02518539 0.02537446 0.02499772 0.02455892 0.02373567 1000 0.01071849 0.01028522 0.0101602 0.0105948 0.01090648 1000
31 0.04 -5.5 0.2 0 0.0229976 0.02284589 0.0229345 0.0225074 0.02255007 1000 0.01067704 0.01018479 0.009859774 0.009181252 0.009484755 1000
32 0.22 -4.75 0.3 0 0.02400483 0.02305633 0.02357595 0.02362809 0.02407985 1000 0.009603563 0.01014159 0.009791364 0.009432508 0.009624073 1000
33 0.54 4.75 0.6 1 0.02336086 0.02335173 0.02321771 0.02379476 0.02375905 1000 0.00910398 0.009730194 0.009974367 0.01009153 0.00997 1000
34 0.7199998 4 0.7 -1 0.02342325 0.02351693 0.02437739 0.02387545 0.02349253 1000 0.01018856 0.01041129 0.01035745 0.009867043 0.009700792 1000
35 0.9399996 -4.75 0.7 -1 0.0233619 0.02316896 0.02347085 0.0238977 0.02431423 1000 0.01022932 0.01053928 0.009987433 0.009932811 0.009697037 1000
36 0.7199998 -4 0.8 0 0.02457902 0.02490315 0.02557915 0.02584812 0.02500869 1000 0.008944094 0.00855088 0.008737731 0.008828321 0.008341854 1000
37 0.8599997 5.5 0.7 -1 0.02474046 0.02266641 0.02004334 0.0191995 0.01842051 1000 0.008934466 0.006467566 0.002476328 0.003397277 0.005341334 1000
38 0.6999999 4.75 0.7 -1 0.01781985 0.01841559 0.01809302 0.01852359 0.01776051 1000 0.00868912 0.008796642 0.008326858 0.008475525 0.008433749 1000
39 0.4400001 -5.5 0.3 0 0.0202681 0.02026711 0.01910184 0.01906952 0.01915639 1000 0.009355146 0.009267598 0.009279597 0.009236055 0.008204119 1000
40 0.52 5.5 0.7 1 0.01770218 0.01803534 0.01871866 0.01916979 0.01892086 1000 0.008621374 0.00846124 0.009133131 0.009621121 0.009030426 1000
41 0.5000001 -5.5 0.8 0 0.0187358 0.01781712 0.01708882 0.01689128 0.01720125 1000 0.008846545 0.008645459 0.008609497 0.008525988 0.008392253 1000
42 0.12 -4 0.3 0 0.01897808 0.01931976 0.01966948 0.02018777 0.0193789 1000 0.00908672 0.009346119 0.008781972 0.009227906 0.008748556 1000
43 0.18 -4.75 0.7 0 0.01863313 0.01816034 0.01815819 0.01882702 0.01950114 1000 0.009034287 0.009438573 0.009230652 0.009087814 0.009501183 1000
44 0.4600001 -5.5 0.5 -1 0.02038377 0.0190494 0.01912637 0.01942047 0.01987715 1000 0.008330941 0.009187593 0.009105754 0.008875277 0.008985579 1000
45 0.28 -4.75 0.5 0 0.01974392 0.02078857 0.02153138 0.0212354 0.02111012 1000 0.009313066 0.009523261 0.009467795 0.009239619 0.00962314 1000
46 0.36 -4.75 0.7 0 0.0214805 0.02134131 0.02092362 0.02063084 0.0198726 1000 0.007721508 0.007710542 0.00765001 0.007884035 0.008038359 1000
47 0.32 -4 0.6 0 0.02225246 0.02156181 0.02101672 0.02178654 0.02176623 1000 0.007063956 0.007894349 0.008454729 0.008180132 0.008221457 1000
48 0.7199998 4.75 0.7 -1 0.02106037 0.02072781 0.02101945 0.0228464 0.0238458 1000 0.008169764 0.008805331 0.008801472 0.009725094 0.009987212 1000
49 0.24 -4 0.4 0 0.02331155 0.02326405 0.02235543 0.02198448 0.02150522 1000 0.009384638 0.009580263 0.008716847 0.008837147 0.009173087 1000
50 0.54 -4.75 0.3 0 0.01799408 0.01844756 0.01852334 0.01891937 0.01854602 1000 0.007921856 0.007736567 0.007803929 0.007589207 0.006555052 1000
51 0.4400001 4 0.6 1 0.01957761 0.01952708 0.02002621 0.01982218 0.01930104 1000 0.007224667 0.007582138 0.007393539 0.007403899 0.007523789 1000
52 0.56 -5.5 0.6 0 0.02095788 0.02115646 0.02062227 0.0200287 0.01895996 1000 0.0100259 0.01004637 0.009192261 0.009306973 0.009455878 1000
53 0.56 -4.75 0.5 1 0.019302 0.01892236 0.01895876 0.01980553 0.01911331 1000 0.006619561 0.006873838 0.006773101 0.00674813 0.006524817 1000
54 0.5000001 -4 0.7 1 0.02000409 0.01900033 0.01852931 0.01834444 0.01819664 1000 0.006805249 0.006619917 0.006107076 0.006391761 0.006376778 1000
55 0.28 -4 0.4 0 0.02001071 0.0197656 0.01879825 0.01875088 0.01915225 1000 0.007533377 0.007810262 0.008018175 0.007791601 0.006878363 1000
56 0.4 -4.75 0.5 0 0.0199717 0.01936728 0.01883121 0.01881885 0.01955534 1000 0.006512816 0.006336447 0.0065873 0.007183318 0.006940839 1000
57 0.9399996 -5.5 1 0 0.01999044 0.02010607 0.01981322 0.0201001 0.02048259 1000 0.00563929 0.006043305 0.005761297 0.00553732 0.004899149 1000
58 0.6399999 -4.75 0.5 1 0.01978498 0.01927414 0.01941013 0.01948924 0.01966097 1000 0.0047437 0.004824481 0.004404851 0.00426352 0.004223218 1000
59 0.4600001 4.75 0.7 0 0.02084332 0.01990304 0.01974078 0.0195121 0.01932 1000 0.004457783 0.00381404 0.004028032 0.004566839 0.004169088 1000
60 0.16 -4 0.2 0 0.0210384 0.02048109 0.01989904 0.02058916 0.02094516 1000 0.005627386 0.006102931 0.006078116 0.005723298 0.005178479 1000
61 0.6799999 4.75 0.6 1 0.02226012 0.0217858 0.02120532 0.02084637 0.02107299 1000 0.004681306 0.004986214 0.005291502 0.005405264 0.00552887 1000
62 0.4600001 -4 1 0 0.02191177 0.02206721 0.02239999 0.02186479 0.02145652 1000 0.006150896 0.006106894 0.005344586 0.005087864 0.005259481 1000
63 0.3 4.75 0.4 0 0.02394912 0.02351134 0.0221431 0.02195118 0.02180501 1000 0.005380147 0.005704325 0.005687607 0.005637765 0.005883119 1000
64 0.4600001 4 0.9 0 0.02242187 0.02201047 0.0222004 0.02254519 0.02224992 1000 0.006349772 0.006819517 0.006428421 0.007160597 0.007970875 1000
65 0.14 5.5 0.1 0 0.02280377 0.02289648 0.02299114 0.02362292 0.02284563 1000 0.006072917 0.006069749 0.005900553 0.006079981 0.006130566 1000
66 0.56 4.75 0.8 0 0.02357137 0.0229728 0.02351339 0.0241807 0.02420603 1000 0.006963124 0.007402229 0.006592182 0.006422551 0.006892936 1000
67 0.6199999 5.5 0.9 0 0.02225765 0.02284749 0.02289693 0.023315 0.02210197 1000 0.005980957 0.00666131 0.00607559 0.006960404 0.007601639 1000
68 0.7799998 -5.5 0.7 1 0.02185386 0.02101756 0.02094084 0.02112972 0.02145602 1000 0.006590786 0.006621783 0.005564702 0.005305994 0.005795629 1000
69 0.14 -5.5 0.5 0 0.02245144 0.02240094 0.02183707 0.0217227 0.02213128 1000 0.004679075 0.005027426 0.005210513 0.005077407 0.004647134 1000
70 0.42 4.75 0.5 -1 0.02309271 0.0227685 0.02291424 0.02255679 0.02253487 1000 0.006020349 0.005538224 0.005954937 0.006344587 0.006807267 1000
71 0.09999999 5.5 0.2 0 0.02401188 0.02343395 0.02306272 0.02348968 0.02312467 1000 0.005126369 0.005121187 0.004776489 0.00460852 0.005132742 1000
72 0.3 5.5 0.3 0 0.02412978 0.02362819 0.02400622 0.02375768 0.02325549 1000 0.005327849 0.005445239 0.005217645 0.005142575 0.005839886 1000
73 0.24 5.5 0.4 0 0.02239927 0.02263978 0.0231642 0.02441812 0.02413057 1000 0.005160547 0.005633729 0.005633718 0.005775271 0.005760559 1000
74 0.56 -4.75 0.7 -1 0.02254085 0.02268005 0.0229155 0.02384965 0.02393207 1000 0.005843493 0.005368083 0.004594879 0.004407729 0.004512136 1000
75 0.58 4 0.6 -1 0.02356212 0.02443187 0.02311085 0.02257916 0.02177816 1000 0.005040545 0.005516641 0.005051284 0.005395951 0.006039918 1000
76 0.18 -5.5 0.2 0 0.02271476 0.02274898 0.02373396 0.02491163 0.02502334 1000 0.006498352 0.007064778 0.006195135 0.00613702 0.006064108 1000
77 0.24 5.5 0.5 1 0.02350987 0.02343143 0.02369543 0.02457951 0.02405558 1000 0.006256373 0.006259204 0.005904814 0.005493002 0.00566259 1000
78 0.4400001 -5.5 0.5 1 0.02467941 0.02522687 0.02531771 0.02615802 0.02511903 1000 0.007370866 0.006860565 0.006073054 0.006100968 0.005457531 1000
79 0.3 -4 0.5 1 0.02538691 0.02530107 0.02480851 0.02459654 0.02407084 1000 0.006608544 0.006618487 0.005853266 0.005902437 0.00602943 1000
80 0.32 -5.5 0.3 0 0.02470634 0.02433255 0.02411752 0.02409947 0.02447606 1000 0.00607342 0.005987419 0.005540532 0.00532171 0.005058657 1000
81 0.32 4 0.5 0 0.02268917 0.0223449 0.02265047 0.0236947 0.0240407 1000 0.006707089 0.007375403 0.006311683 0.006167798 0.006836835 1000
82 0.6599999 4.75 1 0 0.02322676 0.02310741 0.02352797 0.02303692 0.02269931 1000 0.0046472 0.004593933 0.004419677 0.00445409 0.004721825 1000
83 0.16 4 0.1 0 0.02242062 0.02243147 0.02288064 0.02323239 0.02312028 1000 0.004227446 0.004291236 0.004210885 0.004015194 0.004127589 1000
84 0.02 4.75 0.1 0 0.02284561 0.02256357 0.0227917 0.02354919 0.02466009 1000 0.00454024 0.005087636 0.004973161 0.004593242 0.004765824 1000
85 0.26 5.5 0.4 0 0.02449994 0.0235176 0.02310347 0.02269118 0.02315346 1000 0.003510631 0.003431221 0.003539009 0.003660534 0.003886398 1000
86 0.52 -5.5 0.6 -1 0.02471621 0.02322254 0.02216664 0.02178885 0.02210824 1000 0.004820654 0.004360748 0.004247508 0.003756596 0.003513342 1000
87 0.4 -5.5 0.6 0 0.02260044 0.02338314 0.02412288 0.02496912 0.02405351 1000 0.004347458 0.004473789 0.004586181 0.004602386 0.003934391 1000
88 0.4600001 4.75 0.4 0 0.02382473 0.02452812 0.02371616 0.02335921 0.022795 1000 0.004356443 0.004422236 0.004144393 0.004644256 0.005182521 1000
89 0.14 4 0.1 0 0.02424364 0.02372265 0.02310636 0.02360481 0.02402209 1000 0.003974407 0.004650258 0.004866348 0.004610206 0.004740214 1000
90 0.56 5.5 0.8 0 0.02435214 0.02382646 0.02332677 0.02365175 0.02434185 1000 0.003544865 0.00394667 0.004634625 0.00529788 0.00541537 1000
91 0.5000001 4.75 0.5 1 0.02422019 0.02476379 0.02443278 0.02408141 0.02383457 1000 0.00474977 0.00489259 0.004927378 0.004779897 0.005079188 1000
92 0.34 -4 0.7 0 0.02410207 0.02364889 0.02335606 0.02370774 0.02402763 1000 0.006030005 0.006061723 0.006042735 0.005751242 0.005173755 1000
93 0.4600001 5.5 0.9 0 0.02470719 0.02440177 0.02496345 0.02588947 0.0251753 1000 0.006264629 0.006305021 0.00591364 0.006151226 0.00675455 1000
94 0.6599999 -4.75 0.5 0 0.02458377 0.02443287 0.02403156 0.02404811 0.02362327 1000 0.007795773 0.007514934 0.006987055 0.007107023 0.007363495 1000
95 0.52 5.5 0.5 1 0.02262948 0.02284033 0.02387955 0.02379535 0.02341373 1000 0.005976358 0.005971144 0.005849991 0.005843195 0.005841952 1000
96 0.6999999 -4.75 0.3 0 0.02268984 0.0224971 0.02238662 0.0220902 0.02277737 1000 0.006439415 0.005956377 0.006486641 0.006158262 0.005496519 1000
97 0.56 -5.5 0.7 -1 0.02356917 0.02376782 0.02322438 0.02285597 0.02257565 1000 0.006412606 0.006597134 0.006516856 0.005967645 0.006123416 1000
98 0.22 5.5 0.1 0 0.02295436 0.02353906 0.02413025 0.02385882 0.02340726 1000 0.005882321 0.006389268 0.006229226 0.006506495 0.007130437 1000
99 0.54 4.75 0.6 1 0.02235026 0.0232975 0.0234358 0.02370734 0.02304633 1000 0.005916464 0.005593956 0.005443461 0.0061193 0.006153496 1000
100 0.34 4 0.5 0 0.0221171 0.02464311 0.02406686 0.02380278 0.02333204 1000 0.00904136 0.009079223 0.008904398 0.008704548 0.009647165 1000
101 0.4800001 -5.5 0.7 -1 0.02470756 0.0241437 0.02403863 0.02396705 0.02365608 1000 0.009256359 0.008815406 0.008886881 0.008566296 0.007599549 1000
102 0.4400001 5.5 0.8 0 0.02382686 0.02424534 0.02425011 0.02335383 0.02312625 1000 0.00863501 0.008355957 0.008535229 0.00867644 0.009627628 1000
103 0.2 4 0.2 0 0.02294623 0.02342959 0.0231378 0.02364386 0.02369009 1000 0.01053906 0.01066821 0.01104026 0.01070455 0.01067981 1000
104 0.4 -4 0.7 1 0.02383011 0.02390436 0.0232965 0.02342946 0.02305388 1000 0.009852026 0.009774844 0.009798359 0.00961056 0.009040046 1000
105 0.32 -4 0.6 0 0.02345913 0.02254103 0.02312985 0.02347993 0.02367685 1000 0.008528919 0.009112722 0.008228197 0.007671314 0.00794814 1000
106 0.09999999 -5.5 0.1 0 0.02320944 0.02317313 0.02408793 0.02489467 0.02556401 1000 0.006459301 0.006948005 0.007368241 0.007389438 0.007405398 1000
107 0.4 -5.5 0.6 0 0.02383255 0.02407111 0.02398011 0.02442625 0.02475982 1000 0.006532195 0.006975621 0.007080075 0.006257261 0.005785706 1000
108 0.12 -4 0.1 0 0.02467246 0.02412651 0.02485448 0.02509596 0.02532815 1000 0.007707589 0.008450855 0.008336381 0.007493892 0.007242409 1000
109 0.34 -4 0.5 0 0.02498029 0.02470218 0.02433569 0.02475918 0.02537338 1000 0.00671055 0.007196361 0.007032609 0.006219725 0.006246943 1000
110 0.52 -5.5 0.6 1 0.02374304 0.02441281 0.02502648 0.024533 0.02431502 1000 0.007962286 0.007357473 0.006938964 0.006592863 0.006089758 1000
111 0.54 4.75 0.7 1 0.02535723 0.02683965 0.02618558 0.0256286 0.02541175 1000 0.008111411 0.007990302 0.008153908 0.008954667 0.009046035 1000
112 0.32 4.75 0.5 1 0.02477681 0.02509817 0.02571805 0.02585562 0.02519403 1000 0.007324744 0.007470596 0.007757895 0.007735273 0.008733193 1000
113 0.14 4.75 0.3 0 0.02502583 0.02589619 0.02613218 0.02504014 0.02476107 1000 0.007444796 0.007432516 0.007740243 0.007489088 0.008274351 1000
114 0.28 4.75 0.6 0 0.02408906 0.02471987 0.02562424 0.02613504 0.02527543 1000 0.008292222 0.00788501 0.007890625 0.007989822 0.00808434 1000
115 0.4800001 4 0.7 -1 0.02574988 0.02660671 0.02615213 0.02546074 0.02563085 1000 0.008827943 0.008807944 0.009094181 0.009231097 0.00954969 1000
116 0.32 -4.75 0.4 0 0.02454988 0.0245528 0.02403959 0.02476519 0.02547079 1000 0.009426587 0.009542828 0.009278147 0.008896034 0.009024982 1000
117 0.4600001 -4.75 0.5 -1 0.02422663 0.02401461 0.02480688 0.02497569 0.02392252 1000 0.009026701 0.008240213 0.008531669 0.008770281 0.007789576 1000
118 0.5000001 5.5 0.8 0 0.02453154 0.02463638 0.02461422 0.02515725 0.02498165 1000 0.007066207 0.007160794 0.006839567 0.007767794 0.007977362 1000
119 0.56 -5.5 0.5 0 0.02502897 0.02534417 0.02523538 0.02495132 0.02480567 1000 0.007321342 0.007039299 0.006854502 0.006512855 0.005527403 1000
120 0.6199999 -4.75 0.9 0 0.01828504 0.01814971 0.01760705 0.01738521 0.01904235 1000 0.004294875 0.003812354 0.004078154 0.003627627 0.002868832 1000
121 0.26 4 0.2 0 0.01741554 0.01659549 0.01577135 0.01703254 0.01842733 1000 0.002115082 0.003230254 0.004020724 0.004373643 0.004731778 1000
122 0.5000001 5.5 0.5 -1 0.01362996 0.01289488 0.01317866 0.01418888 0.0143202 1000 0.006856214 0.006381908 0.00611307 0.006123362 0.006121516 1000
123 0.7399998 -4.75 0.8 0 0.01784571 0.01745251 0.01766801 0.01700683 0.01683349 1000 0.005456253 0.004832185 0.004813114 0.004976668 0.004892447 1000
124 0.4800001 4 0.7 0 0.01850584 0.01800514 0.01786075 0.01756081 0.01798163 1000 0.003817448 0.003907959 0.004306568 0.004594345 0.004715645 1000
125 0.6599999 5.5 0.7 0 0.01799208 0.01780243 0.01746294 0.01797356 0.01754152 1000 0.004442102 0.004254574 0.004089223 0.004184829 0.004312817 1000
126 0.4600001 4 0.5 -1 0.01726335 0.01596732 0.01582276 0.01659722 0.01747059 1000 0.004790207 0.004958352 0.004732438 0.004327019 0.004202379 1000
127 0.28 -5.5 0.1 0 0.01664253 0.01824615 0.01784227 0.01777041 0.01719535 1000 0.004174512 0.004749584 0.004870398 0.0046804 0.004964334 1000
128 0.14 4 0.5 1 0.0187467 0.01808112 0.0177254 0.01743298 0.0174057 1000 0.004604354 0.004427886 0.005114775 0.005069797 0.004985683 1000
129 0.52 -4 0.6 1 0.01852569 0.01748298 0.01721288 0.01647849 0.01637045 1000 0.004747126 0.004324315 0.004628247 0.004779646 0.005076142 1000
130 0.7199998 -4 0.9 0 0.01787563 0.018481 0.01868036 0.01788077 0.0179897 1000 0.004996783 0.00502674 0.005394567 0.005042308 0.004861958 1000
131 0.6599999 -5.5 0.6 1 0.01721483 0.01755014 0.01793395 0.01892487 0.01810736 1000 0.005072569 0.005083629 0.00448497 0.004407004 0.004084966 1000
132 0.6 5.5 0.7 0 0.01817949 0.01795644 0.01797125 0.01817268 0.01894685 1000 0.004221846 0.004279986 0.004122947 0.004112237 0.004559434 1000
133 0.09999999 -5.5 0.1 0 0.01804701 0.01760412 0.01743111 0.01614014 0.01618873 1000 0.0042457 0.00425331 0.004545821 0.004943187 0.004703938 1000
134 0.4600001 4 0.7 1 0.01799336 0.01826529 0.01709438 0.01737042 0.01722453 1000 0.003965961 0.004592478 0.004463071 0.005345329 0.005721633 1000
135 0.4 -4.75 0.5 -1 0.01666057 0.01686667 0.01694746 0.0178314 0.01754356 1000 0.003978222 0.004131023 0.003643285 0.003301557 0.00334985 1000
136 0.54 4.75 0.7 1 0.01766595 0.01812771 0.01813221 0.01841363 0.01713165 1000 0.003392939 0.003592724 0.003623606 0.003656528 0.004393491 1000
137 0.8599997 5.5 1 0 0.01608752 0.01605742 0.01669057 0.01789486 0.01859835 1000 0.004327849 0.004689971 0.005243128 0.005464368 0.005889069 1000
138 0.6999999 -5.5 0.6 -1 0.01803402 0.01714017 0.01710809 0.01711853 0.01717097 1000 0.006008691 0.005601369 0.00537911 0.005719604 0.005316047 1000
139 0.6 -5.5 0.3 0 0.01700098 0.01747149 0.01800709 0.01734615 0.0173961 1000 0.005249298 0.005130495 0.004659899 0.004385123 0.004030392 1000
140 0.6199999 4.75 0.7 -1 0.01965508 0.01905403 0.01907709 0.0200499 0.02062925 1000 0.003807865 0.004406524 0.004992195 0.004595709 0.005523441 1000
141 0.4400001 -5.5 0.6 0 0.0191774 0.01931435 0.01947233 0.01985279 0.02052669 1000 0.005238428 0.0055239 0.006269343 0.005527495 0.004677576 1000
142 0.22 4.75 0.3 0 0.02037358 0.0202597 0.02055988 0.02042388 0.0202486 1000 0.004947776 0.005112707 0.0051689 0.00580639 0.006701728 1000
143 0.38 -4.75 0.6 -1 0.02228396 0.02298461 0.0223055 0.02223238 0.02175962 1000 0.003658842 0.004028603 0.004032629 0.003822338 0.003602939 1000
144 0.6199999 5.5 0.7 0 0.02182305 0.02198655 0.02132658 0.02184899 0.02240125 1000 0.003346093 0.003888673 0.004339982 0.004531587 0.005008839 1000
145 0.16 4 0.2 0 0.02160901 0.021974 0.02089917 0.0209333 0.02099061 1000 0.004328611 0.004619507 0.004056609 0.004450497 0.005333218 1000
146 0.32 -4 0.5 1 0.02167866 0.02204885 0.02249977 0.02263834 0.02182508 1000 0.005301688 0.004558369 0.004464312 0.004050326 0.003564454 1000
147 0.3 -5.5 0.5 -1 0.02141299 0.02172001 0.02197043 0.02124482 0.0207437 1000 0.003406453 0.003570257 0.003713125 0.003247699 0.003067977 1000
148 0.34 -4.75 0.7 0 0.02150841 0.02177958 0.02124385 0.02120502 0.02061309 1000 0.002703503 0.003065928 0.003136894 0.002849391 0.002411277 1000
149 0.6 -4.75 0.7 1 0.02077712 0.02089925 0.01997394 0.02071394 0.02145961 1000 0.003721124 0.003896119 0.004980566 0.005763445 0.005533694 1000
150 0.6999999 4.75 0.6 0 0.02376127 0.0218753 0.02089921 0.01981967 0.01946563 1000 0.01092104 0.008142717 0.007155981 0.007353023 0.00787391 1000
151 0.58 -4 0.6 0 0.01755634 0.01793911 0.01834439 0.01813683 0.01864726 1000 0.01029896 0.009842105 0.01033193 0.009027837 0.008386089 1000
152 0.56 4 0.5 -1 0.020931 0.0200597 0.02030571 0.0210718 0.02222865 1000 0.004851405 0.005532906 0.005347344 0.004939744 0.006757197 1000
153 0.54 5.5 0.4 0 0.02200158 0.02101092 0.02136347 0.02101096 0.02084519 1000 0.00737038 0.006778371 0.00770574 0.008422421 0.009076834 1000
154 0.32 4 0.3 0 0.0217805 0.02188817 0.0211541 0.02055034 0.01969478 1000 0.007317115 0.006429455 0.006808287 0.006904559 0.007379075 1000
155 0.54 5.5 0.6 1 0.02025537 0.01955328 0.0193588 0.01943431 0.02000154 1000 0.007502123 0.00715339 0.007022157 0.007457951 0.008130339 1000
156 0.52 4 0.5 0 0.01886585 0.01887663 0.01965881 0.01946682 0.0194241 1000 0.008509681 0.008268009 0.008547656 0.008403233 0.009730833 1000
157 0.6999999 -4.75 0.7 1 0.01962879 0.01923457 0.01823155 0.01829944 0.01839172 1000 0.007852611 0.007564654 0.00824554 0.008099446 0.006563187 1000
158 0.5000001 -4 0.4 0 0.01907273 0.01842354 0.01890316 0.01943885 0.01993495 1000 0.005898483 0.005678942 0.006365479 0.006695978 0.005956536 1000
159 0.6199999 4 0.6 0 0.01946929 0.01980207 0.0207577 0.02090679 0.0206733 1000 0.007253249 0.006757545 0.006890451 0.007894445 0.008124948 1000
160 0.54 5.5 0.7 1 0.02131402 0.02022695 0.0207433 0.02134773 0.02149853 1000 0.007837382 0.008180701 0.008103312 0.007794301 0.008219977 1000
161 0.7399998 -4 0.7 0 0.02048481 0.01978366 0.01938483 0.01942091 0.0205132 1000 0.007658663 0.006926781 0.006843462 0.007155825 0.006091311 1000
162 0.7799998 5.5 0.8 0 0.02081319 0.0208274 0.02064433 0.02043965 0.02006315 1000 0.004908652 0.004801467 0.004701335 0.00614561 0.006822996 1000
163 0.9399996 5.5 0.7 -1 0.02019475 0.0208711 0.02018504 0.0201607 0.01936983 1000 0.00693631 0.007089989 0.006908449 0.007358768 0.008634554 1000
164 0.42 -4.75 0.5 -1 0.02081206 0.02112095 0.02128725 0.02116329 0.02032501 1000 0.007255757 0.006938464 0.006480737 0.007039145 0.007342143 1000
165 0.7199998 -4.75 0.5 1 0.02020788 0.02005648 0.01956445 0.01985976 0.01992079 1000 0.005914514 0.006233131 0.006846374 0.007526298 0.008049564 1000
166 0.58 4.75 0.6 -1 0.02283738 0.02283897 0.02204257 0.02194988 0.02092451 1000 0.00698571 0.006999267 0.007017015 0.007985988 0.008906642 1000
167 0.42 4.75 0.5 1 0.02072235 0.02107349 0.02223212 0.02359573 0.02307857 1000 0.00786105 0.00816652 0.007934955 0.008314166 0.009041353 1000
168 0.2 4 0.7 0 0.02137034 0.02213216 0.02128338 0.02137325 0.02108767 1000 0.007999655 0.007905753 0.007618724 0.00782558 0.008526207 1000
169 0.7199998 5.5 1 0 0.02369751 0.02382542 0.02307385 0.02296616 0.02240612 1000 0.007546024 0.007656491 0.007460996 0.007746707 0.008723222 1000
170 0.6 -5.5 0.7 -1 0.02205096 0.02279489 0.02349408 0.02345339 0.0229324 1000 0.009202167 0.008984562 0.008899394 0.007846897 0.008064104 1000
171 0.3 -4 0.4 0 0.02174208 0.02228765 0.02254398 0.0229244 0.02333466 1000 0.00706779 0.007618251 0.007222194 0.006693067 0.006851694 1000
172 0.3 -5.5 0.6 -1 0.0215338 0.02171222 0.02199056 0.02300918 0.02233978 1000 0.007911623 0.007853395 0.007161942 0.007154689 0.006692051 1000
173 0.4600001 -4.75 0.6 0 0.02194127 0.02250979 0.02325489 0.02288552 0.02216852 1000 0.006125647 0.006193007 0.006270793 0.005261802 0.00413243 1000
174 0.38 -4 0.5 -1 0.02358559 0.02242968 0.02118747 0.02135147 0.02214103 1000 0.003666328 0.004738942 0.005388057 0.004618483 0.004179177 1000
175 0.6 5.5 0.7 -1 0.02089822 0.02198062 0.0229586 0.02371673 0.02313334 1000 0.005769997 0.00592534 0.006164679 0.006984028 0.007037676 1000
176 0.2 -5.5 0.3 0 0.02430499 0.02328568 0.02284995 0.02282843 0.02293816 1000 0.008338336 0.008021953 0.007814306 0.007634149 0.007281248 1000
177 0.5000001 -5.5 0.7 0 0.02394057 0.02457367 0.02365858 0.02332478 0.02275076 1000 0.006055416 0.006625959 0.006425138 0.006186979 0.006202783 1000
178 0.12 -5.5 0.2 0 0.02339185 0.023458 0.02420511 0.02407483 0.02437633 1000 0.005956439 0.005848036 0.006161314 0.006252428 0.006110123 1000
179 0.22 4 0.5 1 0.02428727 0.02501991 0.02457145 0.0242484 0.02406741 1000 0.006495936 0.007138383 0.007069032 0.007625663 0.007826197 1000
180 0.24 -5.5 0.2 0 0.02530266 0.02608178 0.02536579 0.02526392 0.02467299 1000 0.007240803 0.007645633 0.007154672 0.007043727 0.007344579 1000
181 0.16 -4 0.7 0 0.02509378 0.02542326 0.02600568 0.0255736 0.02577642 1000 0.00688785 0.006917031 0.007128365 0.006459792 0.006517058 1000
182 0.7199998 -4 0.7 1 0.02309003 0.02218206 0.02132041 0.02143608 0.02211239 1000 0.007324667 0.00730233 0.007783863 0.008087662 0.00805332 1000
183 0.9399996 -4 0.6 1 0.02458551 0.02388907 0.02370811 0.02484871 0.024138 1000 0.008016599 0.008265639 0.008919904 0.008464846 0.007809053 1000
184 0.8999997 -5.5 0.7 0 0.02402553 0.02419951 0.02429063 0.02350547 0.02337283 1000 0.007042291 0.007132579 0.006837105 0.006376501 0.006317317 1000
185 0.6199999 -4 0.6 -1 0.02303747 0.02332257 0.02357662 0.02367583 0.0233474 1000 0.00651436 0.006468005 0.006910332 0.006064863 0.00504181 1000
186 0.4 -4.75 0.5 0 0.02399331 0.0234646 0.02367661 0.02430269 0.02447538 1000 0.004873615 0.005632333 0.00489442 0.004392152 0.004429716 1000
187 0.22 5.5 0.1 0 0.02342974 0.0235897 0.02393179 0.02361987 0.0235226 1000 0.004167334 0.004215804 0.004654454 0.004426928 0.005020184 1000
188 0.42 4 0.7 -1 0.02325894 0.02378919 0.02414524 0.02310055 0.02303334 1000 0.004333247 0.003907554 0.004534232 0.004173378 0.005083088 1000
189 0.6399999 4 0.8 0 0.02442774 0.02348994 0.02380631 0.0236223 0.0235932 1000 0.006518092 0.006719337 0.006712046 0.007064885 0.00803802 1000
190 0.5000001 -4 0.3 0 0.02402134 0.02485913 0.02421351 0.02371994 0.02307129 1000 0.007582231 0.007441722 0.00698648 0.006827816 0.006511787 1000
191 0.18 4 0.4 0 0.02458843 0.02380654 0.02363717 0.02386834 0.02459063 1000 0.004614132 0.006378949 0.006502174 0.007058462 0.008839465 1000
192 0.6799999 -4.75 0.7 1 0.02507863 0.02478697 0.02469672 0.02520321 0.02566861 1000 0.006128508 0.006648079 0.006273588 0.006063799 0.00620103 1000
193 0.5000001 -4.75 0.7 0 0.02513586 0.02528793 0.02562185 0.02527687 0.02458042 1000 0.005878114 0.00528685 0.005314518 0.005564452 0.004478944 1000
194 0.52 4 0.6 1 0.02473616 0.0239881 0.02390025 0.02366283 0.02380928 1000 0.004934903 0.004617539 0.004811867 0.005656671 0.00603944 1000
195 0.6 -4 0.5 1 0.02401881 0.02414587 0.02468499 0.02387571 0.02372075 1000 0.007188422 0.006283684 0.006224244 0.006054883 0.00585805 1000
196 0.34 -4 0.5 -1 0.02215101 0.02181684 0.02194901 0.02231616 0.02107632 1000 0.005623922 0.005436161 0.005364473 0.00549491 0.004860838 1000
197 0.4800001 -4.75 0.3 0 0.02518362 0.02546647 0.0233176 0.02266135 0.02254762 1000 0.005551851 0.004882418 0.004764647 0.004970871 0.004875841 1000
198 0.2 -4 0.1 0 0.02365597 0.02364762 0.02410527 0.02510093 0.02549668 1000 0.005366218 0.005218462 0.004844031 0.004880007 0.004949046 1000
199 0.24 -4.75 0.4 0 0.02486815 0.0242602 0.02469665 0.025005 0.02576377 1000 0.003577529 0.00433789 0.003952163 0.003479246 0.003408334 1000
200 0.7999998 -4 0.9 0 0.01527816 0.01412583 0.01648577 0.01910002 0.01980154 1000 0.01585055 0.01562689 0.01561568 0.01503005 0.01157612 1000
201 0.52 5.5 0.7 -1 0.02134113 0.02213611 0.02281728 0.0226146 0.02158036 1000 0.009817474 0.009878022 0.01036907 0.01111984 0.01232897 1000
202 0.3 4.75 0.6 0 0.02173867 0.02137885 0.02198584 0.02296165 0.02357846 1000 0.01298927 0.01328706 0.01329824 0.01315093 0.0143266 1000
203 0.4600001 -4 0.9 0 0.02139704 0.02223164 0.02309424 0.02253685 0.02218761 1000 0.01175769 0.01179751 0.01153041 0.01028644 0.01019885 1000
204 0.54 4 0.6 -1 0.02347319 0.02251225 0.02288735 0.02390936 0.0241821 1000 0.01234045 0.01286924 0.01282069 0.01263849 0.0134715 1000
205 0.6199999 5.5 0.6 1 0.02269043 0.02345003 0.02363616 0.02393264 0.02381171 1000 0.01243079 0.01296492 0.01241909 0.01290354 0.01436008 1000
206 0.36 5.5 0.2 0 0.02346672 0.02355285 0.02333719 0.02254773 0.0224448 1000 0.01305969 0.01284806 0.01330248 0.01359862 0.01500821 1000
207 0.26 -4.75 0.3 0 0.02391218 0.02349148 0.02369529 0.02374162 0.02359123 1000 0.0129784 0.01330327 0.01317843 0.01268193 0.01250181 1000
208 0.54 -5.5 0.5 1 0.02358606 0.02342127 0.02419142 0.0248131 0.02389817 1000 0.01289139 0.01300406 0.01314643 0.01317862 0.01196233 1000
209 0.4 5.5 0.5 -1 0.02421641 0.02382923 0.02358685 0.0238425 0.02450457 1000 0.01227189 0.01182571 0.01248887 0.01336721 0.01353932 1000
210 0.36 -4.75 0.5 -1 0.02414801 0.02461589 0.02502319 0.02635773 0.02541592 1000 0.01252744 0.0125377 0.01185684 0.01228542 0.01148423 1000
211 0.6399999 4.75 0.6 -1 0.02400931 0.02434931 0.0245069 0.02398562 0.02446496 1000 0.01163043 0.01183651 0.01233078 0.01178738 0.01307867 1000
212 0.8199998 -4.75 0.8 0 0.02280246 0.02270755 0.02322166 0.02401267 0.02405997 1000 0.01314878 0.013313 0.01297464 0.01264341 0.01238568 1000
213 0.6199999 -4.75 0.6 -1 0.02284569 0.02288103 0.02310601 0.02397187 0.02361836 1000 0.01225663 0.01269169 0.01219554 0.01208053 0.01193142 1000
214 0.7199998 4 0.9 0 0.02299583 0.02369941 0.02327264 0.02366629 0.02421681 1000 0.01224766 0.01303715 0.01354075 0.01372891 0.01378168 1000
215 0.4400001 4 0.7 -1 0.0239406 0.02347012 0.02332222 0.0236121 0.02409053 1000 0.01365375 0.01313592 0.01344424 0.01388168 0.01416989 1000
216 0.8999997 -4.75 1 0 0.02425369 0.02424227 0.02421094 0.02496947 0.02481663 1000 0.01363023 0.01367652 0.01316516 0.01302067 0.01293935 1000
217 0.6999999 4 0.6 0 0.02478571 0.02541023 0.02573689 0.02586481 0.02547563 1000 0.01405901 0.01430132 0.01432219 0.01534565 0.01584449 1000
218 0.4600001 -4 0.5 0 0.02354704 0.02340408 0.02362452 0.024611 0.02553228 1000 0.01540918 0.01609731 0.01625532 0.01535401 0.01509875 1000
219 0.52 -4 0.9 0 0.02481022 0.02508785 0.02568609 0.02528137 0.02488205 1000 0.01511206 0.01514849 0.01502171 0.01449107 0.0141507 1000
220 0.6199999 4 0.5 -1 0.02454233 0.02479563 0.02478991 0.0253208 0.02455942 1000 0.01427105 0.01387861 0.01404466 0.01501371 0.01519143 1000
221 0.42 -5.5 0.3 0 0.02412193 0.02318497 0.0236537 0.02295197 0.02259028 1000 0.01576446 0.01489407 0.01491131 0.01454073 0.01365586 1000
222 0.26 4 0.4 0 0.02407964 0.02331034 0.02299957 0.02315447 0.02349989 1000 0.01364532 0.01355393 0.01381357 0.01476117 0.01480097 1000
223 0.6199999 -5.5 0.5 1 0.02340307 0.02255126 0.02229406 0.02261504 0.02338176 1000 0.01300504 0.01263849 0.01293766 0.01303931 0.01285354 1000
224 0.6599999 -5.5 0.6 -1 0.02362047 0.02432842 0.02357448 0.02276679 0.02148857 1000 0.01348304 0.01369357 0.01341548 0.01303705 0.01309502 1000
225 0.8999997 -4.75 0.7 -1 0.02179841 0.02230794 0.02318219 0.02396554 0.02316399 1000 0.01306517 0.01306258 0.01363778 0.01394619 0.01328734 1000
226 0.8399997 4 1 0 0.02249024 0.02281806 0.02358907 0.02393234 0.02313836 1000 0.01265507 0.01237041 0.01259494 0.01278743 0.01265153 1000
227 1.02 4 0.6 -1 0.02187168 0.02202673 0.02222572 0.02324154 0.02279967 1000 0.01364491 0.01310659 0.01268726 0.01279568 0.01253117 1000
228 0.8999997 -4 1 0 0.0218337 0.02224478 0.02183873 0.02183048 0.02136082 1000 0.01372656 0.01384695 0.01331327 0.01315923 0.01327983 1000
229 0.7599998 5.5 0.6 0 0.02457869 0.02428086 0.0239752 0.02287491 0.02327904 1000 0.01340352 0.01383833 0.01411437 0.01507096 0.015842 1000
230 0.22 4.75 0.2 0 0.02415465 0.02419689 0.02417487 0.02429682 0.02427253 1000 0.0130291 0.01323355 0.0131267 0.01330248 0.01375084 1000
231 0.6599999 -4.75 0.6 1 0.02320783 0.02412115 0.02382542 0.02386738 0.02335423 1000 0.01259321 0.01311958 0.01237438 0.01241197 0.01264603 1000
232 0.32 -4.75 0.5 0 0.02418704 0.02387648 0.0243815 0.02481467 0.02573182 1000 0.0137187 0.01436051 0.01357232 0.01292344 0.0129324 1000
233 0.54 -5.5 0.6 0 0.0241293 0.02406484 0.02468813 0.02496759 0.02412441 1000 0.01318037 0.01320726 0.01312023 0.01317456 0.01244805 1000
234 0.4400001 -4.75 0.6 0 0.02449467 0.02417351 0.02439127 0.02491932 0.02612786 1000 0.01280538 0.01295024 0.01309078 0.01244592 0.01206894 1000
235 0.52 4.75 0.7 0 0.02481633 0.02519423 0.02610376 0.02536555 0.02572129 1000 0.01456792 0.01423536 0.0147095 0.01432914 0.01465037 1000
236 0.6999999 -4 0.7 -1 0.02457228 0.02478681 0.02560762 0.02669131 0.02666523 1000 0.01367301 0.01328005 0.01366912 0.01374025 0.01328027 1000
237 0.18 -4.75 0.1 0 0.02498802 0.02481838 0.02500201 0.02463414 0.0239739 1000 0.01311449 0.0131514 0.0129258 0.01278229 0.01198913 1000
238 0.56 -5.5 0.5 0 0.02461358 0.02465203 0.02491003 0.02532973 0.02478543 1000 0.01251102 0.01252798 0.01216491 0.01208051 0.01155409 1000
239 0.4600001 4.75 0.4 0 0.02460301 0.02511523 0.02590725 0.02573072 0.02513026 1000 0.01226706 0.01190148 0.0121465 0.01240257 0.01220942 1000
240 0.4600001 -4.75 0.5 -1 0.02474927 0.02410497 0.02391718 0.02418764 0.02457444 1000 0.01307799 0.01347926 0.01358646 0.01327364 0.0133696 1000
241 0.4600001 5.5 0.9 0 0.02371368 0.02417561 0.02353753 0.02354545 0.02296164 1000 0.01283537 0.01329014 0.01319896 0.01370889 0.01400527 1000
242 0.4400001 -5.5 0.5 0 0.02363263 0.0232439 0.022785 0.02298209 0.02310629 1000 0.01373699 0.0143419 0.01426847 0.0135268 0.01305097 1000
243 0.3 4.75 0.6 0 0.02284467 0.02292106 0.02416225 0.02451902 0.02431818 1000 0.01419393 0.01400019 0.01395342 0.01426027 0.01449826 1000
244 0.56 4.75 0.6 0 0.02290555 0.02294863 0.02307018 0.02320826 0.02395944 1000 0.01303197 0.0128351 0.01272586 0.01244191 0.01343545 1000
245 0.7399998 4.75 0.7 1 0.02320393 0.02336574 0.02339569 0.02250967 0.02182091 1000 0.01399231 0.01376795 0.01425888 0.01404538 0.01443705 1000
246 0.9599996 5.5 0.7 0 0.02265082 0.02290179 0.02341295 0.02424993 0.023443 1000 0.01538908 0.01553084 0.01514547 0.01537575 0.01535568 1000
247 0.54 4.75 0.4 0 0.02288534 0.02377851 0.02351195 0.02349611 0.02248407 1000 0.01513716 0.015766 0.01541621 0.01547764 0.01617994 1000
248 0.54 4 0.7 0 0.02322645 0.02315168 0.02354473 0.02403733 0.02449376 1000 0.01559025 0.01572467 0.01551637 0.01542468 0.01562086 1000
249 0.7399998 4 0.9 0 0.024398 0.02494793 0.02424306 0.02445948 0.0243943 1000 0.01547836 0.01602309 0.01540832 0.01563276 0.01641885 1000
250 0.6999999 -5.5 0.8 0 0.02448283 0.02438037 0.0254008 0.02467314 0.02438428 1000 0.01591137 0.01559281 0.01479245 0.01428767 0.0137588 1000
251 0.4600001 -5.5 0.3 0 0.02528455 0.02573882 0.02588562 0.02491554 0.02453892 1000 0.01411148 0.01369098 0.01370953 0.01295062 0.01248955 1000
252 0.6199999 -4.75 0.6 -1 0.02376665 0.02366041 0.02335893 0.02369592 0.02426587 1000 0.01399608 0.01442021 0.01410838 0.01353976 0.0128591 1000
253 1.02 5.5 1 0 0.02491779 0.02512051 0.02583861 0.02581771 0.02528581 1000 0.01240269 0.01223425 0.01242453 0.01278578 0.01290993 1000
254 0.38 4 0.5 -1 0.02408207 0.02396033 0.02362903 0.0229025 0.02291238 1000 0.01288421 0.01273542 0.01299729 0.01333797 0.01382455 1000
255 0.6 -4 0.7 0 0.02370539 0.02335543 0.02309025 0.02349723 0.02361356 1000 0.01258751 0.01312961 0.01330684 0.01303623 0.01270088 1000
256 0.24 4 0.6 1 0.02294856 0.02244264 0.02205906 0.02227599 0.02229765 1000 0.01327216 0.01352266 0.01383934 0.01483003 0.01493542 1000
257 0.52 5.5 0.9 0 0.02257918 0.02248968 0.02246642 0.02236093 0.02311065 1000 0.0126095 0.01287751 0.01291849 0.01296929 0.01341014 1000
258 0.14 -4.75 0.2 0 0.02348272 0.02420288 0.02334315 0.02323794 0.02180008 1000 0.01378699 0.01405958 0.0138065 0.01380022 0.01388665 1000
259 0.14 4.75 0.1 0 0.02281715 0.02338788 0.02240815 0.02220719 0.02187356 1000 0.01396035 0.01457759 0.01446022 0.01482519 0.01535176 1000
260 0.34 5.5 0.6 0 0.02385184 0.02433456 0.02358338 0.0227429 0.02241151 1000 0.01428971 0.01445779 0.01420864 0.01436584 0.01501992 1000
261 0.16 4 0.1 0 0.02405991 0.0234608 0.02249508 0.02268242 0.02340086 1000 0.01414877 0.01451992 0.01478948 0.01443672 0.01449198 1000
262 0.5000001 -4 0.8 0 0.02309321 0.02284908 0.02249044 0.02283542 0.02340873 1000 0.01300831 0.01318812 0.01296038 0.01270564 0.01245183 1000
263 0.2 4 0.2 0 0.02354655 0.02335921 0.0229329 0.02215293 0.02214052 1000 0.01364572 0.01398308 0.01425779 0.01454696 0.01459534 1000
264 0.4400001 4 0.7 1 0.02139369 0.02139942 0.02218634 0.02309842 0.02372953 1000 0.01337391 0.0139196 0.01467567 0.01490466 0.01506804 1000
265 0.6599999 -4.75 0.9 0 0.02260449 0.02269552 0.02193492 0.02159198 0.02139657 1000 0.01437115 0.0140703 0.01387226 0.0138148 0.01344292 1000
266 0.6799999 4.75 0.5 1 0.02314215 0.02260124 0.02262364 0.02278977 0.0228501 1000 0.01387195 0.01361767 0.01406969 0.01438885 0.01446691 1000
267 0.12 5.5 0.2 0 0.02371114 0.02450967 0.02344999 0.02269232 0.02224111 1000 0.01419439 0.01437803 0.01410313 0.0144644 0.01503193 1000
268 0.2 4.75 0.3 0 0.02299137 0.02397402 0.02261529 0.02246072 0.02191514 1000 0.01393024 0.01391471 0.01342252 0.01352182 0.0146967 1000
269 0.4800001 -5.5 0.4 0 0.02358373 0.02287671 0.02203923 0.02155193 0.02161497 1000 0.01313642 0.01324379 0.0130922 0.01294682 0.01274757 1000
270 0.4400001 5.5 0.5 0 0.02297528 0.02326813 0.02404811 0.02475052 0.02395962 1000 0.01477772 0.015395 0.01530405 0.01583916 0.01624343 1000
271 0.9399996 5.5 1 0 0.02346643 0.02237456 0.02186248 0.02277714 0.02375838 1000 0.01332999 0.01376597 0.01407473 0.0143407 0.01510699 1000
272 0.3 -4 0.6 0 0.02240194 0.02309796 0.02243697 0.02222254 0.02193071 1000 0.01648238 0.0164139 0.01576206 0.01528862 0.01552748 1000
273 0.36 4 0.4 0 0.02305762 0.02290277 0.0221792 0.02271572 0.02356838 1000 0.01533021 0.01589512 0.01690982 0.01711285 0.01650294 1000
