trial Response_Time velH Occlusion_Duration velH_Subject xRotations_first0 xRotations_first1 xRotations_first2 xRotations_first3 xRotations_first4 xRotations_first5 yRotations_first0 yRotations_first1 yRotations_first2 yRotations_first3 yRotations_first4 yRotations_first5
1 2.259999 -4 0.8 0 -0.01308898 -0.005639237 0.0002298515 0.001206123 -0.0003529661 1000 0.006199107 -0.002990464 -0.009905736 -0.01057419 -0.008706995 1000
2 0.32 5.5 0.5 0 -0.0264724 -0.02564272 -0.02401045 -0.02462975 -0.02380364 1000 0.004447988 0.006305659 0.00406475 0.003041941 0.002590438 1000
3 0.26 -4 0.6 -1 -0.02545016 -0.02555567 -0.0257661 -0.02601179 -0.02569246 1000 0.002611268 0.002079602 0.001755847 0.001586215 0.001296682 1000
4 0.02 -4 0.5 -1 -0.02381638 -0.02385157 -0.02435294 -0.0247191 -0.02487968 1000 -0.0001651576 -0.0005055169 -0.0002964042 -7.406074E-05 -3.881651E-05 1000
5 0.02 4.75 0.7 -1 -0.02527433 -0.0251774 -0.02475703 -0.02434454 -0.0248804 1000 -0.001536554 -0.00201733 -0.002451135 -0.002403938 -0.002577724 1000
6 0.02 5.5 0.6 0 -0.02479365 -0.02455298 -0.02401939 -0.02364753 -0.02360809 1000 -0.002297617 -0.002482497 -0.002554665 -0.002890771 -0.00262361 1000
7 0.02 4.75 0.1 0 -0.02350793 -0.02377054 -0.02395192 -0.02393338 -0.02417065 1000 -0.002690695 -0.002383538 -0.002987551 -0.002860809 -0.003188138 1000
8 0.16 5.5 0.6 0 -0.0248989 -0.02468981 -0.02434585 -0.02408722 -0.02432113 1000 -0.003645586 -0.003510284 -0.003593324 -0.003845494 -0.003567318 1000
9 0.08 -4 0.7 -1 -0.01931326 -0.01601455 -0.01414294 -0.01300271 -0.01343084 1000 -0.006829239 -0.007703432 -0.006113353 -0.005673628 -0.005941935 1000
10 0.18 -5.5 0.4 0 -0.01146415 -0.01150654 -0.01172035 -0.01194766 -0.01142769 1000 -0.004210307 -0.004070925 -0.004276182 -0.004006322 -0.004337347 1000
11 0.02 5.5 1 0 -0.01100293 -0.01075638 -0.01190878 -0.01226388 -0.01211523 1000 -0.005125963 -0.005365343 -0.005261171 -0.005063878 -0.004877482 1000
12 0.09999999 4.75 0.6 1 -0.01165938 -0.011509 -0.01160135 -0.01095639 -0.0108382 1000 -0.004387359 -0.005168419 -0.005844912 -0.006019088 -0.005981639 1000
13 11.96008 -4 0.7 1 -0.01133159 -0.01193332 -0.01216045 -0.01190148 -0.01215512 1000 -0.005778308 -0.005573667 -0.005634386 -0.005964118 -0.006036478 1000
14 1.1 -4 0.7 0 -0.007924267 -0.01238424 -0.01037645 -0.007654488 -0.006088301 1000 0.02152472 0.02004846 0.01785413 0.01429913 0.01172673 1000
15 0.7999998 4 0.7 1 -0.01165591 -0.0113752 -0.01169836 -0.01229401 -0.01343202 1000 0.008220533 0.007908927 0.008101017 0.008160792 0.007961634 1000
16 0.5000001 4.75 0.5 0 -0.02096822 -0.02148926 -0.02230061 -0.02243381 -0.02206584 1000 0.006267528 0.005778023 0.005525262 0.005596316 0.005418191 1000
17 0.6399999 -4 0.7 0 -0.02050212 -0.02032953 -0.0206389 -0.0202345 -0.02004455 1000 0.0063592 0.005864343 0.006028791 0.006135085 0.005944851 1000
18 0.9799996 5.5 0.6 1 -0.02041261 -0.02042453 -0.02069902 -0.02088028 -0.02106122 1000 0.007087665 0.006961863 0.006991465 0.00687942 0.00671205 1000
19 1.06 4.75 0.5 0 -0.02170809 -0.0215328 -0.021421 -0.02043858 -0.02036665 1000 0.006328778 0.005824964 0.005580773 0.004208961 0.003788475 1000
20 0.9199997 4.75 0.7 0 -0.02025238 -0.01985828 -0.01953392 -0.01899758 -0.01863973 1000 0.006222405 0.005707416 0.005911378 0.00642964 0.006674856 1000
21 0.9399996 4.75 0.6 0 -0.0224677 -0.02229163 -0.02232423 -0.02235346 -0.02244181 1000 0.01000503 0.00977772 0.009549738 0.009158077 0.008740915 1000
22 1.04 -5.5 0.6 -1 -0.02585393 -0.02613244 -0.02627573 -0.0260196 -0.02526194 1000 0.008639086 0.008045693 0.008292574 0.008229391 0.008685969 1000
23 0.4 -5.5 0.2 0 -0.02150188 -0.01852906 -0.01726867 -0.01626146 -0.01669803 1000 0.004151699 0.001615687 0.002316874 0.003882212 0.002861487 1000
24 0.38 -4.75 0.6 0 -0.01480492 -0.01508221 -0.01768579 -0.01905507 -0.01933867 1000 0.002420916 0.002623267 0.004017475 0.005400409 0.003803383 1000
25 1.459999 4.75 1 0 -0.01954093 -0.01993968 -0.02036766 -0.02180663 -0.02281802 1000 0.00278795 0.00315841 0.004305508 0.006359509 0.007373815 1000
26 0.8399997 4 0.7 -1 -0.02204459 -0.02205434 -0.02195896 -0.02213026 -0.02203173 1000 0.004736297 0.004481467 0.004300846 0.004590354 0.004361026 1000
27 0.8799997 -5.5 0.6 1 -0.02058963 -0.02195637 -0.02215428 -0.02188255 -0.02124659 1000 0.002969724 0.002474895 0.002376948 0.002394241 0.0026587 1000
28 0.9399996 5.5 0.5 1 -0.02035604 -0.02049755 -0.02065444 -0.02077554 -0.02058699 1000 0.002687119 0.002946114 0.002920327 0.003223028 0.002887184 1000
29 0.8999997 4 0.5 1 -0.02105195 -0.02151442 -0.02086912 -0.02048472 -0.02009155 1000 0.001789464 0.0003594642 0.001801187 0.002197157 0.002018021 1000
30 0.8199998 4.75 0.7 0 -0.01461173 -0.01441289 -0.01483774 -0.0151454 -0.01539187 1000 0.003827825 0.004423285 0.004607904 0.004429572 0.004124763 1000
31 0.4 4 0.6 0 -0.01847801 -0.02504501 -0.02647568 -0.01382959 -0.01214587 1000 0.001348665 0.00308649 -0.0007316631 -0.01168228 -0.01560424 1000
32 1.1 4.75 0.9 0 -0.0200863 -0.02124499 -0.01822273 -0.008670683 -0.001778952 1000 0.004892058 0.002163617 7.268594E-05 -0.003049048 -0.003605495 1000
33 0.9999996 -4.75 0.7 1 0.0152164 0.0148634 0.01423994 0.01556134 0.01557028 1000 -0.007925311 -0.007940271 -0.007963936 -0.008197755 -0.008449296 1000
34 0.7599998 4 0.6 0 0.01120529 0.01133601 0.0111925 0.01102876 0.01138893 1000 -0.01118146 -0.011662 -0.01162961 -0.01184068 -0.01313839 1000
35 1.08 -4 1 0 0.007332568 0.005930928 0.005563932 0.005948961 0.006824913 1000 -0.01417142 -0.01386895 -0.01326455 -0.01278875 -0.01202846 1000
36 0.8399997 4.75 0.6 -1 0.008979805 0.007233221 0.006959513 0.007143605 0.006910403 1000 -0.009908278 -0.009991743 -0.01005602 -0.01044931 -0.01047155 1000
37 0.18 -5.5 0.1 0 0.009340701 0.009239198 0.009146095 0.009193919 0.009130698 1000 -0.01224247 -0.01211078 -0.01170274 -0.01169412 -0.01224835 1000
38 0.04 -4.75 0.1 0 0.00739633 0.007447843 0.007352895 0.007034851 0.007536517 1000 -0.0136314 -0.01414303 -0.01364298 -0.01299248 -0.01291461 1000
39 0.02 5.5 0.3 0 0.005490418 0.005463243 0.005480381 0.005513335 0.006797821 1000 -0.01255532 -0.0132041 -0.01352153 -0.01315789 -0.01394342 1000
40 0.56 -4.75 0.7 0 0.005760463 0.006217843 0.006397333 0.006428096 0.006619226 1000 -0.01396818 -0.01457493 -0.01454538 -0.01455437 -0.01480914 1000
41 0.8199998 4 0.6 1 0.006874886 0.007095061 0.00632031 0.006243691 0.006283612 1000 -0.01588801 -0.01595668 -0.01545678 -0.01549603 -0.01598427 1000
42 1.02 -4 0.9 0 0.006694605 0.006235243 0.005936834 0.006480317 0.007079532 1000 -0.01478515 -0.01554406 -0.01559339 -0.01636082 -0.01663434 1000
43 0.58 -4 0.5 1 0.002269301 0.002113462 0.003131507 0.004212624 0.005208269 1000 -0.02176441 -0.02122647 -0.01983271 -0.0195347 -0.0198408 1000
44 0.24 5.5 0.7 1 0.004230092 0.004135064 0.003853098 0.003314065 0.00360358 1000 -0.02063048 -0.02137344 -0.02105156 -0.0208879 -0.02081175 1000
45 0.16 -4.75 0.5 1 0.00268545 0.002784876 0.003487459 0.002879013 0.001297221 1000 -0.02046139 -0.02114929 -0.02189312 -0.01993235 -0.01929044 1000
46 0.2 4.75 0.6 -1 0.0002714079 0.0001630614 4.448747E-05 0.0002400697 0.0006512568 1000 -0.02100331 -0.02175912 -0.0215532 -0.02168473 -0.02180156 1000
47 0.34 -5.5 0.3 0 0.0004684297 0.0001552185 0.0004820315 0.0003659019 0.0002938379 1000 -0.0218122 -0.02153793 -0.02143162 -0.02212823 -0.02187579 1000
48 0.22 -4.75 0.1 0 0.0005751566 -0.0001481308 7.915801E-05 0.0002999985 0.0004183712 1000 -0.0217497 -0.02149481 -0.02151719 -0.02189489 -0.02146669 1000
49 0.02 5.5 0.2 0 0.001777903 0.001508762 0.0006698327 0.0009285631 0.001129684 1000 -0.02233637 -0.02181561 -0.02132318 -0.02102259 -0.02107251 1000
50 22.80033 4.75 0.7 0 -0.0157348 -0.007662319 -0.003267248 -0.009278546 -0.01950526 1000 0.01925749 0.0157502 0.009355262 0.008360641 0.01055541 1000
51 0.6 -4 0.4 0 -0.02076071 -0.01935779 -0.02010307 -0.02063475 -0.02088033 1000 0.01207982 0.01212122 0.01372847 0.0156804 0.01499901 1000
52 0.28 5.5 0.2 0 -0.02488338 -0.02477911 -0.02338541 -0.01958932 -0.01732722 1000 0.009522351 0.009233771 0.00886083 0.007678583 0.008101896 1000
53 0.4 -4.75 0.5 0 -0.001666271 -0.002607284 -0.003280924 -0.003218764 -0.002803503 1000 0.002737132 0.00260716 0.001960093 0.001146365 0.0005356756 1000
54 0.4 -4.75 0.6 0 5.609442E-05 0.001869389 0.001848186 0.002143833 0.00340498 1000 -0.004231199 -0.00380103 -0.003932866 -0.003783816 -0.004297914 1000
55 0.6999999 -5.5 0.9 0 0.001047686 0.001051988 0.001055892 -0.0001746758 -0.000391946 1000 -0.009017876 -0.01053433 -0.0109626 -0.01200714 -0.01382839 1000
56 0.56 -4 0.6 1 0.0004944975 8.734352E-05 0.0008132621 0.0005601742 0.000107246 1000 -0.01452222 -0.01507826 -0.01593195 -0.01595243 -0.01571569 1000
57 0.58 -4.75 0.7 1 -0.000203365 -0.0005285125 -0.0006654863 -0.0006671237 -0.0005177523 1000 -0.01738474 -0.01722605 -0.01738409 -0.01746205 -0.01764628 1000
58 0.6999999 5.5 0.6 -1 -0.001071596 -0.001845725 -0.001659654 -0.001605766 -0.001801933 1000 -0.01776282 -0.01785411 -0.01760772 -0.01793913 -0.01822912 1000
59 0.32 -5.5 0.4 0 -0.0036525 -0.003311216 -0.003158685 -0.002575512 -0.002336227 1000 -0.0194815 -0.0198446 -0.01932235 -0.01994283 -0.01923517 1000
60 0.56 5.5 0.8 0 -0.002820602 -0.003101159 -0.003546075 -0.002944323 -0.0029839 1000 -0.0198237 -0.02022198 -0.02030943 -0.02073753 -0.02104201 1000
61 0.32 5.5 0.3 0 -0.004143344 -0.004137166 -0.003670342 -0.003640877 -0.003724532 1000 -0.02010802 -0.02032632 -0.02083101 -0.01999884 -0.01993984 1000
62 0.7199998 5.5 0.5 1 -0.002942237 -0.003310779 -0.003004765 -0.003343386 -0.003430325 1000 -0.01795541 -0.0177626 -0.01795089 -0.01682587 -0.01687344 1000
63 0.3 -4.75 0.6 -1 -0.004101753 -0.004394698 -0.004007326 -0.003866365 -0.003483641 1000 -0.01893468 -0.01911977 -0.01876639 -0.01869244 -0.01789578 1000
64 0.16 -4.75 0.5 -1 -0.002145009 -0.002660097 -0.003300625 -0.003263699 -0.003309862 1000 -0.01924491 -0.01870159 -0.01836783 -0.01824399 -0.01853382 1000
65 0.3 5.5 0.6 0 -0.004137794 -0.004323434 -0.004165842 -0.004328493 -0.005111683 1000 -0.01958218 -0.01966147 -0.02056616 -0.02028321 -0.01957749 1000
66 0.12 -4.75 0.1 0 -0.00382789 -0.004813929 -0.005169183 -0.004528264 -0.00506923 1000 -0.01705493 -0.01724004 -0.01763343 -0.01775231 -0.01837242 1000
67 0.06 4.75 0.7 0 -0.004087278 -0.004216095 -0.004218303 -0.004043073 -0.003206464 1000 -0.01947167 -0.01960081 -0.01932229 -0.01937284 -0.0189755 1000
68 0.02 -4 0.1 0 -0.001136724 -0.0001697612 -0.000120568 -0.000102814 0.0002805371 1000 -0.01803351 -0.01898009 -0.01891592 -0.01905685 -0.01859679 1000
69 0.02 -4 0.3 0 -0.000464053 -0.0003428786 -0.0008082943 -0.0007044842 -0.0007893401 1000 -0.01882361 -0.01881405 -0.01926304 -0.01921896 -0.02008387 1000
70 0.02 -4 0.7 1 -0.002178358 -0.0004940654 0.000410973 0.0008785165 0.00166067 1000 -0.0210095 -0.02076112 -0.02037615 -0.02071628 -0.0197775 1000
71 0.22 -5.5 0.5 -1 0.005710603 0.006291375 0.006997734 0.007541737 0.008668702 1000 -0.01828359 -0.01844432 -0.01850379 -0.0183395 -0.01920664 1000
72 0.02 -5.5 0.5 1 0.009997167 0.00987173 0.009795736 0.009532651 0.009631158 1000 -0.02015318 -0.02019202 -0.02060668 -0.02084595 -0.02092839 1000
73 0.24 -4 1 0 0.009763134 0.01020968 0.01019142 0.009982875 0.009870458 1000 -0.02043865 -0.02109741 -0.02117394 -0.02094103 -0.02077976 1000
74 0.09999999 -4.75 0.6 1 0.01154565 0.01178416 0.01278125 0.01267189 0.01250789 1000 -0.02026327 -0.02054385 -0.02105572 -0.02137416 -0.02175942 1000
75 0.02 -4 0.5 -1 0.01167732 0.01165736 0.01133098 0.01110861 0.01159113 1000 -0.02254922 -0.02250114 -0.02274263 -0.02278318 -0.022076 1000
76 0.02 4.75 0.5 0 0.01171086 0.01204712 0.01225595 0.01204549 0.01175015 1000 -0.02048523 -0.02083665 -0.02096395 -0.02060371 -0.02018595 1000
77 0.34 -4 0.6 0 0.01142091 0.01145763 0.01132756 0.01108516 0.01072374 1000 -0.0220911 -0.0218583 -0.02221926 -0.02245171 -0.0226195 1000
78 0.32 4.75 0.6 1 0.0116607 0.01157333 0.01181441 0.01174248 0.01151268 1000 -0.02310414 -0.02242569 -0.02186844 -0.02230344 -0.02191219 1000
79 0.3 4 0.6 0 0.01722219 0.01875134 0.01847199 0.01750622 0.0201392 1000 -0.02162281 -0.02154788 -0.02308783 -0.02305344 -0.02259252 1000
80 0.16 4 0.1 0 0.02409575 0.02394323 0.02374103 0.02362377 0.02346529 1000 -0.02319642 -0.0225201 -0.02174241 -0.02164205 -0.02123586 1000
81 0.34 4 0.7 1 0.0229632 0.02333535 0.02382557 0.02380302 0.02337152 1000 -0.02164622 -0.02195172 -0.02173029 -0.0221746 -0.02233537 1000
82 0.22 4.75 0.1 0 0.02136599 0.02114952 0.02141739 0.02148896 0.02134927 1000 -0.02314598 -0.02292718 -0.02331222 -0.0232215 -0.02310476 1000
83 1.239999 -5.5 0.9 0 0.02209221 0.0219996 0.02131234 0.0206542 0.02143755 1000 -0.02195022 -0.02185595 -0.02244592 -0.02226263 -0.02323576 1000
84 0.9399996 4 0.9 0 0.02032517 0.02110328 0.02241367 0.02260687 0.02230674 1000 -0.02466623 -0.02459234 -0.02449689 -0.02395856 -0.02356258 1000
85 1.08 -5.5 0.5 -1 0.02097225 0.02057634 0.02032369 0.02067071 0.02069143 1000 -0.02502238 -0.02528048 -0.02487612 -0.02550181 -0.02500647 1000
86 1.779999 5.5 0.9 0 0.02192425 0.02181753 0.02127076 0.02096437 0.02136841 1000 -0.02485253 -0.02536869 -0.02551346 -0.02536845 -0.02652194 1000
87 0.36 4.75 0.5 0 0.01066514 0.009741991 0.009641993 0.009082538 0.008122675 1000 0.00773579 0.00727416 0.007282359 0.006489882 0.005977178 1000
88 0.7199998 -4 0.8 0 0.007282051 0.007069528 0.007278512 0.007490399 0.007393046 1000 0.002317919 0.002485477 0.002713563 0.002471295 0.001973693 1000
89 0.7199998 -4.75 0.7 1 0.007629775 0.007156375 0.007022487 0.007286877 0.007214406 1000 0.0008181937 -0.0002063324 -0.000744443 -0.001209767 -0.001952087 1000
90 0.7599998 -5.5 0.4 0 0.008934792 0.009608463 0.009323464 0.008481812 0.007767342 1000 -0.002260298 -0.002867867 -0.003198377 -0.002485767 -0.002614018 1000
91 1.359999 5.5 1 0 0.008623147 0.009507998 0.01069385 0.01087246 0.01101685 1000 -0.005516543 -0.006330039 -0.00747429 -0.006751825 -0.006755824 1000
92 1.279999 -4 0.5 1 0.005403782 0.005393238 0.007327322 0.008971729 0.01007035 1000 0.01365119 0.01251321 0.01015762 0.007984421 0.006372064 1000
93 0.6999999 -5.5 0.6 1 0.01293115 0.0110022 0.008380407 0.002382315 -0.002261667 1000 0.008160328 0.01032072 0.0140211 0.0210462 0.02571695 1000
94 0.3 4 0.2 0 0.01219143 0.01270104 0.01249762 0.01286386 0.01214248 1000 0.002544681 0.001442081 0.00180065 0.002409785 0.002372661 1000
95 1.419999 5.5 1 0 0.01370649 0.01401137 0.01394953 0.01443934 0.01487286 1000 0.004740097 0.005320986 0.005129314 0.005169221 0.004742067 1000
96 1.319999 -4 0.6 0 0.02442504 0.02261725 0.0183209 0.0151989 0.01318536 1000 0.02073192 0.02029966 0.01846872 0.01718365 0.01622032 1000
97 0.6199999 -4 0.6 1 0.002996208 0.002547869 0.001907947 0.00235255 0.002278495 1000 0.00993537 0.01045499 0.01090846 0.01100329 0.01070354 1000
98 0.12 4 0.3 0 0.0004564916 0.0006111726 -4.078044E-05 -0.0004343801 -0.0005095036 1000 0.009812929 0.00982683 0.009340528 0.00918501 0.008775381 1000
99 0.34 -4.75 0.9 0 -0.0003838513 -0.0004033093 -0.0006688923 -0.0006714518 -0.0001195453 1000 0.00818163 0.008047545 0.008262914 0.008295006 0.008270842 1000
100 15.78017 5.5 0.9 0 -0.02452621 -0.03083276 -0.02979744 -0.02935511 -0.02830603 1000 0.01004581 0.005983782 0.008634731 0.01376301 0.0156427 1000
101 0.7799998 4.75 0.5 0 -0.02595734 -0.02673247 -0.02261149 -0.02188025 -0.02227208 1000 0.0140736 0.01471116 0.009076157 0.006384622 0.007016335 1000
102 1.299999 4.75 0.9 0 -0.01463723 -0.01457072 -0.01428655 -0.01464593 -0.01507415 1000 0.0004935437 -0.001572457 -0.001436255 -0.0007854519 -0.001207132 1000
103 0.6999999 -4 0.4 0 -0.01210601 -0.0110002 -0.009035063 -0.006455586 -0.004934472 1000 0.0006478437 -0.004985764 -0.01298172 -0.02023489 -0.02226953 1000
104 0.24 -5.5 0.2 0 -0.006985961 -0.007206222 -0.004142466 -0.002146767 -0.002840376 1000 -0.02020785 -0.02004077 -0.01660595 -0.01495131 -0.0154972 1000
105 0.22 4.75 0.3 0 -0.004193514 -0.00360198 -0.003896435 -0.004526898 -0.004587425 1000 -0.01573893 -0.01758696 -0.01700601 -0.01630519 -0.01675045 1000
106 0.7199998 -4 0.7 -1 -0.005733402 -0.005264401 -0.003894165 -0.003142684 -0.00331489 1000 -0.01571651 -0.01646787 -0.01974492 -0.0219788 -0.02148871 1000
107 0.9599996 -4 0.7 -1 -0.003985784 -0.002807588 -0.00200603 -0.001777459 -0.002129779 1000 -0.01755618 -0.01658457 -0.01592934 -0.01540525 -0.01597802 1000
108 1.06 5.5 0.7 0 -0.002336697 -0.002511862 -0.001652914 -0.00122887 -0.0009344206 1000 -0.01575095 -0.01738066 -0.01700448 -0.01505216 -0.01294618 1000
109 0.8399997 4 0.6 -1 -0.01219597 -0.0117842 -0.01185636 -0.01161311 -0.01116586 1000 0.005649758 0.004838648 0.004618116 0.004378106 0.004059297 1000
110 0.7999998 5.5 1 0 -0.01141876 -0.009387278 -0.004158815 -5.391496E-06 0.001133439 1000 -0.002177296 -0.003913584 -0.007214817 -0.01082621 -0.01295489 1000
111 0.9799996 4.75 0.7 1 0.009226235 0.008619227 0.008359051 0.007284888 0.006337157 1000 -0.00997425 -0.009749564 -0.009879854 -0.009514212 -0.009947728 1000
112 1.179999 4 0.8 0 0.007033116 0.006676616 0.006456726 0.005995513 0.004580663 1000 -0.01173049 -0.0121097 -0.01192345 -0.01209662 -0.01200715 1000
113 0.4600001 5.5 0.1 0 0.001917724 0.001801882 0.001586861 0.001393698 0.001531686 1000 -0.01242786 -0.0128697 -0.01270715 -0.01339057 -0.01334654 1000
114 0.26 -5.5 0.2 0 0.00189121 0.001900388 0.002191076 0.001910176 0.001379365 1000 -0.01362077 -0.01349826 -0.01391527 -0.0135148 -0.01358527 1000
115 0.09999999 4 0.1 0 -7.224205E-05 -0.000150811 0.0003182284 0.0006131591 0.0002266935 1000 -0.01311161 -0.01325944 -0.01356878 -0.01375674 -0.01377705 1000
116 0.02 4 0.1 0 -0.001279643 -0.001350975 -0.001733018 -0.001710611 -0.001163636 1000 -0.01381802 -0.01370519 -0.01376147 -0.01411031 -0.01403445 1000
117 1.219999 4.75 0.8 0 -0.002659039 -0.0026414 -0.002824194 -0.003186281 -0.003006479 1000 -0.01445868 -0.01521988 -0.01477368 -0.01479822 -0.0147264 1000
118 1.06 -4.75 0.6 -1 -0.001392775 -0.001569227 -0.0001534025 0.003565269 0.00620481 1000 -0.01533362 -0.01606238 -0.01720344 -0.01783255 -0.01951274 1000
119 0.32 -4.75 0.5 1 0.01617538 0.01524408 0.01257418 0.01128329 0.01200668 1000 -0.01834552 -0.01703415 -0.01551289 -0.0141761 -0.01525483 1000
120 0.28 -5.5 0.3 0 0.006531576 0.006670039 0.007652721 0.007486141 0.007230356 1000 -0.01736948 -0.01755757 -0.01836513 -0.01803801 -0.01803023 1000
121 1.04 -4 0.9 0 0.008421539 0.008574802 0.008998882 0.008254169 0.007693848 1000 -0.01949662 -0.02036486 -0.02062536 -0.02025575 -0.02078095 1000
122 0.9999996 5.5 0.5 1 0.006799128 0.007598933 0.007462068 0.007293919 0.007374964 1000 -0.02378659 -0.0236595 -0.02308534 -0.02239413 -0.02195329 1000
123 0.7999998 4 0.6 -1 0.0122715 0.01146896 0.008964114 0.005412591 0.003289332 1000 -0.02421353 -0.0234322 -0.02246183 -0.01996133 -0.01721003 1000
124 0.9999996 4 0.9 0 0.0009186294 0.0007463059 0.0005690171 0.0002412885 -7.566273E-05 1000 -0.01638335 -0.01706141 -0.01635292 -0.01651586 -0.01713087 1000
125 0.9399996 -4 0.9 0 -0.0008923523 -0.00151558 -0.001376991 -0.0008115342 -0.0005707876 1000 -0.0162292 -0.01646936 -0.01615744 -0.01652247 -0.01694499 1000
126 1.04 4 0.7 -1 -0.001852183 -0.00198925 -0.001697503 -0.002828763 -0.002274427 1000 -0.01496036 -0.01457488 -0.01416935 -0.01323728 -0.01164862 1000
127 0.34 4.75 0.2 0 -0.00537276 -0.005839195 -0.008246453 -0.009646906 -0.009562469 1000 -0.01852487 -0.01934874 -0.02013384 -0.02068037 -0.02122683 1000
128 0.04 -5.5 0.2 0 -0.008962722 -0.009388382 -0.008947909 -0.007645651 -0.008103266 1000 -0.01653145 -0.01582101 -0.01581496 -0.01668977 -0.01583763 1000
129 0.02 -5.5 0.2 0 -0.01062094 -0.01097197 -0.01133083 -0.01158634 -0.01193649 1000 -0.01553299 -0.01567082 -0.01567943 -0.01630401 -0.01644656 1000
130 0.06 4 0.5 0 -0.01147388 -0.01120826 -0.01120641 -0.01123622 -0.01175626 1000 -0.01594225 -0.01639409 -0.01612152 -0.01517808 -0.01512705 1000
131 0.9199997 5.5 0.9 0 -0.01320972 -0.01353039 -0.01420317 -0.01372572 -0.01273731 1000 -0.01580437 -0.01658498 -0.01687281 -0.016885 -0.01726568 1000
132 1.379999 4.75 1 0 -0.01689613 -0.01614581 -0.01408181 -0.01327871 -0.01244448 1000 -0.01659899 -0.01669596 -0.01701457 -0.01655085 -0.01730914 1000
133 1.439999 5.5 0.4 0 -0.01276677 -0.01291046 -0.01343706 -0.01283746 -0.01233825 1000 -0.01612351 -0.01637547 -0.0162938 -0.01663613 -0.01649047 1000
134 1.319999 4.75 0.7 1 -0.0105522 -0.01068421 -0.01036402 -0.01009905 -0.01048292 1000 -0.01585396 -0.01576126 -0.01617782 -0.01573336 -0.01592095 1000
135 0.6 4.75 0.5 0 -0.003440689 -0.003662946 -0.005226344 -0.006577188 -0.007965537 1000 -0.0152405 -0.01483948 -0.01492307 -0.01495084 -0.01537995 1000
136 0.6399999 4.75 0.6 -1 -0.008133703 -0.008043673 -0.008457825 -0.008262725 -0.007933068 1000 -0.01640891 -0.01670799 -0.0167387 -0.01688467 -0.01717005 1000
137 0.9399996 4 0.9 0 -0.009075742 -0.009460231 -0.01071133 -0.01088156 -0.01047383 1000 -0.01782833 -0.01737333 -0.01765769 -0.01741643 -0.01708952 1000
138 0.9599996 4 1 0 -0.01116009 -0.01086199 -0.01116387 -0.01170012 -0.01218404 1000 -0.01708226 -0.01730835 -0.01654334 -0.01667014 -0.01667785 1000
139 0.7599998 -4.75 0.7 1 -0.01079232 -0.01063535 -0.01025904 -0.01035072 -0.01069514 1000 -0.01667481 -0.0162407 -0.01644515 -0.01616714 -0.0162862 1000
140 0.6999999 4 0.9 0 -0.01034159 -0.01042008 -0.01016893 -0.009692949 -0.009363016 1000 -0.01887672 -0.01867651 -0.01849651 -0.01748993 -0.01748968 1000
141 0.12 4.75 0.1 0 -0.00930835 -0.01044378 -0.0117974 -0.01203509 -0.01147458 1000 -0.01531926 -0.01522272 -0.01455894 -0.01365806 -0.01386748 1000
142 0.38 4.75 0.6 1 -0.01182324 -0.01016364 -0.008547134 -0.007545367 -0.00802201 1000 -0.01406359 -0.01456959 -0.01455473 -0.01426714 -0.01395816 1000
143 0.34 -4 0.9 0 -0.008825634 -0.009566046 -0.01024212 -0.01046431 -0.01042841 1000 -0.01344697 -0.01490804 -0.01444056 -0.0144304 -0.01603839 1000
144 0.02 -4.75 0.6 1 -0.01001803 -0.01064758 -0.01089281 -0.01097276 -0.01097134 1000 -0.01719338 -0.01711095 -0.0168943 -0.01694822 -0.01718948 1000
145 0.14 4.75 0.6 0 -0.01283057 -0.01272417 -0.01163137 -0.01150485 -0.01190705 1000 -0.01837802 -0.01784921 -0.01864915 -0.01813109 -0.01740776 1000
146 0.14 4 0.8 0 -0.01249033 -0.01185198 -0.01124388 -0.01006547 -0.0102968 1000 -0.0169771 -0.01722422 -0.01698346 -0.01722082 -0.01731916 1000
147 0.18 -5.5 0.9 0 -0.01177747 -0.01125444 -0.01094657 -0.0109693 -0.01087717 1000 -0.01775008 -0.01740003 -0.01697479 -0.01852322 -0.01822971 1000
148 0.14 4.75 0.6 0 -0.01154202 -0.01152461 -0.01114644 -0.01178299 -0.01244154 1000 -0.01778274 -0.01741487 -0.01580829 -0.01549806 -0.01595833 1000
149 0.09999999 -5.5 0.7 0 -0.01398457 -0.01398859 -0.01375994 -0.01415896 -0.01413576 1000 -0.01712967 -0.01786028 -0.01774413 -0.01759757 -0.01764986 1000
150 0.34 4 0.6 -1 -0.03909989 -0.05737991 -0.07479019 -0.07622134 -0.07644261 1000 0.01860559 0.01510894 0.01112411 0.00404837 0.002877405 1000
151 0.42 5.5 0.7 1 -0.01834083 -0.01594602 -0.01465087 -0.01380107 -0.01515471 1000 0.001221377 -0.008160046 -0.008349165 -0.003673301 -0.002845596 1000
152 0.12 4 0.2 0 -0.006783752 -0.009525177 -0.007763879 -0.003728517 -0.00258415 1000 0.004162746 0.007023979 0.009863644 0.0157937 0.02203918 1000
153 0.4400001 4 0.6 0 0.001182522 -0.0001911085 -0.001430947 -0.00168679 -0.002748196 1000 0.01856784 0.01138382 0.01084342 0.0116143 0.01084347 1000
154 0.09999999 -4 0.4 0 -0.006495799 -0.006924334 -0.00748887 -0.007525962 -0.007271109 1000 0.008158919 0.007532847 0.007742184 0.007707412 0.007827777 1000
155 0.2 5.5 0.6 -1 -0.01172814 -0.01132654 -0.01111118 -0.009076149 -0.007436879 1000 0.007174031 0.007059556 0.007256927 0.007751059 0.007980349 1000
156 0.02 5.5 0.1 0 -0.01007513 -0.009947791 -0.009740344 -0.01004918 -0.01074279 1000 0.004689184 0.004751598 0.004502102 0.004561052 0.004259775 1000
157 0.02 4.75 0.4 0 -0.01037144 -0.0106484 -0.009968867 -0.0092621 -0.009825202 1000 0.002909662 0.002719777 0.002290048 0.00237768 0.003628399 1000
158 0.5000001 4.75 0.9 0 -0.00692822 -0.007231215 -0.007127501 -0.006763373 -0.006515646 1000 0.001387978 0.0009778958 0.0006736354 0.0003982129 0.0001212535 1000
159 0.14 -4.75 0.4 0 -0.007977669 -0.00767796 -0.008074305 -0.007245469 -0.006090809 1000 -0.001404662 -0.001799453 -0.00233194 -0.002986695 -0.004161087 1000
160 0.16 4 0.7 0 -0.004072618 -0.00373039 -0.005057024 -0.006952954 -0.007765613 1000 -0.006010778 -0.005845724 -0.005968938 -0.004613884 -0.005700431 1000
161 0.09999999 -4.75 0.2 0 -0.005684632 -0.005178118 -0.004976861 -0.005220718 -0.005327235 1000 -0.005301521 -0.003022939 -0.004432554 -0.005856143 -0.005244163 1000
162 0.6999999 -5.5 0.7 -1 -0.002374591 -0.002325221 -0.002810288 -0.002649883 -0.00177223 1000 -0.00495587 -0.005291424 -0.005190772 -0.005314624 -0.005806583 1000
163 0.58 4.75 0.6 1 -0.002950672 -0.002967778 -0.003248974 -0.002858494 -0.003140427 1000 -0.01391575 -0.01251728 -0.0128467 -0.01220362 -0.01174132 1000
164 0.8599997 4 0.8 0 -0.001516635 -0.001031061 -0.001080103 -0.0001627165 -7.962526E-05 1000 -0.01146948 -0.01120871 -0.01130481 -0.01180602 -0.01152683 1000
165 1.12 4.75 0.9 0 0.005846142 0.00954647 0.01643812 0.01536042 0.009528447 1000 -0.0311876 -0.04969918 -0.05686097 -0.05689424 -0.04576328 1000
166 0.32 -4 0.5 -1 -0.02398203 -0.02486429 -0.02908999 -0.0306252 -0.02676176 1000 0.0208289 0.02006616 0.01751921 0.01703272 0.0151526 1000
167 1.06 4.75 0.9 0 -0.02578473 -0.02653602 -0.02772607 -0.02861858 -0.02178571 1000 0.01439311 0.01488638 0.01079322 0.01244106 0.01850405 1000
168 0.7199998 5.5 0.7 -1 -0.005107829 -0.003453469 -0.005513002 -0.00199942 -0.001749377 1000 0.006855569 0.008007283 0.003370804 0.00473754 0.002502543 1000
169 0.7399998 5.5 0.5 0 -0.006626277 -0.01200794 -0.01179085 -0.01090525 -0.009893047 1000 -0.00128197 -0.002396937 0.0003992083 -0.002803502 -0.00257397 1000
170 0.28 -5.5 0.3 0 -0.005277676 -0.005541646 -0.005455854 -0.004901178 -0.004296457 1000 -0.005243745 -0.00673463 -0.006970617 -0.006910876 -0.007864541 1000
171 0.8199998 -5.5 0.7 1 -0.002186916 -0.002400811 -0.001726901 -0.002312149 -0.00207961 1000 -0.007614694 -0.00725764 -0.006440918 -0.006701054 -0.006539857 1000
172 0.16 -4 0.1 0 -0.005370528 -0.004808928 -0.004462046 -0.00475039 -0.005083655 1000 -0.007291907 -0.00816 -0.007355056 -0.007194623 -0.006977322 1000
173 0.26 -5.5 0.5 1 -0.008102559 -0.008196276 -0.008141988 -0.007789203 -0.007106808 1000 -0.006960053 -0.007106029 -0.007162386 -0.006985602 -0.007841183 1000
174 0.7999998 -5.5 0.6 0 -0.00841173 -0.009311546 -0.009300116 -0.009539912 -0.009524525 1000 -0.008772685 -0.008926256 -0.008625018 -0.008960771 -0.009391726 1000
175 1.179999 4.75 0.8 0 -0.01314641 -0.0135188 -0.01364606 -0.0131825 -0.01291438 1000 -0.009935333 -0.0100093 -0.009737752 -0.0102241 -0.009547295 1000
176 0.26 4.75 0.3 0 -0.01531515 -0.01540551 -0.01536045 -0.01519529 -0.01454884 1000 -0.009589049 -0.009799677 -0.009569268 -0.009919431 -0.01076075 1000
177 0.9799996 4.75 0.8 0 -0.01748426 -0.02072605 -0.02002127 -0.0195117 -0.02246781 1000 -0.01235264 -0.01788633 -0.0148579 -0.01616208 -0.01804777 1000
178 2.919998 5.5 0.5 0 -0.02203787 -0.02230772 -0.02224568 -0.02169385 -0.02127038 1000 -0.01771115 -0.01805853 -0.01832654 -0.0179052 -0.01761654 1000
179 1.359999 5.5 0.7 0 -0.01804113 -0.01843872 -0.01898244 -0.01906083 -0.01948224 1000 -0.0218086 -0.02227348 -0.02261041 -0.02171103 -0.02221099 1000
180 3.539997 4.75 0.9 0 -0.02139858 -0.0219253 -0.02160121 -0.02173075 -0.02192273 1000 -0.0212173 -0.02159686 -0.02186315 -0.02126162 -0.0208724 1000
181 1.319999 -4.75 0.4 0 -0.01898648 -0.01906494 -0.01803169 -0.02022338 -0.02003925 1000 -0.02050426 -0.02094722 -0.0192604 -0.020901 -0.02120472 1000
182 1.659999 -4 0.8 0 -0.01669466 -0.01725516 -0.01666924 -0.0165915 -0.01673962 1000 -0.01972278 -0.02017241 -0.01989659 -0.02029424 -0.02017177 1000
183 0.7999998 -4.75 0.6 1 -0.01412369 -0.01448036 -0.01493516 -0.0152745 -0.01457037 1000 -0.02088764 -0.0205481 -0.02070188 -0.02021385 -0.02068852 1000
184 0.9999996 4 0.4 0 -0.01263237 -0.01216629 -0.01197612 -0.01151797 -0.01149722 1000 -0.02211126 -0.02181401 -0.02155029 -0.02024443 -0.02064453 1000
185 0.8599997 -5.5 0.7 1 -0.01495485 -0.01554749 -0.01592486 -0.01599593 -0.01617555 1000 -0.02246779 -0.02193711 -0.02185675 -0.02143732 -0.02195101 1000
186 0.54 -4.75 0.7 1 -0.01945658 -0.0200802 -0.01851092 -0.01826247 -0.01885167 1000 -0.02044001 -0.02030059 -0.0212148 -0.02073206 -0.02032462 1000
187 0.42 4 0.3 0 -0.02350771 -0.02197333 -0.01846052 -0.0170538 -0.01545607 1000 -0.02417404 -0.02335233 -0.02421475 -0.02342132 -0.0232455 1000
188 0.8999997 -4.75 0.7 -1 -0.0110235 -0.01193649 -0.01170546 -0.01196054 -0.01212731 1000 -0.02247138 -0.022013 -0.02202607 -0.0215493 -0.0215774 1000
189 0.9199997 4 0.6 1 -0.01490119 -0.01506911 -0.01516567 -0.01487578 -0.01487155 1000 -0.02235422 -0.02184192 -0.02131467 -0.02132626 -0.02162976 1000
190 0.28 -4 0.4 0 -0.01510681 -0.01482128 -0.01514968 -0.01540018 -0.01545531 1000 -0.02166243 -0.02241519 -0.02196392 -0.02220458 -0.02214071 1000
191 1.14 -5.5 0.6 -1 -0.01605624 -0.01547857 -0.01470988 -0.0147814 -0.01511196 1000 -0.02305796 -0.02291748 -0.02356933 -0.02287175 -0.02300683 1000
192 1.679999 -4.75 0.4 0 -0.01500281 -0.01485508 -0.01515389 -0.01555862 -0.01594726 1000 -0.02250428 -0.02243069 -0.02269687 -0.02237267 -0.02250859 1000
193 0.6399999 5.5 0.2 0 -0.01498868 -0.01470499 -0.01447686 -0.01392321 -0.01423503 1000 -0.02161993 -0.02192717 -0.02183999 -0.02255863 -0.02197094 1000
194 0.4800001 4.75 0.3 0 -0.01076683 -0.01112517 -0.01204052 -0.01249461 -0.01252055 1000 -0.0223966 -0.02228874 -0.02205829 -0.02191369 -0.02178279 1000
195 0.38 4 0.4 0 -0.01303489 -0.0135104 -0.01344907 -0.01322406 -0.01302473 1000 -0.02184221 -0.02224812 -0.02152006 -0.02189285 -0.0218147 1000
196 1.399999 -5.5 0.5 -1 -0.01269402 -0.01341937 -0.0131458 -0.01292238 -0.01288446 1000 -0.02163633 -0.02159652 -0.02133467 -0.0216104 -0.02122715 1000
197 1.159999 -5.5 0.5 -1 -0.01344078 -0.01344939 -0.01337731 -0.01311506 -0.01318622 1000 -0.02227284 -0.02238861 -0.02250429 -0.02294925 -0.02237947 1000
198 0.9399996 -5.5 0.3 0 -0.01513815 -0.01460301 -0.01401823 -0.01392236 -0.01423818 1000 -0.02320095 -0.02302539 -0.02306012 -0.02254473 -0.02252177 1000
199 1.04 4 0.7 -1 -0.01558862 -0.0156424 -0.01548529 -0.01524185 -0.01507317 1000 -0.02178601 -0.02246666 -0.02205829 -0.0226 -0.02184269 1000
200 2.239999 5.5 0.7 -1 -0.0149666 -0.01447471 -0.01374843 -0.01316591 -0.01334506 1000 -0.02097929 -0.02093429 -0.02118786 -0.02173939 -0.02132273 1000
201 0.32 4.75 0.8 0 -0.01383116 -0.01371072 -0.01382182 -0.01371004 -0.01298468 1000 -0.02155789 -0.02139811 -0.02158025 -0.02157228 -0.02210706 1000
202 1.779999 5.5 1 0 -0.01326692 -0.01339859 -0.01352999 -0.01352628 -0.01316135 1000 -0.02117301 -0.02114891 -0.02108012 -0.02096415 -0.0215091 1000
203 1.379999 4 0.7 0 -0.0199554 -0.01612869 -0.01309867 -0.01181215 -0.01115919 1000 0.01932823 0.019748 0.01754457 0.01765216 0.01829199 1000
204 1.719999 -4 0.9 0 -0.017388 -0.01740527 -0.01728195 -0.01619451 -0.01490316 1000 0.023696 0.02393791 0.02428729 0.02298196 0.02019956 1000
205 0.3 -4.75 0.7 1 -0.004233732 -0.005522211 -0.006525903 -0.006039333 -0.006044577 1000 -0.01437849 -0.01317502 -0.01174346 -0.01064706 -0.01006623 1000
206 0.24 -4 0.2 0 -0.005793109 -0.006414582 -0.006463281 -0.006319618 -0.006589369 1000 -0.01012434 -0.009781363 -0.009559735 -0.009741018 -0.01019013 1000
207 0.02 4 0.3 0 -0.005650345 -0.004990633 -0.005598607 -0.006119192 -0.005747832 1000 -0.01044282 -0.01075894 -0.009789952 -0.01004621 -0.009776962 1000
208 0.9799996 4.75 0.5 -1 -0.006243148 -0.005656432 -0.005722114 -0.006004802 -0.00564282 1000 -0.00955651 -0.009156466 -0.009338624 -0.009129371 -0.009695941 1000
209 0.9199997 -4.75 0.6 1 -0.006461479 -0.00691226 -0.006604732 -0.006385017 -0.006315745 1000 -0.01003042 -0.01008411 -0.009493535 -0.01004453 -0.01055301 1000
210 0.8799997 4.75 0.5 1 -0.006930839 -0.007148916 -0.007688883 -0.007899366 -0.007849227 1000 -0.0104683 -0.01040124 -0.01014892 -0.010368 -0.01040921 1000
211 0.5000001 5.5 0.5 -1 -0.008067296 -0.008227397 -0.007639372 -0.007686087 -0.007928735 1000 -0.01051026 -0.01004456 -0.01053618 -0.009586297 -0.009496407 1000
212 0.6799999 5.5 0.6 0 -0.007580444 -0.006939617 -0.007613563 -0.007558931 -0.007365795 1000 -0.01234511 -0.01236872 -0.01307387 -0.01309712 -0.0133662 1000
213 0.14 4 0.3 0 -0.003507829 -0.003530127 -0.003976407 -0.003974753 -0.003832513 1000 -0.009474149 -0.009081033 -0.009336771 -0.009039205 -0.0097715 1000
214 1.639999 5.5 0.7 0 -0.004775021 -0.005340493 -0.005736846 -0.005886825 -0.006177198 1000 -0.01084241 -0.01065732 -0.01038104 -0.01053113 -0.01099314 1000
215 1.02 -5.5 1 0 -0.005825034 -0.005955544 -0.005621022 -0.005860712 -0.006173491 1000 -0.01117671 -0.01104921 -0.01169089 -0.01147627 -0.01169761 1000
216 0.22 5.5 0.3 0 -0.005314332 -0.005797355 -0.005635875 -0.005017102 -0.005621039 1000 -0.01009338 -0.01008202 -0.009773324 -0.01028316 -0.00968411 1000
217 1.14 -5.5 0.7 0 -0.006136333 -0.006194488 -0.006607176 -0.006643651 -0.006340224 1000 -0.01060798 -0.01023636 -0.01072738 -0.01106191 -0.01135073 1000
218 0.16 4 0.1 0 -0.00557484 -0.005579042 -0.006057236 -0.006383349 -0.006113343 1000 -0.009410945 -0.009461775 -0.009658492 -0.009769944 -0.009737554 1000
219 0.9199997 4.75 0.6 0 -0.005232488 -0.005411432 -0.006950968 -0.007134812 -0.006662968 1000 -0.0118772 -0.01175485 -0.01187145 -0.01229279 -0.01197096 1000
220 1.359999 -5.5 0.7 0 -0.006303255 -0.006388376 -0.00585645 -0.005631387 -0.005676964 1000 -0.01059801 -0.01036995 -0.01103084 -0.01114777 -0.01101458 1000
221 0.22 -4 0.3 0 -0.004671164 -0.004447757 -0.004353845 -0.004550219 -0.004041095 1000 -0.01109888 -0.01090089 -0.01052008 -0.0106938 -0.01043288 1000
222 0.04 4.75 0.2 0 -0.004028742 -0.003823004 -0.003557917 -0.004071206 -0.004171015 1000 -0.01060101 -0.01086908 -0.01131387 -0.01081085 -0.01080833 1000
223 0.4 -4 0.9 0 -0.006874291 -0.01139472 -0.01364656 -0.01254821 -0.01000289 1000 -0.01568823 -0.01940984 -0.01855969 -0.01923519 -0.01906863 1000
224 0.32 -5.5 0.6 -1 -0.004875359 -0.004080429 -0.004005859 -0.003995527 -0.00323324 1000 -0.01856101 -0.0177761 -0.01757382 -0.01722881 -0.01742516 1000
225 0.3 -4 0.7 -1 0.002503884 0.004700153 0.005972499 0.00547133 0.005542452 1000 -0.0166533 -0.01668597 -0.01754709 -0.01812333 -0.01846263 1000
226 0.24 5.5 0.5 0 0.002901892 0.002594029 0.0006956019 4.789812E-05 0.0006205383 1000 -0.01514583 -0.0153045 -0.01667634 -0.01562002 -0.01541265 1000
227 0.6999999 -5.5 0.6 1 -0.0002043758 -0.0004213958 -0.0002372645 -0.0002296149 -0.0001873103 1000 -0.01518113 -0.01512528 -0.01501613 -0.01570721 -0.01578962 1000
228 0.6999999 4.75 0.7 1 -0.0009610878 -0.0006043484 -3.943997E-05 -0.0005539287 -0.0006940039 1000 -0.01455965 -0.01454411 -0.0149448 -0.01443314 -0.01416221 1000
229 0.6399999 4 0.6 -1 -0.002423674 -0.002302386 -0.002157695 -0.002076551 -0.001821256 1000 -0.0150666 -0.01453284 -0.01438655 -0.01451075 -0.01424251 1000
230 0.14 -4 0.5 1 -0.002753563 -0.002573456 -0.002459293 -0.003433692 -0.003644484 1000 -0.01452287 -0.01461836 -0.01491778 -0.01448843 -0.01487727 1000
231 0.14 -4 0.8 0 -0.002165037 -0.002161657 -0.001827095 -0.001073565 -0.0007511408 1000 -0.01593695 -0.01622299 -0.01607857 -0.0162353 -0.01733438 1000
232 0.8399997 -4.75 0.7 0 -0.0003913253 -0.00117694 -0.0008296343 -0.0009414813 -0.0004230617 1000 -0.01665515 -0.01622549 -0.0161074 -0.0158363 -0.01564803 1000
233 1.06 5.5 0.8 0 -0.0004286015 0.0008002354 0.000588598 0.0002089609 0.0008502381 1000 -0.01548911 -0.01550133 -0.01458908 -0.01458785 -0.0138512 1000
234 1.419999 4.75 0.5 1 -0.001590768 -0.0009280632 -0.001124323 -0.0009589315 -0.0006685829 1000 -0.0133479 -0.01368225 -0.01297327 -0.01305388 -0.01286916 1000
235 1.239999 -4.75 0.8 0 -0.0009100069 -0.0005918598 -0.0003581774 -0.0008941169 -0.0005335422 1000 -0.0119184 -0.01202737 -0.012897 -0.01302012 -0.01332906 1000
236 1.299999 -4.75 0.7 -1 -0.0005204726 -0.0006309673 -0.0007913095 -0.0005816019 -0.0001975621 1000 -0.01362831 -0.0136609 -0.01382608 -0.0139617 -0.0146548 1000
237 0.4600001 -5.5 0.2 0 -0.002662972 -0.002020775 -0.002124607 -0.002753664 -0.002720473 1000 -0.01412382 -0.01440891 -0.01387222 -0.01373574 -0.01366062 1000
238 0.8799997 -4.75 0.5 1 -0.002253046 -0.002266767 -0.002838681 -0.002916379 -0.003186542 1000 -0.01468183 -0.01394351 -0.01388921 -0.01384156 -0.01399116 1000
239 1.639999 -4.75 1 0 -0.002968943 -0.002815424 -0.002565041 -0.001931057 -0.002219081 1000 -0.01436986 -0.01428476 -0.01443717 -0.01526138 -0.01462348 1000
240 1.359999 -5.5 0.7 0 -0.003434476 -0.002962132 -0.003141929 -0.003012555 -0.002900243 1000 -0.01592106 -0.01519809 -0.01556869 -0.01589685 -0.01570984 1000
241 0.9799996 4.75 0.6 -1 -0.004580813 -0.004380095 -0.003457635 -0.003537679 -0.003571217 1000 -0.01670658 -0.01616351 -0.01644498 -0.01548383 -0.01457293 1000
242 0.9799996 -5.5 0.6 0 -0.003812841 -0.003473129 -0.003131261 -0.003372501 -0.003507972 1000 -0.01604475 -0.01647731 -0.0164241 -0.01644298 -0.01613658 1000
243 0.9399996 -4.75 0.7 -1 -0.002855119 -0.002958061 -0.00331896 -0.003218901 -0.003066709 1000 -0.01579074 -0.01521775 -0.0154878 -0.01547513 -0.01606114 1000
244 0.6399999 -4.75 0.4 0 -0.006527093 -0.005879241 -0.004634196 -0.004176131 -0.002591647 1000 -0.01574099 -0.01647039 -0.01636696 -0.01583521 -0.01805064 1000
245 0.28 4.75 0.1 0 4.060386E-05 0.001127192 0.0009637673 0.001093033 0.001962411 1000 -0.01644804 -0.01609624 -0.01642418 -0.015389 -0.01578878 1000
246 0.3 5.5 0.4 0 0.005828675 0.006026821 0.007445896 0.007473571 0.00654982 1000 -0.01786704 -0.01714637 -0.01768674 -0.01751477 -0.01696849 1000
247 0.6199999 4 0.5 0 0.006068168 0.005431269 0.005439185 0.0049027 0.004446967 1000 -0.01674034 -0.0160126 -0.01689105 -0.0169521 -0.01657757 1000
248 0.26 -4 0.3 0 0.003867605 0.003794449 0.00318665 0.003683903 0.003419077 1000 -0.01737509 -0.01651534 -0.01653051 -0.01662131 -0.01667542 1000
249 0.4400001 5.5 0.5 0 0.002843932 0.003033654 0.002409123 0.001813774 0.001752148 1000 -0.01686413 -0.01685771 -0.01615624 -0.01629523 -0.01641867 1000
250 2.079999 4.75 0.6 1 -0.002002121 -0.00223299 -0.002339068 -0.002198425 -0.002206006 1000 -0.01673274 -0.0171737 -0.01738024 -0.01764437 -0.01796209 1000
251 0.7599998 -4 0.6 -1 -0.002776077 -0.00304875 -0.003300066 -0.003097875 -0.002992003 1000 -0.01756573 -0.01683276 -0.01709935 -0.01681994 -0.01595716 1000
252 0.18 -4 0.6 1 0.002781441 0.002021823 0.001250788 0.001612152 0.0008019608 1000 -0.007630754 -0.005853829 -0.005192916 -0.005814927 -0.006304543 1000
253 0.2 5.5 0.7 -1 -0.0004688221 -0.0002421662 -0.0006122852 -0.0008270042 -0.0003002597 1000 -0.007261534 -0.007249779 -0.007652743 -0.007446962 -0.007799191 1000
254 0.7199998 4.75 0.5 0 0.0003940797 -0.000225508 -0.0003708911 -0.0009598953 -0.001200321 1000 -0.007525613 -0.007451018 -0.007559593 -0.007661404 -0.007566811 1000
255 0.8799997 -4 0.5 0 -0.004825377 -0.004321496 -0.004378413 -0.004834349 -0.00452616 1000 -0.007999444 -0.008480052 -0.008207156 -0.008355491 -0.007963427 1000
256 1.14 -4 0.5 1 -0.004286203 -0.004461395 -0.004214569 -0.004133951 -0.004736162 1000 -0.007759017 -0.007956471 -0.007982804 -0.008566392 -0.008115062 1000
257 1.959999 -5.5 0.5 1 -0.005633202 -0.004263926 -0.002882261 -0.003560908 -0.001746074 1000 -0.008893502 -0.007378675 -0.00556346 0.005701568 0.01220932 1000
258 0.36 5.5 0.1 0 0.01109898 0.00869312 0.01020404 0.01212938 0.01134114 1000 0.01566993 0.01760857 0.02101854 0.02193569 0.0226374 1000
259 1.08 -5.5 0.8 0 0.01236885 0.01291839 0.01326626 0.01351854 0.01447168 1000 0.01597027 0.01592591 0.01642513 0.01429486 0.01269892 1000
260 1.179999 4.75 0.5 -1 0.01465188 0.01483461 0.01551921 0.01520336 0.0143025 1000 0.008956521 0.009469949 0.009466303 0.00922947 0.01002023 1000
261 1.399999 -4 0.7 1 0.0129278 0.01386702 0.01404753 0.0137837 0.01421477 1000 0.01123041 0.009897485 0.01011304 0.01046347 0.01032821 1000
262 1.379999 4.75 0.7 1 0.01522753 0.01573208 0.0163559 0.01602094 0.01575341 1000 0.008964652 0.009182104 0.009506847 0.009249698 0.009423968 1000
263 0.9799996 4.75 0.5 -1 0.01189671 0.01290564 0.01364912 0.01346827 0.01373277 1000 0.008622256 0.007983227 0.008113689 0.008537177 0.008348818 1000
264 0.16 4.75 0.2 0 0.0102398 0.01172928 0.01173154 0.01066364 0.009723119 1000 0.00887459 0.008115053 0.007731872 0.008679299 0.008903041 1000
265 0.9599996 -4.75 0.9 0 0.00590566 0.005734615 0.005542656 0.006245625 0.006035687 1000 0.004653739 0.005156251 0.005001316 0.003664166 0.004084679 1000
266 0.3 -4.75 0.2 0 0.006821939 0.006803476 0.007114953 0.008270098 0.008045483 1000 0.007637692 0.007601547 0.008108513 0.006537793 0.005357611 1000
267 0.9399996 -4 0.7 -1 0.007311442 0.006848478 0.006744045 0.007193312 0.006544904 1000 0.005945367 0.006157118 0.006496199 0.006124914 0.006060584 1000
268 0.6399999 4.75 0.4 0 0.005767329 0.005911005 0.006728474 0.008048757 0.008553209 1000 0.006587725 0.006151347 0.005768639 0.005440357 0.005498107 1000
269 0.6199999 5.5 0.1 0 0.008959454 0.008072741 0.008657257 0.008491694 0.006545174 1000 0.006094499 0.006559239 0.007105635 0.007438998 0.007094547 1000
270 0.8799997 4 0.6 0 0.004722254 0.004671145 0.005004112 0.004735155 0.003815764 1000 0.005276435 0.005183546 0.004924809 0.005026196 0.006070953 1000
271 1.839999 4.75 0.7 1 0.006805606 0.01566891 0.02032132 0.02169864 0.02800534 1000 0.01209627 0.006604461 -0.0008290914 -0.001649034 0.0003584199 1000
272 0.8999997 -5.5 0.6 1 0.01201684 0.01099779 0.009883625 0.0142061 0.01642184 1000 0.02046554 0.01901504 0.01407883 0.008090277 0.002860515 1000
273 2.339998 5.5 1 0 0.007562557 -0.0004161981 -0.00491015 -0.00620818 -0.006301589 1000 -0.01815994 -0.01258448 -0.01077852 -0.009004479 -0.004996467 1000
