trial Response_Time velH Occlusion_Duration velH_Subject xRotations_first0 xRotations_first1 xRotations_first2 xRotations_first3 xRotations_first4 xRotations_first5 yRotations_first0 yRotations_first1 yRotations_first2 yRotations_first3 yRotations_first4 yRotations_first5
1 0.2 -4 0.3 0 -0.02010396 -0.0178927 -0.01828324 -0.01807459 -0.01990137 1000 0.001693344 -0.007651727 -0.008832765 -0.007177838 -0.00784136 1000
2 0.6 4 0.6 1 -0.02027018 -0.01954314 -0.01871654 -0.0181393 -0.01814503 1000 -0.01491517 -0.01599948 -0.01652866 -0.01623874 -0.0145841 1000
3 0.54 -5.5 0.6 0 -0.02008568 -0.02041994 -0.02091315 -0.02158819 -0.02111668 1000 -0.008147141 -0.008083511 -0.008020583 -0.00872934 -0.01076701 1000
4 0.6199999 -4 0.5 -1 -0.02329834 -0.02342819 -0.02359022 -0.02305405 -0.02222631 1000 -0.01848962 -0.01856332 -0.01796537 -0.01780949 -0.01770723 1000
5 0.16 4.75 0.6 -1 -0.02424946 -0.02375544 -0.02369449 -0.02333269 -0.02234682 1000 -0.01382727 -0.01411566 -0.01289231 -0.01073225 -0.00566537 1000
6 0.58 -5.5 0.5 0 0.0003519446 0.001840987 0.001843041 0.00198253 0.0009967943 1000 0.01805095 0.01372373 0.01253701 0.00743082 -0.002084578 1000
7 0.7399998 -5.5 0.7 0 -0.01076502 -0.01081146 -0.0109741 -0.01174743 -0.01196654 1000 -0.009105971 -0.009874674 -0.01074933 -0.01063771 -0.01148815 1000
8 0.22 -4.75 0.3 0 -0.02191081 -0.0182392 -0.01739094 -0.01735091 -0.01725695 1000 -0.01884775 -0.01647411 -0.01585081 -0.01597531 -0.01651115 1000
9 0.38 5.5 0.5 -1 -0.01951172 -0.0145551 -0.01128098 -0.009808803 -0.009179565 1000 -0.01315045 -0.007061551 -0.0008178942 0.003067215 0.01192945 1000
10 0.8399997 -4 0.9 0 -0.004294349 -0.001013331 -0.0005839459 -0.001798832 -0.004706251 1000 0.01210903 -0.0008842468 -0.004863418 -0.009212304 -0.01409774 1000
11 0.6399999 -4 0.6 1 -0.005501186 -0.001678218 -0.001393323 -0.001181375 -0.00097663 1000 -0.009563583 0.01178207 0.01883089 6.907132E-06 -0.01878699 1000
12 1.359999 4 0.9 0 -0.008051377 -0.00318622 -0.002960266 -0.005602731 -0.006960015 1000 0.03599454 0.08475512 0.1020362 0.09514692 0.07545169 1000
13 0.8799997 4.75 0.7 -1 -0.02269184 -0.02066718 -0.02002322 -0.02046851 -0.01959081 1000 -0.02561033 -0.05597036 -0.1077801 -0.11746 -0.08239588 1000
14 0.38 -4.75 0.7 1 -0.007860062 -0.0124429 -0.01343771 -0.01317162 -0.01328569 1000 0.01528018 0.005782004 -0.0001903351 -0.001600514 -0.002976263 1000
15 0.6399999 -4.75 0.7 -1 -0.01742208 -0.01562418 -0.0144973 -0.01326112 -0.01131192 1000 0.003763883 0.02354869 0.03148522 0.0261804 0.01878444 1000
16 1.299999 -4.75 0.9 0 -0.01508896 -0.01515386 -0.01524687 -0.01488159 -0.01506437 1000 0.002396976 0.002343576 0.002506948 0.002194927 0.001703386 1000
17 0.4600001 4 0.4 0 -0.01550024 -0.01588406 -0.01612793 -0.01597155 -0.01562557 1000 -0.001509156 -0.00153675 -0.001598753 -0.001113066 -0.001182066 1000
18 0.6199999 5.5 0.7 1 -0.01797589 -0.01756365 -0.01693523 -0.01636677 -0.01608816 1000 0.0008926963 0.0002071203 0.0002124739 0.0008990949 0.0005911713 1000
19 0.8399997 4.75 0.6 1 -0.01795765 -0.01801494 -0.01778026 -0.0169934 -0.01663309 1000 0.0004984984 -0.0002829219 -0.0001088746 -0.0002038494 -0.0003925169 1000
20 0.16 -4 0.1 0 -0.01794643 -0.01799206 -0.01806601 -0.01718142 -0.01660942 1000 0.001257903 0.0007528088 0.001087954 0.000789421 0.0004256116 1000
21 0.4600001 4.75 0.3 0 -0.01908851 -0.01917817 -0.01855286 -0.01783927 -0.01719105 1000 -0.001040771 -0.001259698 -0.001060844 -0.0007830039 -0.0001271892 1000
22 0.8399997 -4.75 0.7 1 -0.01737425 -0.0175255 -0.01790846 -0.01777641 -0.01714127 1000 0.003542266 0.001957651 0.001428809 0.000436342 -0.000675848 1000
23 1.1 -4 1 0 -0.01357489 -0.01375421 -0.0134361 -0.01330569 -0.01295397 1000 -0.01715227 -0.01652343 -0.01100985 -0.005842487 -0.01058292 1000
24 0.2 4 0.1 0 -0.01506318 -0.01434361 -0.01423177 -0.01318971 -0.01243382 1000 -0.01547011 -0.01539406 -0.01450547 -0.0147934 -0.01488531 1000
25 0.24 5.5 0.3 0 -0.01446662 -0.01437971 -0.01416674 -0.01405686 -0.01343365 1000 -0.01317991 -0.01335651 -0.01381323 -0.01380714 -0.01377121 1000
26 0.7799998 -4 0.6 -1 -0.0142683 -0.01484439 -0.01487449 -0.0146328 -0.01428357 1000 -0.01357909 -0.01361817 -0.01349276 -0.01348967 -0.01401749 1000
27 1.02 4.75 0.9 0 -0.01550631 -0.0151369 -0.01457531 -0.01389778 -0.0136975 1000 -0.01582452 -0.01523735 -0.01452121 -0.01400976 -0.0135133 1000
28 0.42 -4.75 0.2 0 -0.01419931 -0.01422169 -0.01420838 -0.01413822 -0.01390452 1000 -0.01273501 -0.01367064 -0.01395361 -0.0147106 -0.01519658 1000
29 0.4600001 -4.75 0.3 0 -0.01515891 -0.01481697 -0.01452604 -0.01427063 -0.01427859 1000 -0.01455046 -0.01453182 -0.01403944 -0.01428931 -0.0146935 1000
30 1.08 -5.5 0.5 0 -0.01589269 -0.01552316 -0.0149787 -0.01430941 -0.01411141 1000 -0.01449407 -0.01455582 -0.01456184 -0.01507789 -0.01497821 1000
31 0.7399998 -4 0.5 -1 -0.01760445 -0.01763602 -0.01744778 -0.01713598 -0.01661942 1000 -0.01582796 -0.01502998 -0.01502173 -0.01467617 -0.01522095 1000
32 0.4800001 4.75 0.2 0 -0.01724107 -0.0177746 -0.01773114 -0.01738476 -0.01719612 1000 -0.01690557 -0.01718594 -0.01678914 -0.01605226 -0.0159988 1000
33 0.56 4.75 0.4 0 -0.01744196 -0.01748325 -0.01701601 -0.01671634 -0.01638544 1000 -0.01572713 -0.01604754 -0.0161281 -0.01608045 -0.01609876 1000
34 1.639999 4 1 0 -0.01678237 -0.0171993 -0.01734838 -0.01726065 -0.01671107 1000 -0.01732038 -0.01809566 -0.01762418 -0.01714545 -0.01737537 1000
35 0.6399999 4.75 0.7 -1 -0.01526503 -0.01559916 -0.01562011 -0.01529307 -0.01536231 1000 -0.0133935 -0.01318359 -0.01322589 -0.01338581 -0.0131473 1000
36 0.7399998 5.5 0.7 0 -0.0171052 -0.01720384 -0.01705664 -0.01658217 -0.0163648 1000 -0.01272756 -0.01254646 -0.01242638 -0.01193386 -0.01203633 1000
37 0.7799998 -4.75 0.6 -1 -0.01968354 -0.01325597 -0.006095431 -0.00284518 -0.00316881 1000 -0.00794045 -0.009608806 -0.01068517 -0.0130861 -0.01608372 1000
38 0.54 -4.75 0.4 0 -0.02004451 -0.01759926 -0.01430494 -0.01440838 -0.01539064 1000 -0.01247347 -0.01021149 -0.02394909 -0.02350352 -0.01150538 1000
39 0.7199998 -5.5 0.5 0 -0.005626908 -0.002428775 -0.006581238 -0.005707887 0.0001070786 1000 -0.02105602 -0.0244115 -0.02604933 -0.02921902 -0.03941573 1000
40 0.16 5.5 0.1 0 0.0107739 -0.001655976 -0.01688158 -0.02568236 -0.02565869 1000 -0.01538248 -0.006315204 0.004823526 0.01184969 0.01279226 1000
41 0.6799999 5.5 0.8 0 -0.02135043 -0.01792455 -0.01728557 -0.01966429 -0.02659074 1000 0.01049811 0.01146293 0.01401738 0.01613968 0.02083775 1000
42 0.38 5.5 0.7 -1 -0.02029692 -0.0307127 -0.03158337 -0.0305025 -0.02906336 1000 0.009435291 0.003949541 0.009473671 0.01292339 0.013842 1000
43 0.28 4 0.6 -1 -0.02235853 -0.0242293 -0.01873288 -0.01529145 -0.01505457 1000 0.03126511 0.05873132 0.09036618 0.1147747 0.1098405 1000
44 0.24 -5.5 0.5 1 -0.02145522 -0.01783458 -0.01544234 -0.01462441 -0.0151374 1000 0.02991748 0.0371032 0.04175138 0.04238738 0.03145219 1000
45 0.8799997 4.75 0.6 0 -0.0220371 -0.02040867 -0.02136762 -0.02182097 -0.02268337 1000 0.01496779 0.01476915 0.01572913 0.01476305 0.01433175 1000
46 1.08 4.75 0.6 0 -0.02089854 -0.02075586 -0.02045573 -0.02052122 -0.02051427 1000 0.01920547 0.01911119 0.01884979 0.02020566 0.02095984 1000
47 1.159999 5.5 0.6 0 -0.02016175 -0.02040726 -0.02077086 -0.02052094 -0.02063762 1000 0.02241018 0.02244404 0.02251398 0.02246599 0.02299162 1000
48 0.6999999 4.75 0.5 0 -0.02020813 -0.02053258 -0.02095267 -0.02089181 -0.02074513 1000 0.02348415 0.02334671 0.02342588 0.02336773 0.02367141 1000
49 0.9799996 4 0.5 0 -0.02074275 -0.02082946 -0.02083301 -0.02088064 -0.02080995 1000 0.02378784 0.02391062 0.02374624 0.02345506 0.02391431 1000
50 0.4800001 4.75 0.3 0 0.000927889 -0.008511932 -0.01436778 -0.02621901 -0.03952763 1000 0.02209822 0.02315726 0.01793777 0.01301278 0.01766856 1000
51 1.339999 4 1 0 -0.01386073 -0.01444992 -0.01613003 -0.008980166 -0.0110741 1000 0.01708068 0.01716964 0.02039222 0.02282116 0.02922516 1000
52 1.279999 4.75 0.9 0 0.001749301 0.001079033 -0.001097413 -0.003183359 -0.003106463 1000 0.01901169 0.02656052 0.03198203 0.03944992 0.06308204 1000
53 1.439999 4 0.9 0 -0.02252266 -0.03628344 -0.04815671 -0.02653557 -0.01916306 1000 0.009392006 -0.00351062 0.004504912 0.02439195 0.05424841 1000
54 0.58 -5.5 0.3 0 -0.01508158 -0.01440359 -0.01646375 -0.01890919 -0.01687757 1000 -0.04656101 -0.1335605 -0.1793759 -0.1591182 -0.10703 1000
55 0.9399996 -5.5 0.6 1 -0.002813685 9.60816E-05 -0.002900482 -0.002885236 -0.001484562 1000 -0.006304829 -0.003488666 -0.009535814 -0.01360183 -0.01743668 1000
56 0.9599996 5.5 0.5 1 -0.00596745 -0.006052541 -0.00580524 -0.005450671 -0.005262999 1000 -0.02178345 -0.02182291 -0.021475 -0.02031433 -0.01937843 1000
57 0.9599996 5.5 0.5 1 -0.009107252 -0.009097195 -0.008830939 -0.008551885 -0.008694897 1000 -0.01100325 -0.01344434 -0.01316885 -0.01263289 -0.01233387 1000
58 1.279999 -4.75 0.7 -1 -0.01089656 -0.01116903 -0.01114135 -0.01098345 -0.01095993 1000 -0.01427899 -0.01448112 -0.01471015 -0.01470811 -0.01419694 1000
59 0.5000001 4.75 0.2 0 -0.01139192 -0.01136401 -0.01101082 -0.01070305 -0.01001029 1000 -0.01400423 -0.01345591 -0.01267652 -0.01168426 -0.01185615 1000
60 1.08 -5.5 0.6 -1 -0.0111019 -0.01093183 -0.01052328 -0.01028133 -0.01016246 1000 -0.01261554 -0.01284894 -0.01258196 -0.01222035 -0.01231445 1000
61 0.4800001 5.5 0.5 -1 -0.01313277 -0.01306103 -0.01273494 -0.01199432 -0.01137888 1000 -0.0121038 -0.01158077 -0.01083712 -0.009540319 -0.008882045 1000
62 0.7399998 -5.5 0.7 -1 -0.01515688 -0.01574908 -0.01594171 -0.01564554 -0.01554061 1000 -0.001678629 -0.002989182 -0.004223017 -0.005011939 -0.005003395 1000
63 0.9599996 4.75 0.7 0 -0.01972864 -0.01956247 -0.01886777 -0.0181697 -0.01777351 1000 -0.007320388 -0.004796231 -0.003281851 -0.002150343 -0.001690752 1000
64 1.399999 5.5 0.8 0 -0.01678485 -0.01558042 -0.01475524 -0.01402789 -0.01408004 1000 -0.006330037 -0.007778651 -0.009539938 -0.01033671 -0.007890161 1000
65 0.9999996 -5.5 0.6 0 -0.01699949 -0.01615361 -0.01545097 -0.01428879 -0.01355088 1000 -0.00651158 -0.007404926 -0.007934909 -0.009064274 -0.00926698 1000
66 0.9599996 -5.5 0.8 0 -0.01512496 -0.01482795 -0.01551282 -0.01482296 -0.01414498 1000 -0.009329021 -0.009638176 -0.00872515 -0.008163353 -0.008381066 1000
67 0.52 4.75 0.5 0 -0.01863667 -0.0171136 -0.01558943 -0.01452824 -0.01233005 1000 -0.004351144 -0.007679041 -0.009736698 -0.0003531619 0.0146647 1000
68 0.4 -5.5 0.7 0 -0.01089794 -0.01063642 -0.01116516 -0.01145099 -0.01142544 1000 0.01677394 0.0174814 0.0176001 0.007906293 -0.01702928 1000
69 1.399999 -4.75 0.8 0 -0.007041507 -0.005962374 -0.005705317 -0.005890368 -0.00608657 1000 -0.01221636 -0.01018241 -0.01608936 -0.01602983 -0.01742823 1000
70 0.7399998 -4 0.4 0 -0.009087744 -0.006137202 -0.00266385 -0.00364579 -0.004171841 1000 -0.00829176 0.02042964 0.02554377 0.01777707 0.008409659 1000
71 0.7799998 5.5 0.5 0 -0.009751656 -0.01002858 -0.009554683 -0.009226466 -0.008093414 1000 -0.003751428 -0.003674865 -0.003563619 -0.003074589 -0.003355423 1000
72 0.2 -4 0.1 0 -0.0099772 -0.009857421 -0.01013732 -0.01005828 -0.009791886 1000 -0.002876799 -0.002879055 -0.002807071 -0.003100286 -0.003283487 1000
73 0.5000001 -5.5 0.5 1 -0.01302424 -0.01294947 -0.01271829 -0.01244153 -0.01224026 1000 -0.006449566 -0.006616255 -0.006980018 -0.007483921 -0.007975606 1000
74 0.38 4.75 0.7 -1 -0.01713745 -0.01761557 -0.01720495 -0.01624748 -0.01520159 1000 -0.008979422 -0.009335069 -0.009653488 -0.009368182 -0.008998996 1000
75 0.7799998 4.75 0.7 0 -0.01944366 -0.02000681 -0.03530751 -0.04570422 -0.01335739 1000 -0.008427047 -0.008447039 -0.005440257 -0.005953745 -0.009049143 1000
76 1.399999 5.5 0.6 1 -0.0006317587 -0.003381916 -0.009519666 -0.007007713 -0.009188864 1000 0.02375614 0.02209233 0.02285692 0.01947954 0.01890854 1000
77 0.9599996 4 0.6 -1 -0.02424931 -0.02479637 -0.02583127 -0.02644577 -0.02637947 1000 0.01117495 0.01148905 0.01279584 0.01402856 0.01451266 1000
78 0.9199997 4 0.7 1 -0.02413368 -0.0244232 -0.02532768 -0.0257613 -0.0257578 1000 0.01174034 0.01227885 0.01231915 0.0122963 0.01200277 1000
79 1.339999 4 0.6 1 -0.02485452 -0.02508662 -0.02553073 -0.02540219 -0.02496003 1000 0.01001424 0.009667935 0.009750755 0.009763606 0.01028195 1000
80 0.9799996 4 0.8 0 -0.02518846 -0.02521616 -0.02479525 -0.02433535 -0.02411161 1000 0.01160559 0.01177704 0.01194128 0.0119903 0.0124823 1000
81 0.8999997 -4 0.5 0 -0.02509737 -0.02521079 -0.02490811 -0.02431588 -0.02366074 1000 0.01318219 0.01406322 0.01353163 0.01309124 0.0130653 1000
82 0.7399998 -4.75 0.5 1 -0.02456805 -0.02436708 -0.02413512 -0.02423387 -0.02414389 1000 0.01023762 0.01003299 0.01004717 0.0107667 0.01064488 1000
83 2.279999 -4.75 1 0 -0.02459391 -0.02439107 -0.02431821 -0.02421055 -0.02398044 1000 0.01182222 0.01184603 0.01119344 0.01077018 0.01031298 1000
84 1.519999 -5.5 0.7 -1 -0.01602641 -0.01541915 -0.01976194 -0.02579708 -0.0247056 1000 -0.01142378 -0.01410814 -0.007937719 0.00388442 0.008695422 1000
85 1.479999 -4 0.6 0 -0.02092431 -0.01757664 -0.01548147 -0.01269015 -0.01097308 1000 0.01952974 0.0175613 0.01555613 0.01071128 0.006760968 1000
86 1.279999 5.5 0.5 0 -0.0231966 -0.02465842 -0.02581139 -0.02600898 -0.02512548 1000 0.009361716 0.01170202 0.01483985 0.01888695 0.0200776 1000
87 0.4 -5.5 0.6 1 -0.007742887 -0.005240586 -0.00325821 -0.001797769 -0.001499609 1000 0.02336868 0.02296583 0.02215343 0.02085222 0.02080686 1000
88 0.7799998 -4.75 0.5 -1 -0.002700604 -0.004442312 -0.004656219 -0.004356533 -0.00467909 1000 0.006371574 0.007126546 0.01103035 0.01101017 0.01051833 1000
89 1.319999 -5.5 0.5 -1 -0.01271185 -0.01020896 -0.006967421 -0.003748057 -0.002942384 1000 0.008771908 0.007341607 0.007841911 0.006119119 0.004074981 1000
90 1.06 4.75 0.4 0 -0.01126472 -0.01135428 -0.01138258 -0.01138839 -0.01122795 1000 0.007924794 0.008072159 0.007683095 0.009438645 0.01030896 1000
91 2.159999 -4 0.9 0 -0.007482015 -0.008299476 -0.008590301 -0.008238646 -0.007876445 1000 0.01103771 0.01123793 0.01171001 0.01110696 0.01026224 1000
92 0.8799997 4 0.5 -1 -0.0112581 -0.01105507 -0.01149371 -0.01169826 -0.01177806 1000 0.007502665 0.007965319 0.009601438 0.0105758 0.01217448 1000
93 0.58 -4 0.6 -1 -0.01443073 -0.01317382 -0.0117903 -0.01129181 -0.01164184 1000 0.01123756 0.01017779 0.01027496 0.01002175 0.009937538 1000
94 0.8199998 -4 0.5 -1 -0.0181719 -0.02016185 -0.02053054 -0.01932935 -0.01806718 1000 0.01221292 0.01467375 0.01660294 0.01406612 0.01295522 1000
95 0.6999999 -4 0.4 0 -0.0141787 -0.01403522 -0.01383808 -0.01390171 -0.01444312 1000 0.008286346 0.008608228 0.007623412 0.007850816 0.008121937 1000
96 0.9599996 -4 0.5 0 -0.01366876 -0.01387332 -0.01405494 -0.01459512 -0.01415632 1000 0.00725315 0.007485064 0.007236172 0.00691504 0.006322666 1000
97 0.36 5.5 0.2 0 -0.01369368 -0.01194847 -0.01150357 -0.01237726 -0.01266884 1000 0.007638539 0.006187933 0.005063311 0.005818164 0.00618527 1000
98 0.8199998 -5.5 0.7 -1 -0.02049458 -0.0205347 -0.02003035 -0.0190971 -0.01864737 1000 0.0210452 0.01853502 0.01512743 0.01372697 0.01263532 1000
99 0.8399997 4 0.5 1 -0.01953707 -0.02140954 -0.0221789 -0.02081302 -0.01962806 1000 0.001334716 0.0017843 0.003470963 0.005906956 0.005233518 1000
100 0.4800001 -4.75 0.6 0 -0.0229125 -0.02493056 -0.0259021 -0.0258713 -0.02347384 1000 0.01041186 0.01077202 0.01088269 0.0102907 0.00757702 1000
101 0.7799998 -4 0.6 0 -0.0250214 -0.02632503 -0.005943403 0.002597744 0.008535682 1000 0.006428319 0.008314755 0.006584579 -0.001986805 -0.009939779 1000
102 1.419999 -4.75 0.5 0 -0.01027693 0.001265986 -0.003327994 -0.005070391 -0.003150792 1000 -0.02291251 -0.01671929 -0.002693164 -0.003519313 -0.009499403 1000
103 2.039999 4.75 1 0 -0.004613233 -0.003524169 -0.004642386 -0.002304678 0.003372045 1000 -0.01373102 -0.0100065 -0.005631194 0.01376125 0.04508824 1000
104 1.459999 4 0.7 0 -0.008683993 -0.008761608 -0.005319273 -0.005422827 -0.0005601548 1000 -0.05939808 -0.1023248 -0.1033922 -0.07229576 -0.0167215 1000
105 0.4600001 -4.75 0.5 1 0.00747125 0.00708056 0.007241521 0.007261192 0.008122166 1000 0.02436071 0.02380006 0.02253627 0.01983271 0.01838559 1000
106 0.28 -4 0.2 0 0.00150136 0.002563583 0.004476689 0.0056314 0.006691819 1000 0.01494044 0.01477464 0.01427165 0.01413017 0.01389659 1000
107 0.4400001 -4.75 0.3 0 0.004854215 0.004823368 0.005054408 0.005198842 0.005118208 1000 0.01394598 0.01359788 0.01392559 0.01409661 0.01417558 1000
108 0.58 -5.5 0.5 0 0.0008411217 0.001604838 0.001798045 0.001952044 0.002099132 1000 0.01406896 0.01373811 0.01330076 0.01362918 0.01350647 1000
109 0.9999996 -4.75 0.6 0 0.001626713 0.001647685 0.001468812 0.002059971 0.001924487 1000 0.01338154 0.01310634 0.01364238 0.01369166 0.01384047 1000
110 1.12 5.5 0.6 0 0.002511461 0.002587545 0.002613537 0.002863555 0.003625357 1000 0.01330668 0.01294063 0.01290886 0.01372006 0.01401007 1000
111 0.8799997 -4 0.7 0 0.0001811229 -5.553047E-05 8.774077E-05 0.0004840421 0.001000658 1000 0.01732369 0.01698701 0.01615208 0.01595658 0.01584693 1000
112 1.239999 -4.75 0.6 -1 0.003505888 0.003517162 0.003517458 0.003782911 0.003196331 1000 0.01478159 0.01465509 0.01478173 0.01485378 0.01465137 1000
113 0.9599996 -4.75 0.5 0 0.002466593 0.002869354 0.003158954 0.003183353 0.003777602 1000 0.01541018 0.01511048 0.0150732 0.01501978 0.01443068 1000
114 0.26 5.5 0.1 0 -0.001033793 -0.001345554 -0.0008695724 -0.000700186 -0.0007493582 1000 0.0128235 0.01279513 0.0120075 0.01184893 0.01250644 1000
115 0.8599997 4 0.5 1 5.354027E-05 1.661069E-05 -0.0005389341 -0.000527688 -0.0003071761 1000 0.01223361 0.01297177 0.01293648 0.01269882 0.0130835 1000
116 1.04 -4 0.5 0 -0.00231284 -0.002483506 -0.002029539 -0.001438642 -0.0008718594 1000 0.01594164 0.01544911 0.01506145 0.01455619 0.01360422 1000
117 0.7799998 -4.75 0.3 0 -0.001514797 -0.0008126436 -0.0002443926 0.0002326678 0.0007387704 1000 0.01148454 0.01145037 0.01157354 0.01170692 0.011572 1000
118 1.599999 -5.5 0.7 -1 -0.001770541 -0.001669949 -0.0009396521 -1.435313E-05 0.0006450063 1000 0.008959384 0.008120456 0.007198441 0.007233645 0.006354517 1000
119 0.6 -4 0.3 0 -0.0007685026 -0.0001697387 -0.0001348322 -0.0002850336 3.570686E-05 1000 0.007207439 0.006957219 0.007227995 0.007480331 0.007116971 1000
120 1.699999 4 1 0 0.0005115969 -0.0002215778 -0.0005257479 3.583407E-05 0.0006432155 1000 0.00695945 0.007359815 0.007498614 0.008083415 0.008180528 1000
121 1.04 -5.5 0.7 -1 -0.0008042412 -0.0008997756 -0.0005707213 -0.0003002074 0.0003727957 1000 0.008678067 0.007921847 0.007074017 0.006139883 0.005455769 1000
122 1.08 4.75 0.8 0 -0.005324605 -0.004673868 -0.004340557 -0.004626522 -0.004255381 1000 0.005182722 0.004324804 0.003844947 0.004727324 0.004520708 1000
123 0.8399997 -4.75 0.4 0 -0.007563476 -0.007527879 -0.007367561 -0.006953141 -0.006203267 1000 0.009187686 0.008893704 0.008407618 0.007664651 0.006528065 1000
124 1.08 4 0.8 0 -0.00403774 -0.0032376 -0.002706359 -0.003221238 -0.003014184 1000 0.002616819 0.002144356 0.00228064 0.003582884 0.003509537 1000
125 1.699999 -4 1 0 -0.007551052 -0.007397692 -0.007160988 -0.005539888 -0.003803715 1000 0.003630805 0.001863794 0.001475553 0.0007873081 -0.0001133855 1000
126 0.9599996 5.5 0.7 -1 0.0008032983 0.001464742 0.001889391 0.002089424 0.002112772 1000 0.001081107 0.0009244421 0.001497713 0.001945682 0.001015155 1000
127 0.8999997 4.75 0.7 0 -0.0009253789 -0.001376252 -0.001520435 -0.001395551 -0.001130259 1000 -0.005870813 -0.00542606 -0.004691477 -0.003730817 -0.002706722 1000
128 0.42 -5.5 0.3 0 -0.001242315 -0.0008614897 -0.0006699293 0.0001426419 0.0003477804 1000 -0.0003787666 -0.0025553 -0.002970828 -0.003553982 -0.004337391 1000
129 0.3 4.75 0.3 0 -0.003498722 -0.002690225 -0.002086595 -0.001579186 -0.001714936 1000 -0.00264588 -0.003290286 -0.003007412 -0.002763476 -0.002996953 1000
130 0.4800001 5.5 0.4 0 -0.0007903462 -0.001175875 -0.001466594 -0.001275356 -0.0007598435 1000 0.002579639 0.0009563252 6.265446E-05 0.0005606745 0.0002869787 1000
131 0.26 -4 0.1 0 -0.003787749 -0.003498639 -0.003513377 -0.00283369 -0.002268723 1000 0.003257187 0.002781533 0.002306459 0.001042641 0.0007406094 1000
132 0.8799997 -4 0.7 1 -0.002970784 -0.002845091 -0.004016585 -0.003937758 -0.003577477 1000 -0.001380459 -0.001257546 -0.0005105636 -0.0002000506 -0.0007481858 1000
133 0.7999998 4 0.8 0 -0.01021064 -0.01018949 -0.00925658 -0.008663272 -0.008326081 1000 0.001938022 0.002125763 0.001675494 0.001864033 0.00122582 1000
134 1.299999 -5.5 0.8 0 -0.0102182 -0.009335862 -0.007915622 -0.006335003 -0.004682516 1000 0.001041199 0.0001945066 -0.002408117 -0.003140408 -0.004201828 1000
135 0.42 4 0.2 0 -0.007739902 -0.007878015 -0.007612661 -0.006863162 -0.005626745 1000 0.003540381 0.003058754 0.002637897 0.002654286 0.002672509 1000
136 0.8199998 4 0.6 1 -0.008760616 -0.008586937 -0.007790317 -0.007483642 -0.006673833 1000 0.006203931 0.005466927 0.005230545 0.00570045 0.005428311 1000
137 1.259999 -5.5 0.6 -1 -0.01577918 -0.01449903 -0.01400438 -0.0132164 -0.01251944 1000 0.009382057 0.008884512 0.009310191 0.008217792 0.006090354 1000
138 0.8399997 -4 0.3 0 -0.01035755 -0.008890875 -0.008707927 -0.008643258 -0.0084185 1000 0.005150553 0.004402717 0.004740981 0.003644146 0.002687932 1000
139 0.8799997 5.5 0.3 0 -0.009193311 -0.008162491 -0.008047188 -0.007681671 -0.006778045 1000 -0.000605427 -0.001447042 -0.001114073 -7.951161E-05 -0.0001425374 1000
140 0.8399997 -5.5 0.4 0 -0.006349725 -0.006697471 -0.006394012 -0.006117882 -0.005719109 1000 0.003174018 0.0009113389 0.001531936 -0.0002141876 -0.001150522 1000
141 0.9999996 -4.75 0.6 -1 -0.01020608 -0.009305678 -0.009287557 -0.008822647 -0.008209388 1000 0.002960095 0.003397368 0.004087838 0.004166012 0.003972702 1000
142 0.9999996 -5.5 0.5 -1 -0.01269955 -0.01242561 -0.01184387 -0.01063675 -0.008585718 1000 0.005684598 0.005263259 0.004700353 0.0045982 0.002690068 1000
143 1.279999 -4.75 0.6 1 -0.007004406 -0.006722332 -0.00670517 -0.006658856 -0.006039139 1000 0.004571618 0.003640502 0.003371877 0.003589135 0.002432459 1000
144 1.799999 5.5 1 0 -0.006246848 -0.005975501 -0.005794062 -0.005491799 -0.005285479 1000 0.007255394 0.007128644 0.007919193 0.008747691 0.008270384 1000
145 1.219999 -4 0.5 -1 -0.01026661 -0.008982131 -0.007707939 -0.006797592 -0.006152067 1000 0.008697189 0.007743341 0.006769469 0.005878134 0.005053905 1000
146 1.1 4 0.7 -1 0.0009974909 0.0001729949 -0.0005266676 -0.0003133549 -0.0001018957 1000 0.008464744 0.009286925 0.009782727 0.0101898 0.009656951 1000
147 1.639999 -4.75 0.8 0 -0.003400182 -0.002897816 -0.002170542 -0.0004536684 0.0005625933 1000 0.001590124 0.0008479132 -9.81827E-05 -0.0005571837 -0.0004312555 1000
148 1.699999 4.75 1 0 -0.003901296 -0.003448868 -0.003632166 -0.003609421 -0.003135446 1000 0.003095944 0.002788329 0.00322569 0.003402847 0.001433052 1000
149 0.7399998 4 0.5 1 -0.003653884 -0.002417572 -0.002594009 -0.002106596 -0.001341195 1000 0.007389971 0.006295129 0.006198644 0.006379415 0.006380177 1000
150 1.299999 5.5 0.5 1 -0.002014783 -0.001339018 -0.0009456765 -0.0004765481 -0.0008356804 1000 0.005421422 0.005225448 0.00546323 0.004509251 0.005498737 1000
151 0.8199998 4.75 0.3 0 -0.005495973 -0.00432116 -0.004118454 -0.003584779 -0.002981109 1000 0.00947798 0.007959633 0.008323643 0.008639312 0.008331416 1000
152 0.6 4 0.4 0 -0.001825844 -0.001208567 -0.0005771965 -3.395884E-05 0.0005662465 1000 0.008043877 0.007703121 0.007789639 0.00780037 0.007568744 1000
153 0.58 4 0.5 -1 -0.003305667 -0.002800292 -0.002593012 -0.002279773 -0.002354567 1000 0.01074402 0.01011549 0.01041305 0.01023395 0.009393223 1000
154 0.54 5.5 0.2 0 -0.002464657 -0.001318087 0.0001028323 0.0002218534 -0.0004009802 1000 0.00958011 0.009425893 0.009354542 0.009246569 0.009896955 1000
155 1.739999 -5.5 0.8 0 -0.003744228 -0.003162292 -0.002907096 -0.002833193 -0.002717443 1000 0.01123018 0.01084782 0.01008452 0.009260187 0.007888945 1000
156 0.6799999 -4 0.6 1 -0.002642788 -0.002373254 -0.002035579 -0.001662366 -0.001292599 1000 0.009934483 0.009704945 0.009632598 0.008947106 0.007902397 1000
157 0.6399999 -4 0.6 1 -0.004427513 -0.003406735 -0.002611862 -0.001945282 -0.00200834 1000 0.009184074 0.008666779 0.009199233 0.008675403 0.00863361 1000
158 0.7199998 5.5 0.6 -1 -0.004220267 -0.003822556 -0.003493485 -0.003510054 -0.003069328 1000 0.01039235 0.009830656 0.009556402 0.009769913 0.009493185 1000
159 0.6799999 -4.75 0.5 0 -0.007548923 -0.00818886 -0.007698311 -0.007183196 -0.006380045 1000 0.01456397 0.01510614 0.01425155 0.01307941 0.0125878 1000
160 0.7799998 5.5 0.4 0 -0.00667715 -0.006023195 -0.005025664 -0.004553583 -0.003217669 1000 0.01071129 0.00967843 0.009680434 0.01061041 0.01073062 1000
161 0.8399997 -4 0.8 0 -0.007054642 -0.006753428 -0.006338264 -0.00548298 -0.004605089 1000 0.01460213 0.01346759 0.01330915 0.01270675 0.01202807 1000
162 0.9399996 4 0.5 0 -0.01168635 -0.01067988 -0.009984972 -0.008581704 -0.007677895 1000 0.01601035 0.01536166 0.01550718 0.01480999 0.01382738 1000
163 1.219999 5.5 0.5 1 -0.005830316 -0.004137505 -0.003446694 -0.003912022 -0.004182569 1000 0.01441904 0.01302241 0.01285936 0.01375296 0.01327734 1000
164 1.179999 5.5 0.7 -1 -0.01045178 -0.009279717 -0.009395514 -0.008627598 -0.008123602 1000 0.01673628 0.01544825 0.01541657 0.01494763 0.01459222 1000
165 0.7599998 4 0.6 -1 -0.01277882 -0.01248321 -0.0122037 -0.01141329 -0.01102152 1000 0.01311017 0.0119339 0.01179854 0.01201371 0.01162196 1000
166 0.58 4.75 0.5 -1 -0.0128347 -0.0137015 -0.01392152 -0.01311885 -0.0123952 1000 0.01843114 0.01766199 0.01730528 0.0178263 0.01701248 1000
167 0.4600001 5.5 0.3 0 -0.01203033 -0.01106284 -0.01132181 -0.01137102 -0.01125124 1000 0.02062499 0.02000504 0.01965774 0.02019775 0.02001097 1000
168 0.8199998 -5.5 0.5 0 -0.01258907 -0.01184707 -0.01174659 -0.01167605 -0.0107706 1000 0.02503172 0.02540409 0.02554233 0.02566483 0.02436781 1000
169 0.7999998 5.5 0.5 1 -0.01476188 -0.01454593 -0.01359726 -0.01284351 -0.01244729 1000 0.02512043 0.0254858 0.02495371 0.02468075 0.02540428 1000
170 1.319999 4.75 0.9 0 -0.008131552 -0.008500482 -0.00861999 -0.008281088 -0.008119597 1000 0.0247541 0.02473575 0.02459291 0.02402028 0.02425809 1000
171 0.3 -5.5 0.3 0 -0.001682216 -0.004132669 -0.00558759 -0.005154605 -0.003837781 1000 -0.006321486 -0.02394657 -0.02363027 -0.0150753 -0.007485002 1000
172 0.38 5.5 0.2 0 -0.002377993 -0.002346372 -0.00254456 -0.003393468 -0.00208269 1000 -0.007339173 -0.007039489 -0.006515806 0.002349595 0.01387002 1000
173 0.8399997 4 0.7 1 -0.001808 -0.001031098 -0.000569082 -0.0008274919 -0.001152829 1000 0.01683215 0.01673191 0.01634425 0.01620359 0.01636839 1000
174 1.02 -5.5 0.7 0 -0.009787352 -0.00938103 -0.008701885 -0.007959907 -0.006565588 1000 0.01972483 0.0189762 0.01852835 0.0170352 0.0162907 1000
175 0.6599999 4 0.3 0 -0.004869042 -0.004387813 -0.004043008 -0.0041472 -0.004274268 1000 0.0180276 0.01792525 0.01821765 0.01868778 0.01900871 1000
176 1.02 4.75 0.7 1 -0.01149472 -0.01028588 -0.01002389 -0.009965797 -0.00977193 1000 0.02192757 0.0206777 0.02064277 0.02100513 0.02030121 1000
177 0.36 4 0.3 0 -0.008386561 -0.008008834 -0.007819264 -0.008021166 -0.008014069 1000 0.02070227 0.02043564 0.02044411 0.02049733 0.02069477 1000
178 1.459999 5.5 0.9 0 -0.01039082 -0.009756403 -0.009817686 -0.009891169 -0.009836184 1000 0.02217917 0.02169547 0.02134139 0.0214738 0.02116839 1000
179 0.42 -4.75 0.2 0 -0.007920033 -0.007822994 -0.007913729 -0.007646283 -0.007416931 1000 0.02211318 0.02199911 0.02274901 0.02222607 0.02193387 1000
180 0.3 -4.75 0.1 0 -0.007526189 -0.006796671 -0.006007473 -0.005279207 -0.004570456 1000 0.01934379 0.0189819 0.01900697 0.0190851 0.01875385 1000
181 0.58 5.5 0.2 0 -0.003718929 -0.003473592 -0.003693065 -0.004020098 -0.003926601 1000 0.01850242 0.01803114 0.01833252 0.01864164 0.01871353 1000
182 1.1 4.75 0.7 0 -0.004726859 -0.004445447 -0.004433965 -0.004305378 -0.004039879 1000 0.0189726 0.01883413 0.01883994 0.01885105 0.01915711 1000
183 0.7999998 -5.5 0.2 0 -0.003358608 -0.003370384 -0.00376155 -0.003589517 -0.003306165 1000 0.0207295 0.02045321 0.0206332 0.02045827 0.02030031 1000
184 1.599999 -5.5 0.7 -1 -0.001950255 -0.002037324 -0.00174478 -0.001673776 -0.002018931 1000 0.01856253 0.01896666 0.01886769 0.01862927 0.0187724 1000
185 2.139999 -4.75 1 0 -0.003360167 -0.002872843 -0.002244842 -0.00169925 -0.0007849163 1000 0.01948487 0.01930229 0.01924207 0.01891969 0.01804991 1000
186 1.179999 5.5 0.8 0 -0.0003530688 -2.521537E-05 4.583254E-05 -8.047495E-06 0.0004550666 1000 0.01721006 0.01718134 0.01716946 0.01760613 0.01772832 1000
187 1.199999 -4 0.7 0 -0.004409786 -0.003273309 -0.002362916 -0.001693476 -0.001440959 1000 0.02059145 0.02066606 0.02042086 0.01988015 0.01905276 1000
188 0.14 4 0.1 0 0.003797107 0.004297895 0.005143056 0.00529633 0.005307744 1000 0.01429194 0.01397922 0.01438213 0.0159871 0.01602404 1000
189 0.9599996 -4.75 0.6 0 -0.001175681 -0.00104606 -0.0008522109 -0.0004328565 -6.51123E-05 1000 0.01871132 0.018222 0.01722673 0.0163998 0.01673113 1000
190 1.359999 5.5 0.7 1 0.0007429252 0.0009597417 0.001018213 0.001191137 0.0008851682 1000 0.01622836 0.01620302 0.0165874 0.01708099 0.01665562 1000
191 0.8399997 -4 0.4 0 -0.0003127638 -9.261654E-05 0.0005264227 0.0004117764 0.0004449348 1000 0.01738798 0.01693524 0.0176582 0.01702122 0.01726457 1000
192 1.12 -4 0.8 0 -0.0002105541 0.0001715585 0.0002187768 0.0002879706 0.0005841338 1000 0.0177514 0.01692943 0.01720064 0.01695419 0.01657673 1000
193 0.54 4 0.2 0 -0.0001812546 1.499429E-05 4.072161E-05 0.0001109642 -4.523216E-05 1000 0.01783529 0.01787379 0.01828377 0.01822103 0.01810211 1000
194 1.519999 5.5 0.6 1 0.000223916 1.005242E-06 0.0003801033 0.001285611 0.001545014 1000 0.01606555 0.01592454 0.01576002 0.01571883 0.01596319 1000
195 1.12 -4 0.5 -1 -0.001319937 -0.0009606698 -0.0008273312 -6.319133E-07 0.000997402 1000 0.01896326 0.01867939 0.0186143 0.01794807 0.0169808 1000
196 1.419999 4 0.8 0 0.001587208 0.001280467 0.001136541 0.001498664 0.001663799 1000 0.01716565 0.01699929 0.01754378 0.01750178 0.01782797 1000
197 0.32 4 0.2 0 0.001588862 0.00191624 0.002135061 0.002163598 0.002313838 1000 0.01754997 0.01723501 0.01727678 0.01730657 0.01683128 1000
198 0.6599999 -4 0.5 1 0.0004492235 0.0009088439 0.001154137 0.001546474 0.001917704 1000 0.01692557 0.01590423 0.01514724 0.0144152 0.01361933 1000
199 0.9999996 4 0.6 0 0.002473681 0.0026243 0.003170248 0.002754471 0.002721164 1000 0.01559921 0.01548757 0.01579041 0.01596995 0.01578329 1000
200 1.319999 -4.75 0.5 -1 -0.0004204577 -0.003222589 -0.005366689 -0.007055929 -0.008881018 1000 0.01242149 0.01001807 0.008759644 0.00940119 0.007805164 1000
201 1.12 -4 0.7 -1 0.002999956 0.004260526 0.00643361 0.006024873 0.005482908 1000 0.01093667 0.01148571 0.01397252 0.01627696 0.01333949 1000
202 0.8999997 -4.75 0.2 0 0.005984749 0.006328408 0.006044563 0.006235225 0.006030384 1000 0.007868345 0.007290085 0.007630384 0.007152608 0.006563235 1000
203 0.7999998 -5.5 0.5 1 0.005977822 0.005951341 0.006188564 0.006446902 0.006468473 1000 0.007007297 0.006981512 0.007052182 0.006857623 0.006647695 1000
204 0.4400001 4.75 0.1 0 0.003998229 0.004524444 0.004882436 0.005985681 0.006758583 1000 0.007328134 0.007354345 0.007626726 0.008155514 0.008463548 1000
205 0.34 -5.5 0.2 0 0.004914058 0.00469028 0.004725938 0.004769019 0.005094008 1000 0.01052008 0.01000108 0.009854611 0.009697724 0.009387576 1000
206 0.28 4.75 0.1 0 0.003932768 0.004002478 0.004265154 0.004848582 0.005555918 1000 0.00792634 0.007604399 0.007820872 0.007981527 0.008322199 1000
207 0.8399997 -5.5 0.7 -1 0.004542872 0.005188333 0.005717783 0.005546894 0.005364736 1000 0.01003623 0.00965198 0.009469431 0.009255193 0.00903903 1000
208 0.5000001 4.75 0.4 0 0.003258046 0.004384401 0.005693494 0.00514366 0.00457067 1000 0.008088471 0.007684062 0.007367145 0.009251042 0.009937342 1000
209 0.7399998 4 0.6 0 0.004206508 0.005713918 0.006250174 0.005928222 0.006066786 1000 0.009305203 0.008158793 0.008622405 0.01047849 0.01140287 1000
210 1.159999 5.5 0.6 0 0.001453971 0.002569292 0.002811887 0.003572008 0.003865868 1000 0.008527734 0.007787452 0.007716637 0.008353643 0.009763392 1000
211 0.8599997 4.75 0.7 0 -0.0008653255 -0.001396273 -0.0006129403 0.0007108609 0.001247883 1000 0.01216393 0.008953434 0.01105128 0.0109651 0.01196163 1000
212 0.8799997 -4.75 0.9 0 -0.0204835 -0.01771136 -0.01633708 -0.01484512 -0.01281972 1000 0.02255296 0.02193096 0.02123434 0.01710778 -0.0003472162 1000
213 0.8199998 -5.5 0.6 1 -0.001752967 0.001229803 0.001996911 0.003123633 0.003802691 1000 -0.0155021 -0.01372636 -0.01401509 -0.01651567 -0.01720591 1000
214 0.58 4.75 0.3 0 0.00508455 0.004664086 0.003941674 0.004016749 0.003895869 1000 -0.01130325 -0.01156138 -0.01119958 -0.0103328 -0.009153214 1000
215 0.7599998 4.75 0.5 1 -0.0001718386 0.0006302313 0.001377411 0.001496481 0.002037878 1000 -0.009145923 -0.009448468 -0.009209087 -0.008556667 -0.007643099 1000
216 1.12 4.75 0.7 -1 0.001773836 0.002779507 0.00309158 0.003003516 0.002518381 1000 -0.009996352 -0.01120808 -0.01108473 -0.00972585 -0.007890237 1000
217 0.9599996 -4 0.6 0 0.002725999 0.002817023 0.003136878 0.003345011 0.003440196 1000 -0.006042857 -0.006179309 -0.006276583 -0.006494433 -0.006661889 1000
218 1.179999 5.5 0.6 1 0.00282288 0.003094505 0.003517883 0.003471982 0.003782712 1000 -0.005264599 -0.005357001 -0.004647761 -0.003906378 -0.004289212 1000
219 1.04 4 0.5 0 0.003306657 0.003820803 0.004179985 0.004359699 0.004776255 1000 -0.003728281 -0.004918594 -0.004154536 -0.004144163 -0.00440182 1000
220 0.6799999 -4 0.2 0 0.006634754 0.007470903 0.00723099 0.007335033 0.007337962 1000 -0.00517389 -0.004771151 -0.00433785 -0.004180653 -0.004253368 1000
221 1.06 5.5 0.8 0 0.005131566 0.005462062 0.005774132 0.005998951 0.00664514 1000 -0.003996687 -0.004446115 -0.004260065 -0.003791149 -0.003794457 1000
222 0.9799996 -4 0.6 -1 0.006958921 0.005848966 0.005172219 0.005070128 0.004984625 1000 -0.002628423 -0.003433623 -0.00388422 -0.004093608 -0.004102519 1000
223 0.7399998 -4 0.5 0 0.003657696 0.004181928 0.004640318 0.004886981 0.005406739 1000 -0.004654775 -0.005038772 -0.004587699 -0.0047553 -0.004990674 1000
224 0.28 -4 0.1 0 0.005141084 0.005566449 0.005802674 0.005335664 0.004783642 1000 -0.002862232 -0.003049411 -0.002939832 -0.003042179 -0.003064174 1000
225 0.34 5.5 0.5 -1 0.0004318817 0.001548563 0.002320952 0.002786499 0.003518824 1000 -0.003480637 -0.004887692 -0.004425518 -0.003604002 -0.003298931 1000
226 0.6799999 -4.75 0.6 -1 0.0003969518 0.0003071555 0.000734528 0.001669904 0.002433929 1000 0.002920305 0.002739724 0.003021153 0.001363272 0.0008911733 1000
227 0.6 -5.5 0.4 0 -0.01089911 -0.01033672 -0.009751614 -0.009081451 -0.008457967 1000 -0.01533876 -0.01390584 -0.01428941 -0.0126517 -0.01246623 1000
228 1.259999 -5.5 1 0 -0.005535707 -0.004930151 -0.004769053 -0.004175431 -0.004171288 1000 -0.00554427 -0.005602439 -0.005215075 -0.005846232 -0.006569836 1000
229 0.9199997 -4.75 0.9 0 -0.004421448 -0.004566754 -0.004060745 -0.003390403 -0.003581628 1000 -0.005755784 -0.006023981 -0.005644578 -0.005519348 -0.005282578 1000
230 0.6999999 -4 0.3 0 -0.005560465 -0.005572703 -0.005922365 -0.005942095 -0.005429259 1000 -0.004829594 -0.004637183 -0.003965592 -0.003830618 -0.003851077 1000
231 0.9599996 -4 0.4 0 -0.003970084 -0.004084758 -0.003987172 -0.003667914 -0.003540206 1000 -0.002194011 -0.002327895 -0.0025424 -0.002552962 -0.002440748 1000
232 0.6 -5.5 0.3 0 -0.005953387 -0.004803611 -0.003840436 -0.003842323 -0.003987844 1000 -0.002302616 -0.003834906 -0.003951223 -0.004030667 -0.004072083 1000
233 1.02 4.75 0.8 0 -0.005903952 -0.00569323 -0.005734267 -0.005295746 -0.004967302 1000 -0.002964364 -0.003366413 -0.002401654 -0.00155181 -0.001347265 1000
234 0.8399997 -4 0.7 -1 0.01026125 0.02286336 0.02874921 0.02877495 0.02005333 1000 -0.02760724 -0.0384113 -0.04115514 -0.03454547 -0.02635583 1000
235 0.8399997 5.5 1 0 0.02109855 0.02384016 0.02892211 0.02785755 0.02716212 1000 -0.01266665 -0.01339531 -0.01543465 -0.01352517 -0.01071954 1000
236 0.12 5.5 0.1 0 0.02558919 0.03029156 0.03129036 0.03078344 0.02989973 1000 0.008226738 0.005117389 0.002829088 -0.0001846541 -0.001490886 1000
237 0.3 4 0.4 0 0.01567929 0.007756396 0.00678607 0.007007234 0.005126608 1000 -0.01823522 -0.01866988 -0.02186637 -0.02329555 -0.01809936 1000
238 0.52 5.5 0.3 0 0.01077933 0.009966526 0.01045565 0.0112367 0.01285554 1000 -0.01544773 -0.01320602 -0.01339332 -0.01444591 -0.01652793 1000
239 0.7599998 -4.75 0.5 0 0.01015644 0.01006206 0.009531601 0.008558825 0.01095733 1000 -0.01096464 -0.007881179 -0.008134263 -0.008389927 -0.008309993 1000
240 0.8999997 5.5 0.7 0 -0.00825469 -0.01508109 -0.0128622 -0.01525059 -0.0008733221 1000 -0.0133022 -0.01906638 -0.02200911 -0.01799184 -0.009525645 1000
241 1.06 -4 0.7 0 -0.02142782 -0.02531589 -0.01624931 -0.01305979 -0.01470968 1000 0.01922368 0.02089466 0.02322915 0.01141136 -0.0002875323 1000
242 0.8799997 4 0.7 -1 -0.02362805 -0.02107883 -0.01874591 -0.01781393 -0.01772135 1000 0.006313348 -8.396503E-05 0.0008074775 0.003545933 0.006140313 1000
243 0.8199998 5.5 0.6 -1 -0.02421645 -0.02387998 -0.02380796 -0.02459041 -0.02545018 1000 0.01639687 0.0196013 0.02113857 0.02119137 0.02253105 1000
244 0.9599996 4.75 0.8 0 -0.02485383 -0.02479676 -0.02498625 -0.02520325 -0.02543857 1000 0.02243467 0.02200358 0.02217917 0.02308824 0.02390833 1000
245 0.8999997 -4 0.5 -1 -0.02268975 -0.02200552 -0.02215388 -0.02249108 -0.0226029 1000 0.02390742 0.02345909 0.02238125 0.02056773 0.0205047 1000
246 1.1 4 0.8 0 -0.02260485 -0.02264134 -0.02265782 -0.02240267 -0.02200005 1000 0.02265844 0.0227028 0.02286457 0.02285637 0.0228553 1000
247 0.9199997 4 0.5 -1 -0.01921886 -0.01895792 -0.01836367 -0.01868193 -0.01899346 1000 0.02178705 0.02211245 0.02155821 0.02198095 0.02258836 1000
248 0.3 -4.75 0.1 0 -0.0165679 -0.01676085 -0.01685824 -0.01670702 -0.01643618 1000 0.0217471 0.02104528 0.02149794 0.02167194 0.02110673 1000
249 0.8799997 -4 0.7 0 -0.01638287 -0.01633523 -0.01619466 -0.01623094 -0.01632682 1000 0.02149796 0.0209364 0.02131919 0.02137609 0.02143211 1000
250 1.259999 4.75 0.8 0 -0.01676917 -0.01651198 -0.01629961 -0.01580139 -0.01551947 1000 0.02176396 0.02248858 0.02243775 0.02266825 0.02229733 1000
251 0.7399998 -4.75 0.5 0 -0.01593672 -0.01566109 -0.01524656 -0.01488691 -0.01506688 1000 0.02143782 0.02100669 0.01991082 0.0184994 0.01825829 1000
252 0.9999996 5.5 0.5 -1 -0.01835518 -0.01823942 -0.01766579 -0.01705091 -0.01712899 1000 0.02049633 0.02077533 0.02095863 0.02128473 0.02102952 1000
253 0.4800001 -4.75 0.1 0 -0.01818092 -0.0179349 -0.01758769 -0.01686864 -0.01669753 1000 0.02025092 0.02020889 0.02000861 0.01949775 0.01912465 1000
254 1.299999 -5.5 0.7 1 -0.02229459 -0.02135454 -0.02049479 -0.02018239 -0.01972147 1000 0.02364493 0.02348214 0.02208507 0.02083107 0.02061286 1000
255 0.7199998 -4 0.4 0 -0.01680666 -0.01635341 -0.01655568 -0.01638902 -0.01652325 1000 0.02350782 0.02297061 0.02308435 0.02292668 0.02322639 1000
256 1.02 5.5 0.6 1 -0.01676812 -0.01658354 -0.01620988 -0.01639179 -0.01616724 1000 0.02382693 0.02366965 0.02354126 0.02331157 0.02388421 1000
257 0.9999996 -4.75 0.6 1 -0.01480235 -0.01506575 -0.01516834 -0.01551098 -0.01500429 1000 0.02490691 0.02497126 0.02477291 0.02396546 0.02401457 1000
258 1.02 -4.75 0.7 0 -0.01407634 -0.01392754 -0.01409995 -0.01429288 -0.01427176 1000 0.0244524 0.02448554 0.02445049 0.02457319 0.02458821 1000
259 1.499999 -5.5 0.7 1 -0.01429854 -0.01384427 -0.01350213 -0.01318793 -0.01295263 1000 0.02423452 0.02428386 0.02409484 0.02396163 0.02425789 1000
260 0.6399999 -4 0.5 1 -0.01187875 -0.01170381 -0.01141295 -0.01137358 -0.01156815 1000 0.02536307 0.02565967 0.02605874 0.02571934 0.02543338 1000
261 1.08 -4.75 0.7 0 -0.002041608 0.003467177 0.006562216 0.006745029 0.007197964 1000 0.01953081 0.01233735 0.008410814 0.007776864 0.006296463 1000
262 1.239999 5.5 0.8 0 -0.006892495 -0.004925503 -0.004128293 -0.004293066 -0.004557847 1000 0.01221636 0.01245655 0.01256106 0.01310661 0.01379103 1000
263 0.8399997 -4.75 0.4 0 -0.002080812 -0.002138802 -0.001900329 -0.001813414 -0.001506452 1000 0.01875278 0.01881652 0.01830873 0.01789376 0.01821671 1000
264 1.04 -4 0.6 -1 -0.0006689781 -0.0004355554 -0.0004378762 -0.0006480542 -0.0008165467 1000 0.01868133 0.01877139 0.01893361 0.01829638 0.01854207 1000
265 0.58 -4.75 0.2 0 0.0004280299 0.0006769204 0.0007628767 0.0007750284 0.0005329788 1000 0.01799762 0.01775951 0.01767174 0.01811116 0.01775821 1000
266 1.02 4 0.7 1 -0.0002718151 -7.881981E-05 0.0004465274 0.0003698616 0.0005228712 1000 0.01940886 0.01929628 0.01888606 0.01857666 0.01868733 1000
267 0.8999997 -4 0.6 -1 0.002402829 0.002540152 0.002001308 0.0007527315 -0.0004785836 1000 0.01887166 0.01916278 0.01989671 0.02016446 0.01942754 1000
268 1.239999 -4.75 0.8 0 0.001055805 0.000874909 0.0008509278 0.001074272 0.001068486 1000 0.01882262 0.01902199 0.0182754 0.01783151 0.01811169 1000
269 0.8999997 4 0.6 0 0.001720503 0.001424919 0.001405203 0.001267232 0.001534442 1000 0.01876315 0.01903986 0.01911476 0.01911764 0.01946336 1000
270 0.6399999 -5.5 0.2 0 0.00287152 0.003064826 0.003124512 0.00341668 0.003469048 1000 0.01850013 0.01864845 0.01860585 0.01839137 0.01852706 1000
271 0.7399998 4.75 0.4 0 0.002557128 0.002828207 0.003358185 0.003731404 0.003728954 1000 0.01872825 0.01835765 0.0181211 0.0182727 0.01835421 1000
272 0.8399997 4.75 0.4 0 0.005112023 0.00503793 0.004938477 0.005039456 0.004701411 1000 0.01830987 0.01860416 0.01821182 0.0189656 0.01920744 1000
273 0.9799996 -5.5 0.4 0 0.0043252 0.004167481 0.004313109 0.004729436 0.005129395 1000 0.01978969 0.01974766 0.01935058 0.01878206 0.01843053 1000
