trial Response_Time velH Occlusion_Duration velH_Subject xRotations_first0 xRotations_first1 xRotations_first2 xRotations_first3 xRotations_first4 xRotations_first5 yRotations_first0 yRotations_first1 yRotations_first2 yRotations_first3 yRotations_first4 yRotations_first5
1 0.36 4 0.6 -1 -0.02298659 -0.01959072 -0.01456117 -0.01214928 -0.01100095 1000 0.004582477 0.00435239 0.006213531 0.008795301 0.00916034 1000
2 0.7999998 -4.75 0.5 -1 -0.01792657 -0.01783242 -0.01825753 -0.01772454 -0.01801728 1000 0.01339095 0.01386643 0.01457068 0.01421774 0.01366813 1000
3 0.6399999 5.5 0.5 1 -0.02331837 -0.02273228 -0.02302876 -0.02327675 -0.02356379 1000 0.01735848 0.01699111 0.01719164 0.01754046 0.01713918 1000
4 0.8799997 4 0.6 -1 -0.02391663 -0.02408839 -0.02392216 -0.02354013 -0.02322042 1000 0.01526702 0.01550296 0.01517734 0.01626247 0.01568792 1000
5 0.6399999 -5.5 0.5 1 -0.02343714 -0.02359914 -0.02380324 -0.02389649 -0.0238548 1000 0.01410362 0.01443477 0.01450835 0.0142508 0.0139893 1000
6 0.7599998 5.5 0.6 1 -0.02506541 -0.02488988 -0.0244248 -0.02397498 -0.02418214 1000 0.01558464 0.01594966 0.0165025 0.01669939 0.01590707 1000
7 1.639999 -4.75 0.6 1 -0.02419042 -0.02395992 -0.02406984 -0.02343403 -0.02340567 1000 0.01428883 0.01485945 0.01489191 0.01451394 0.01422208 1000
8 0.6999999 4 0.8 0 -0.006503814 -0.004541319 -0.003774747 -0.004447539 -0.003816914 1000 0.01343862 0.01566708 0.01541333 0.01422491 0.01458785 1000
9 1.02 -5.5 0.3 0 -0.007966302 -0.00787025 -0.007602875 -0.007820848 -0.007561113 1000 0.01093319 0.01132408 0.01121559 0.01105654 0.01093537 1000
10 0.58 4 0.9 0 -0.01602491 -0.01634221 -0.01558297 -0.01513346 -0.01544974 1000 0.01510245 0.01450965 0.01498399 0.01528706 0.0149714 1000
11 0.28 5.5 0.6 -1 -0.0131572 -0.01355403 -0.01426884 -0.014692 -0.01489034 1000 0.01314817 0.01371778 0.01296767 0.01275606 0.01249587 1000
12 0.7199998 4.75 0.9 0 -0.01444321 -0.01433793 -0.01508267 -0.01514077 -0.01466089 1000 0.01104193 0.01091157 0.01097345 0.01109673 0.01039093 1000
13 0.24 -5.5 0.1 0 -0.01405922 -0.01398918 -0.01409664 -0.01332563 -0.01286326 1000 0.00997966 0.009728241 0.009943053 0.01059225 0.009704876 1000
14 0.6 4.75 0.9 0 -0.01340108 -0.01439331 -0.01500894 -0.0147945 -0.01404546 1000 0.01031987 0.01089982 0.01042072 0.01063028 0.01053663 1000
15 0.4600001 -4.75 0.6 1 -0.01298846 -0.01313758 -0.01302286 -0.01310063 -0.01311791 1000 0.01029609 0.01101176 0.01100185 0.01100021 0.01050065 1000
16 0.4600001 4 0.8 0 -0.011162 -0.01111608 -0.01035079 -0.01062342 -0.01105967 1000 0.01261422 0.012737 0.01304528 0.01297678 0.01234511 1000
17 0.58 5.5 0.8 0 -0.01334005 -0.01291223 -0.01284196 -0.01267495 -0.01299235 1000 0.01103432 0.01162759 0.01178109 0.01155701 0.01082664 1000
18 0.12 -4.75 0.2 0 -0.01208827 -0.01246998 -0.01286345 -0.01276978 -0.01275336 1000 0.01141336 0.01080351 0.01094228 0.01167459 0.01096513 1000
19 0.42 -5.5 0.5 -1 -0.01164291 -0.01176558 -0.01149393 -0.01135924 -0.01166076 1000 0.01227373 0.01175772 0.01248994 0.01263061 0.01207303 1000
20 0.14 -4.75 0.1 0 -0.01383693 -0.01415915 -0.01411821 -0.01366854 -0.0135047 1000 0.01176845 0.01224602 0.01208651 0.01211065 0.01199627 1000
21 0.26 4.75 0.7 -1 -0.01271732 -0.01313537 -0.01360761 -0.01380832 -0.01378931 1000 0.01326489 0.01284467 0.01357279 0.01394678 0.0131201 1000
22 0.6 -4.75 0.7 0 -0.01345911 -0.01325539 -0.01335555 -0.01286694 -0.0132129 1000 0.01455288 0.01471911 0.01484324 0.01514475 0.015025 1000
23 0.56 -4 0.9 0 -0.0160912 -0.01603274 -0.01626221 -0.01658569 -0.01607323 1000 0.01598743 0.01650464 0.01616514 0.01624588 0.01642236 1000
24 0.4400001 4.75 0.6 -1 -0.01596978 -0.0163834 -0.01657457 -0.0161294 -0.01548981 1000 0.01682249 0.01586398 0.0165315 0.01689836 0.01711771 1000
25 0.6 4 0.7 0 -0.01545641 -0.01601878 -0.01608171 -0.01578377 -0.0156572 1000 0.01607281 0.01596253 0.01580189 0.01575446 0.01568401 1000
26 0.7599998 -5.5 0.7 -1 -0.01513229 -0.01549597 -0.01554898 -0.01520788 -0.01481577 1000 0.01556486 0.01492398 0.01526512 0.01553539 0.01522002 1000
27 0.06 5.5 0.2 0 -0.01597773 -0.01618917 -0.01656119 -0.01633686 -0.01582675 1000 0.01573412 0.01535213 0.01509455 0.01560887 0.01539318 1000
28 0.4400001 4.75 0.8 0 -0.01566977 -0.01546514 -0.01622423 -0.01666608 -0.01705782 1000 0.01553022 0.01486509 0.01520648 0.01556632 0.01419708 1000
29 0.6 4.75 0.5 0 -0.01567739 -0.01590646 -0.01610159 -0.01588976 -0.0157382 1000 0.01502034 0.0143449 0.01548091 0.0154936 0.01457596 1000
30 0.38 -4 0.3 0 -0.01712675 -0.01802041 -0.01854043 -0.01853838 -0.01819219 1000 0.01209915 0.01150121 0.01182951 0.01202466 0.0120475 1000
31 0.56 5.5 0.7 1 -0.01673946 -0.01752978 -0.01781218 -0.01759643 -0.01718267 1000 0.01146919 0.01183166 0.01256184 0.01225549 0.0117641 1000
32 0.5000001 -4.75 0.3 0 -0.01542968 -0.01527865 -0.01493249 -0.01455065 -0.01408384 1000 0.01162246 0.01132656 0.0116628 0.01199563 0.01188608 1000
33 0.4 5.5 0.5 0 -0.0177715 -0.01751568 -0.01732885 -0.01689006 -0.01639105 1000 0.01212553 0.01165778 0.01190872 0.01214513 0.01095309 1000
34 0.08 5.5 0.2 0 -0.01642281 -0.01681093 -0.01766397 -0.01808455 -0.01691552 1000 0.01109347 0.01146369 0.01129545 0.01097996 0.01126274 1000
35 0.6999999 5.5 1 0 -0.01483591 -0.01485805 -0.01563514 -0.01522892 -0.01510949 1000 0.01134414 0.01132407 0.01138796 0.01208581 0.01145439 1000
36 0.58 -4.75 0.7 -1 -0.01681802 -0.01707551 -0.01714849 -0.01689467 -0.01645434 1000 0.01062629 0.01037552 0.01069869 0.01036106 0.01039308 1000
37 0.22 -4 0.6 1 -0.01722566 -0.02287911 -0.02389166 -0.02189863 -0.02076219 1000 0.01173489 0.006264393 -0.0006555017 -0.002349042 -0.002422209 1000
38 0.7199998 5.5 0.8 0 -0.02033637 -0.02240918 -0.02119783 -0.01562647 -0.01168369 1000 0.0135679 0.01227448 0.01146676 0.009413339 0.009950369 1000
39 0.5000001 4.75 0.7 -1 -0.01006907 -0.00751451 -0.008528777 -0.01460669 -0.01872604 1000 0.01081926 0.01132658 0.01175261 0.01278466 0.01405155 1000
40 0.42 -4.75 0.3 0 -0.01182251 -0.0128405 -0.009351145 -0.005142216 -0.005305779 1000 0.01509581 0.01569481 0.01527793 0.01557151 0.0168428 1000
41 0.06 -4.75 0.1 0 -0.01030667 -0.009143833 -0.00968639 -0.01065507 -0.01036678 1000 0.01746659 0.01652027 0.01847788 0.0204495 0.01980671 1000
42 0.4400001 4.75 0.6 0 -0.01330758 -0.01297484 -0.01356534 -0.01580047 -0.01510143 1000 0.01493643 0.01484419 0.01558463 0.01535266 0.01448266 1000
43 0.24 5.5 0.3 0 -0.01553529 -0.01541947 -0.01512653 -0.01711405 -0.01856186 1000 0.01438034 0.01442593 0.01455062 0.01431843 0.01331806 1000
44 0.08 5.5 0.1 0 -0.01542978 -0.0150684 -0.01448163 -0.01609897 -0.01585913 1000 0.01454253 0.01453809 0.01493992 0.01571398 0.0139261 1000
45 0.24 5.5 0.3 0 -0.01785342 -0.01758618 -0.01813342 -0.01830269 -0.01803061 1000 0.01396474 0.01408514 0.01464932 0.01402368 0.01438734 1000
46 0.26 -5.5 0.2 0 -0.01801136 -0.01833673 -0.01839137 -0.01785451 -0.01739613 1000 0.01384804 0.01386663 0.01382613 0.01397731 0.01325515 1000
47 0.8399997 -5.5 0.7 0 -0.0193623 -0.01966522 -0.01927645 -0.01720337 -0.01758036 1000 0.0139105 0.01329366 0.01340791 0.01454005 0.01441561 1000
48 0.7199998 -4.75 0.7 -1 -0.01767672 -0.016419 -0.01975182 -0.0196369 -0.01842846 1000 0.0135591 0.01488389 0.01365026 0.01289201 0.01406451 1000
49 0.22 4 0.3 0 -0.01662134 -0.01658626 -0.01676346 -0.01633289 -0.01659776 1000 0.01544344 0.0162902 0.01717816 0.0184493 0.01802805 1000
50 3.299998 -5.5 0.6 0 -0.003483695 -0.003480911 -0.002510975 -0.003474654 -0.004925307 1000 0.01004137 0.009130432 0.006895202 0.006023514 0.006287186 1000
51 1.319999 4.75 0.5 1 -0.02298561 -0.02441686 -0.02601848 -0.02819117 -0.02840625 1000 0.01084181 0.01179834 0.01115107 0.01272688 0.01450043 1000
52 0.16 4.75 0.1 0 -0.00505525 -0.004969406 -0.005008108 -0.00505673 -0.003602605 1000 0.007158009 0.008505982 0.008328586 0.007552174 0.007210682 1000
53 0.4600001 -4.75 0.7 0 -0.004097689 -0.004493257 -0.005612052 -0.006695271 -0.007627013 1000 0.007666934 0.006080465 0.005770465 0.006145996 0.005363869 1000
54 0.54 -4.75 0.6 -1 -0.004855396 -0.005024203 -0.006159744 -0.009604961 -0.0109589 1000 0.00538211 0.004687705 0.003466821 0.003995527 0.003748732 1000
55 0.4800001 4 0.6 0 -0.01343614 -0.0139559 -0.01436381 -0.01488566 -0.01549474 1000 0.007312255 0.007218199 0.007066166 0.007816033 0.007817935 1000
56 0.6399999 4.75 0.5 0 -0.0221778 -0.02050022 -0.02210575 -0.02422339 -0.02487065 1000 0.003731565 0.004127458 0.003877656 0.003485387 0.00378086 1000
57 0.2 4.75 0.4 0 -0.01920078 -0.0162915 -0.01278211 -0.005711303 -0.002899876 1000 0.001566135 0.001850028 0.001612878 0.001830495 0.002111454 1000
58 0.52 -4.75 0.5 -1 0.00207009 0.001316322 0.0009075527 -0.0004485825 -0.001364319 1000 -0.0004050193 -0.001077642 -0.0008198623 -0.000603858 -0.0002998222 1000
59 0.36 5.5 0.5 -1 -0.0006007323 -0.001498862 -0.002096579 -0.002534142 -0.002572649 1000 -0.001962825 -0.0009694235 -0.0003367034 9.532554E-05 -0.0001368855 1000
60 0.38 -4 0.5 -1 -0.0005679359 -0.00117611 -0.001284826 -0.001710841 -0.001477814 1000 -0.001245308 -0.0006990258 -0.0002143516 0.0002069709 -0.0001278456 1000
61 0.56 -5.5 0.6 1 -0.0002684489 -0.001612048 -0.002764728 -0.002859482 -0.0029433 1000 -0.0005747316 -0.0006863513 -0.000497451 -0.0002620712 -0.0005776482 1000
62 0.42 -4 0.5 0 -0.003062994 -0.003430878 -0.003589073 -0.004058544 -0.003990559 1000 -0.0009762665 0.0002226698 -9.947594E-05 -0.0003971428 0.0001954246 1000
63 0.9199997 4.75 0.6 0 -0.006786189 -0.01260999 -0.01166235 -0.003172529 -0.0003985246 1000 0.003117546 0.004546336 0.008209383 0.006192713 -0.001457597 1000
64 0.6199999 -4 0.6 -1 -0.02572729 -0.02855876 -0.02339973 -0.007348779 0.01444719 1000 0.02447007 0.02423184 0.01482491 -0.002114539 -0.009328738 1000
65 0.4800001 5.5 0.1 0 -0.004638758 -0.007112108 -0.006991019 -0.009857125 -0.00891508 1000 0.002132882 0.006479464 0.006639873 0.001632718 0.0001652591 1000
66 0.54 4 0.3 0 -0.02551691 -0.03093457 -0.03604348 -0.03561483 -0.02588538 1000 7.746973E-05 0.002805769 0.004286501 0.005024228 0.006519953 1000
67 0.42 -4.75 0.6 -1 -0.002179291 -0.002124923 -0.001728542 -0.002239635 -0.003209779 1000 -0.0008237787 -0.0005837061 0.0002619514 0.001034474 0.0005522228 1000
68 0.54 -5.5 1 0 -0.004923933 -0.003874119 -0.003370476 -0.003644376 -0.003860856 1000 0.000843109 0.00124832 0.001428705 0.0001484456 0.0002894032 1000
69 0.6 4.75 0.7 1 -0.004713478 -0.00505653 -0.004973743 -0.004686542 -0.004662293 1000 0.0005742484 0.0002936192 0.0007219031 0.0008423976 0.0008009052 1000
70 0.6399999 5.5 0.6 1 -0.00314747 -0.003100884 -0.00292314 -0.002934076 -0.003196621 1000 0.0001521451 0.0005206088 0.0004221255 -0.0002369358 -0.0003473831 1000
71 0.24 -4 0.3 0 -0.001190919 -0.00240437 -0.003632154 -0.003933514 -0.003656316 1000 -0.0002348126 -0.0003262542 -0.0001124186 0.0002009555 4.748104E-05 1000
72 0.6999999 -4.75 0.6 -1 -0.003804038 -0.003981948 -0.003952592 -0.00374611 -0.003806026 1000 -0.0005170474 -0.0003591144 -0.0005764841 -0.0007638737 -0.0004122432 1000
73 0.4600001 -4.75 0.4 0 -0.003257012 -0.003125601 -0.002476426 -0.001852348 -0.001939701 1000 -9.092374E-05 -0.0005805697 -0.0004291729 -0.0003623416 -0.0004040213 1000
74 0.58 4 0.7 1 -0.003022097 -0.002926737 -0.003178154 -0.003119536 -0.002871371 1000 -0.0005091727 -0.0003582016 -0.0006565161 -0.001156705 -0.0007630006 1000
75 0.4800001 -4.75 0.8 0 -0.002863228 -0.002984371 -0.003009005 -0.002684048 -0.002586649 1000 -0.001707517 -0.001074231 -0.001203516 -0.001710443 -0.001608038 1000
76 0.6199999 -4.75 0.7 0 -0.005207142 -0.006763006 -0.007624769 -0.008494464 -0.009396098 1000 0.0006465789 0.00323996 0.004638042 0.005758563 0.004825291 1000
77 0.24 4.75 0.1 0 -0.008609916 -0.008970907 -0.008129342 -0.007717715 -0.008054097 1000 0.00212417 0.001450867 0.001404431 0.001112943 0.0006967439 1000
78 0.34 -5.5 0.2 0 -0.008629835 -0.008568761 -0.008445309 -0.008413541 -0.007893891 1000 0.0001426975 0.000365905 -7.133504E-05 -0.0005464138 0.0006203699 1000
79 0.52 -5.5 0.5 0 -0.007720266 -0.007287787 -0.007349979 -0.007333907 -0.006857485 1000 0.0008091842 0.0006071443 0.0008351131 0.001337242 0.00034483 1000
80 0.58 4 0.8 0 -0.008872246 -0.009154476 -0.009591749 -0.009127022 -0.008877511 1000 0.0003152551 0.0007098932 4.997835E-05 -0.0003400971 0.0002617783 1000
81 0.28 4 0.2 0 -0.009745458 -0.009345543 -0.008930629 -0.008916894 -0.009020037 1000 -0.0007634344 -0.0001747257 -1.474229E-05 -0.0007722107 -0.0006636016 1000
82 0.42 4.75 0.7 -1 -0.01076747 -0.01113255 -0.01137326 -0.01155082 -0.0117775 1000 -0.00151876 -0.001784341 -0.001464894 -0.001477918 -0.001696128 1000
83 0.4400001 -4.75 0.4 0 -0.01210499 -0.01233736 -0.01237438 -0.01274539 -0.01239259 1000 -0.002381343 -0.002072511 -0.002100294 -0.003074741 -0.002621049 1000
84 0.6399999 4 0.9 0 -0.01191258 -0.01237638 -0.01252919 -0.01198571 -0.01233191 1000 -0.001096492 -0.0004449343 -0.000960516 -0.001458758 -0.001032816 1000
85 0.22 4 0.2 0 -0.01319798 -0.01343369 -0.01325375 -0.01295457 -0.01325408 1000 -0.00108183 -0.001059683 -0.001431252 -0.001803494 -0.001474677 1000
86 0.4 -4.75 0.5 1 -0.01358659 -0.013791 -0.01358804 -0.01255339 -0.01238651 1000 -0.002422823 -0.001828258 -0.001931976 -0.002184455 -0.001486521 1000
87 0.32 4 0.7 1 -0.01258055 -0.01390116 -0.01364883 -0.01311025 -0.01335301 1000 -0.0008049752 -0.000398464 -0.0008231245 -0.0002725752 -0.0004179581 1000
88 0.28 -4 0.3 0 -0.0138875 -0.0137202 -0.01425133 -0.0137715 -0.01343174 1000 -0.001498575 -0.001043697 -0.002075651 -0.001958437 -0.001250163 1000
89 0.6 4 0.9 0 -0.01471749 -0.01425508 -0.01352587 -0.01336803 -0.01227416 1000 -0.001579334 -0.001395164 -0.001502009 -0.001995318 -0.001136542 1000
90 0.38 4 0.6 -1 -0.01395448 -0.01405886 -0.01397796 -0.01403731 -0.01403027 1000 -0.00165705 -0.00104769 -0.001131613 -0.0009614942 -0.001606318 1000
91 0.09999999 -4.75 0.1 0 -0.01345462 -0.01368606 -0.01354486 -0.01346964 -0.01223748 1000 -0.001193611 -0.0006782568 -0.001247011 -0.001912552 -0.001303351 1000
92 0.28 4 0.6 -1 -0.01202698 -0.01201551 -0.01209285 -0.01192644 -0.01115856 1000 -0.0005634961 -0.0004810895 -0.0007723252 -0.0006805214 -0.0007763274 1000
93 0.4400001 -5.5 0.5 0 -0.01358106 -0.01383146 -0.01401686 -0.01316372 -0.0123793 1000 -0.00180049 -0.001290901 -0.002247376 -0.0018529 -0.001275743 1000
94 0.18 -4 0.5 1 -0.01383675 -0.01401346 -0.01334828 -0.01270101 -0.01268758 1000 -0.0009657363 -0.001246758 -0.0009031766 -0.0009987982 -0.00128292 1000
95 0.12 -4 0.1 0 -0.01293212 -0.01345719 -0.01362564 -0.0133611 -0.01303288 1000 -8.718957E-05 -1.93679E-05 -0.0001210351 -0.000990658 -0.0002973932 1000
96 0.5000001 4 0.7 -1 -0.01569245 -0.01538367 -0.01502467 -0.01498047 -0.01491934 1000 -0.0004916078 -0.0001223788 0.0002437266 2.287213E-05 2.558438E-05 1000
97 0.6 -5.5 0.6 -1 -0.01446907 -0.01481181 -0.01464056 -0.01438848 -0.01421544 1000 -0.000338626 -0.0005003031 -0.001252842 -0.0007055774 -0.0003756702 1000
98 0.6399999 5.5 0.6 1 -0.01433097 -0.01503848 -0.01563745 -0.01513738 -0.01525227 1000 -0.0007028621 0.0001983396 0.000469504 -0.0001890838 -0.0002445752 1000
99 0.7199998 -5.5 1 0 -0.01518918 -0.01520041 -0.01516412 -0.01446274 -0.0143313 1000 -0.0009336716 -0.0009242721 -0.001713925 -0.001153192 -0.001003787 1000
100 0.3 4 0.7 -1 -0.01913498 -0.01902841 -0.01878653 -0.0190039 -0.01927455 1000 -0.0007732777 -0.001506589 -0.000350152 -0.0003583765 -0.0005236867 1000
101 0.4600001 5.5 0.5 0 -0.01742899 -0.01779343 -0.01768937 -0.01739509 -0.01695681 1000 -0.001369291 -0.001585305 -0.001782477 -0.001482595 -0.0009700571 1000
102 0.42 4.75 0.5 -1 -0.01719192 -0.01734442 -0.01731418 -0.01674137 -0.01669237 1000 -0.001443568 -0.0009566139 -0.001099797 -0.001633825 -0.001426653 1000
103 0.6 4.75 0.7 1 -0.01715171 -0.01702015 -0.01681885 -0.0168781 -0.01744333 1000 -0.002458743 -0.002411938 -0.002521092 -0.002587372 -0.003055155 1000
104 0.58 -4 0.4 0 -0.01816085 -0.0188945 -0.01906682 -0.01875067 -0.01795953 1000 -0.00198696 -0.001769028 -0.002768479 -0.002884457 -0.002761027 1000
105 0.4 -4 0.7 1 -0.0179847 -0.01795748 -0.01773779 -0.01779058 -0.01785525 1000 -0.002208948 -0.002107731 -0.002136639 -0.00223955 -0.001951542 1000
106 0.4800001 -4.75 1 0 -0.01563656 -0.01544559 -0.0153786 -0.01475539 -0.01440497 1000 0.0009562176 0.001458264 0.001432739 0.001595063 0.001604371 1000
107 0.14 -4 0.1 0 -0.01902586 -0.01941802 -0.01934612 -0.01917999 -0.0190687 1000 0.0006437224 0.0004242622 0.0008537707 0.0009000252 0.0009650495 1000
108 0.18 -5.5 0.2 0 -0.01940407 -0.01906486 -0.01878782 -0.01849132 -0.01778122 1000 0.001239282 0.001628156 0.001312182 0.0003175558 0.001101441 1000
109 0.4600001 -4.75 0.7 1 -0.01865066 -0.01840867 -0.01767871 -0.01755483 -0.01781793 1000 0.002058126 0.002614886 0.001954978 0.001967152 0.002452516 1000
110 0.6599999 4.75 0.7 1 -0.0198467 -0.01984614 -0.0197642 -0.01946948 -0.01915278 1000 0.002291434 0.00281189 0.002722071 0.002544105 0.002542582 1000
111 0.34 -5.5 0.3 0 -0.02080031 -0.02061854 -0.02028347 -0.01971065 -0.01933804 1000 0.001741452 0.001857362 0.001981243 0.001771856 0.00248323 1000
112 0.3 4 0.5 -1 -0.02001511 -0.02049129 -0.01992217 -0.01951747 -0.01941192 1000 0.003028481 0.002958098 0.003109496 0.0029434 0.003035073 1000
113 0.6799999 -4 0.7 -1 -0.02136661 -0.02163329 -0.02158732 -0.02130489 -0.02122088 1000 0.001757096 0.001936719 0.001586471 0.001364368 0.001841916 1000
114 0.7599998 -4.75 0.8 0 -0.01975552 -0.02036819 -0.02055865 -0.02017533 -0.02109845 1000 0.002891075 0.0031139 0.002639452 0.002395238 0.003215707 1000
115 0.7599998 5.5 0.5 0 -0.0233165 -0.02418263 -0.02704562 -0.0286765 -0.03010518 1000 0.000974896 -0.0005615098 -0.00144972 -0.00176396 -0.009093576 1000
116 0.4400001 -5.5 0.7 1 0.0007020216 0.0006093445 -0.001672452 -0.004475698 -0.002891214 1000 0.01038013 0.01012747 0.008760501 0.006682127 0.005812021 1000
117 0.4800001 4 0.6 1 -0.01181149 -0.01014535 -0.01023436 -0.01095103 -0.01049173 1000 0.009971282 0.008211724 0.005945259 0.006973589 0.005615722 1000
118 0.4600001 -4 0.5 0 -0.01677607 -0.01582874 -0.01306615 -0.01301781 -0.01357329 1000 0.004136317 0.003684674 0.001197375 0.002016106 0.003440309 1000
119 0.12 -5.5 0.1 0 -0.01372446 -0.01455509 -0.01402545 -0.01392751 -0.01610895 1000 0.001771796 0.001533483 0.0005139282 -0.0002619237 0.001182975 1000
120 0.52 -4 1 0 -0.0167585 -0.0171182 -0.01725756 -0.01704154 -0.01622855 1000 0.001171404 0.0007659234 0.0003579878 2.540926E-05 0.0003667106 1000
121 0.56 -4.75 0.6 -1 -0.01479342 -0.01507405 -0.01529941 -0.01573465 -0.01582224 1000 0.0006714546 0.0006015306 0.000264143 -0.0001367329 0.0001438204 1000
122 0.34 -5.5 0.2 0 -0.01652719 -0.01587897 -0.01576425 -0.01501566 -0.01503791 1000 0.0009198613 0.0007266626 0.0008288411 0.001005312 0.0008892685 1000
123 0.18 4 0.6 -1 -0.01576942 -0.01603063 -0.01557731 -0.01527835 -0.01565937 1000 0.0001353767 -0.0001080919 0.0002981813 -4.529814E-05 -4.759044E-05 1000
124 0.6799999 5.5 0.9 0 -0.01557676 -0.0159554 -0.01633729 -0.01534413 -0.01492911 1000 -0.0003371043 -0.0003797458 -0.0004309012 -0.0002791618 0.0001114857 1000
125 0.6599999 5.5 0.5 1 -0.01708685 -0.01697735 -0.01681799 -0.01711109 -0.01631026 1000 0.0001947794 0.0001370726 -7.577102E-06 -0.000439452 0.0003561724 1000
126 0.58 -4 0.5 1 -0.01575489 -0.01589103 -0.01592664 -0.01602855 -0.01627707 1000 0.001772588 0.0007536999 0.0001243064 0.0001396101 0.0002640567 1000
127 0.58 -4.75 0.5 -1 -0.01915141 -0.01938547 -0.01899179 -0.01835125 -0.01850498 1000 0.0003572331 -0.0002884052 0.0006924634 0.001029982 0.0007410437 1000
128 0.3 4.75 0.1 0 -0.01842581 -0.01851459 -0.01845859 -0.01848827 -0.01827919 1000 0.001351078 0.001247829 0.0005546454 0.0006280807 0.001393618 1000
129 0.4600001 4.75 0.6 -1 -0.01767403 -0.01839026 -0.0192029 -0.01972704 -0.02017104 1000 0.001292535 0.001451206 0.001017197 0.001041309 0.001326362 1000
130 0.5000001 -4 0.6 1 -0.01951426 -0.01984836 -0.01952023 -0.01898687 -0.01883339 1000 0.0006097609 0.0008313875 0.0005549176 0.0006110218 0.000820744 1000
131 0.28 -4 0.5 -1 -0.02097779 -0.02067108 -0.02065589 -0.02057292 -0.02040198 1000 0.001404513 0.0009572536 0.0009515309 0.000714143 0.001202783 1000
132 0.28 4.75 0.5 0 -0.02051834 -0.0205045 -0.02210115 -0.02262518 -0.02240681 1000 0.001165113 0.001010026 0.002272098 0.002075464 0.002171963 1000
133 0.18 4 0.2 0 -0.01672561 -0.008910366 -0.004088012 -0.002005851 0.001233259 1000 0.0003622812 0.000632814 0.002921712 0.004012154 0.004371905 1000
134 0.6 -4.75 0.8 0 -0.007203492 -0.007420704 -0.008321249 -0.009118622 -0.007702975 1000 0.003617079 0.002395555 0.001289228 0.0009654094 0.0007155602 1000
135 0.6199999 4 0.7 0 -0.009325637 -0.009365262 -0.008813449 -0.008718133 -0.008669701 1000 0.002177407 0.001868988 0.002284923 0.002212105 0.001545863 1000
136 0.54 -4 0.7 0 -0.01045183 -0.01028664 -0.01050933 -0.009901509 -0.009836534 1000 0.002072028 0.002237635 0.00184095 0.0008253637 0.0008367751 1000
137 0.7799998 -5.5 0.6 -1 -0.009413313 -0.00932683 -0.009145646 -0.008746417 -0.008482255 1000 0.002142217 0.002520687 0.002278291 0.001760075 0.002190364 1000
138 0.6 4 0.5 -1 -0.009031732 -0.0094759 -0.009463607 -0.009079346 -0.008915076 1000 0.00300567 0.003232806 0.002872962 0.002384301 0.002176551 1000
139 0.6 5.5 0.7 0 -0.009173947 -0.009139365 -0.008999084 -0.009043561 -0.01012343 1000 0.001677712 0.001227048 0.00158652 0.0007214748 0.001100847 1000
140 0.52 -4.75 0.6 1 -0.009671464 -0.009997521 -0.01029747 -0.009961924 -0.00961339 1000 0.001695841 0.002162929 0.001741154 0.0009169885 0.001024647 1000
141 0.8399997 -4.75 0.7 0 -0.009601046 -0.01023147 -0.009616252 -0.008770959 -0.00842653 1000 0.001854604 0.001202261 0.001528009 0.002198838 0.003027135 1000
142 0.4600001 5.5 0.3 0 -0.01140363 -0.007701626 -0.006726594 -0.008840341 -0.007708122 1000 0.002169321 0.000997399 0.004141441 0.005485896 0.005087651 1000
143 0.5000001 -5.5 0.4 0 -0.01465187 -0.01464568 -0.01506323 -0.01528213 -0.01500824 1000 0.001981603 0.002605024 0.002243361 0.002621273 0.002440307 1000
144 0.52 4.75 0.2 0 -0.01376103 -0.01374893 -0.01408842 -0.01426254 -0.0140863 1000 0.003021118 0.00241119 0.002888668 0.003013724 0.002820417 1000
145 0.24 5.5 0.2 0 -0.01553654 -0.01506686 -0.01440016 -0.01328177 -0.01485553 1000 0.002053465 0.002454136 0.0021501 0.001480817 0.0008463151 1000
146 0.36 5.5 0.3 0 -0.01297833 -0.01336448 -0.01420277 -0.01492177 -0.01521571 1000 -0.001724281 -0.001288608 -0.001347434 -0.00138325 -0.001626317 1000
147 0.34 -4 0.4 0 -0.01683802 -0.01737258 -0.01794161 -0.01675845 -0.0167618 1000 -0.001181689 -0.0008271946 -0.001557938 -0.001738179 -0.001927435 1000
148 0.6399999 -4 0.7 -1 -0.01927893 -0.01951301 -0.01924757 -0.0191299 -0.0190965 1000 -0.00192171 -0.001726338 -0.001711309 -0.001836481 -0.001888765 1000
149 0.7199998 4 0.7 -1 -0.01844409 -0.01831389 -0.01868746 -0.01914334 -0.01892776 1000 -0.001434726 -0.001162122 -0.001533215 -0.001743318 -0.001021294 1000
150 0.36 -5.5 0.3 0 -0.01917318 -0.0192165 -0.01871221 -0.01855212 -0.01890703 1000 -0.0008949394 -0.001347787 -0.0009233064 -0.001249566 -0.001016388 1000
151 0.4 4.75 0.2 0 -0.01836662 -0.01768686 -0.01739939 -0.01743217 -0.01776637 1000 -0.0008180766 -0.0008799077 -0.0008357748 -0.000530061 -0.0007901861 1000
152 0.4400001 4 0.6 -1 -0.01895826 -0.01863909 -0.01839416 -0.01878734 -0.01877794 1000 -0.0009391372 -0.00025001 -0.0006687887 -0.0006746536 -0.0005039973 1000
153 0.4 -4.75 0.5 -1 -0.01849722 -0.01925359 -0.01958462 -0.01984312 -0.02039328 1000 0.001031246 0.001413772 0.001018164 0.0006540774 0.001262443 1000
154 0.6399999 4 0.9 0 -0.01431185 -0.01540698 -0.02010524 -0.02332053 -0.02456338 1000 -0.009226185 -0.006873556 -0.007160533 -0.007687576 -0.0114035 1000
155 1.339999 -4.75 0.7 -1 -0.009364077 0.002155751 0.008855197 0.01103776 0.0201621 1000 -0.008066921 -0.009016633 -0.008496516 -0.007385318 -0.003845297 1000
156 0.16 5.5 0.1 0 -0.00699488 -0.005008874 -0.006350769 -0.006235194 -0.005367622 1000 -0.00637333 -0.005583159 -0.005493129 -0.00541189 -0.005928556 1000
157 0.24 -4.75 0.2 0 -0.005671807 -0.005570327 -0.005453457 -0.005591359 -0.005611203 1000 -0.005647719 -0.006551497 -0.006931889 -0.007550702 -0.007643671 1000
158 0.56 -4.75 0.6 0 -0.006176235 -0.005571369 -0.005695079 -0.005338058 -0.004979044 1000 -0.006120189 -0.00587432 -0.006076119 -0.006627318 -0.006564918 1000
159 0.6599999 5.5 0.5 1 -0.004229035 -0.004321975 -0.004266859 -0.004062124 -0.00402394 1000 -0.004650104 -0.005134035 -0.004521269 -0.004419819 -0.004504208 1000
160 0.4400001 -4 0.5 0 -0.006917006 -0.006652848 -0.006803598 -0.006632916 -0.006212226 1000 -0.00604672 -0.006661525 -0.006500771 -0.006650271 -0.006269444 1000
161 0.36 5.5 0.3 0 -0.007717118 -0.008086726 -0.007403944 -0.0063976 -0.005964521 1000 -0.007968809 -0.008377392 -0.008919116 -0.009482889 -0.009213257 1000
162 0.36 5.5 0.7 -1 -0.006327195 -0.006735774 -0.006016389 -0.0056451 -0.005942022 1000 -0.008428299 -0.009301645 -0.008497037 -0.00884041 -0.008357585 1000
163 0.4400001 5.5 0.5 0 -0.00907043 -0.009040196 -0.00871339 -0.008277021 -0.008119415 1000 -0.008729259 -0.00936563 -0.009419588 -0.009253427 -0.009313171 1000
164 0.24 -4.75 0.1 0 -0.009495492 -0.009474487 -0.009395431 -0.00959446 -0.009390158 1000 -0.00921999 -0.009337013 -0.009044698 -0.009423488 -0.009399039 1000
165 0.4800001 -4 0.6 -1 -0.009906685 -0.009635109 -0.009740859 -0.009633649 -0.009392552 1000 -0.009747856 -0.009659443 -0.009402864 -0.00941819 -0.009650968 1000
166 0.4400001 4.75 0.5 1 -0.01192974 -0.01186217 -0.01186703 -0.01228048 -0.01231801 1000 -0.009613916 -0.009873984 -0.01032135 -0.009978557 -0.01063877 1000
167 0.6399999 -4.75 0.7 -1 -0.01249009 -0.01223362 -0.01227875 -0.01234954 -0.01240412 1000 -0.01060981 -0.01067444 -0.0104217 -0.01085188 -0.01077821 1000
168 0.7399998 -4.75 1 0 -0.01350414 -0.01354165 -0.01345913 -0.01328261 -0.01285885 1000 -0.01012195 -0.009547959 -0.008955678 -0.008970622 -0.009112159 1000
169 0.4 4.75 0.2 0 -0.01464488 -0.01440453 -0.01433545 -0.01441037 -0.01427873 1000 -0.01028482 -0.01052039 -0.01023631 -0.010469 -0.01037593 1000
170 0.6199999 -4 0.9 0 -0.01521018 -0.01544399 -0.01562438 -0.015652 -0.01554786 1000 -0.01071418 -0.01079435 -0.01096353 -0.01069759 -0.01049805 1000
171 0.6199999 4.75 0.6 0 -0.01568539 -0.01558709 -0.01574797 -0.01678803 -0.01613422 1000 -0.008847603 -0.009051415 -0.008700056 -0.008989212 -0.008563091 1000
172 0.6399999 4.75 0.8 0 -0.0159983 -0.01597475 -0.01581674 -0.01643395 -0.01550408 1000 -0.009277984 -0.009662293 -0.008912766 -0.009862863 -0.01025148 1000
173 0.36 -4 0.5 1 -0.01646202 -0.01597355 -0.01551212 -0.01523468 -0.01521447 1000 -0.01133656 -0.01094312 -0.01151002 -0.01100227 -0.01104666 1000
174 0.56 -4.75 0.8 0 -0.01810907 -0.01764892 -0.01732771 -0.01771197 -0.01735505 1000 -0.01071613 -0.01100409 -0.01147065 -0.0111701 -0.01172987 1000
175 0.56 -5.5 0.5 0 -0.01769301 -0.0176831 -0.01787605 -0.01802276 -0.0180595 1000 -0.01183465 -0.01148696 -0.01110367 -0.01112164 -0.01137744 1000
176 0.52 5.5 0.5 -1 -0.01834902 -0.01811484 -0.01940826 -0.01997138 -0.02000324 1000 -0.01011237 -0.0110103 -0.01031636 -0.01044005 -0.01030203 1000
177 0.58 4.75 0.8 0 -0.02023427 -0.02010223 -0.01943309 -0.01919039 -0.01925268 1000 -0.01231898 -0.01284893 -0.01213691 -0.01209778 -0.01230843 1000
178 0.4800001 4 0.7 1 -0.02058572 -0.02024567 -0.02026176 -0.01998858 -0.01989693 1000 -0.01315161 -0.01274784 -0.01271739 -0.01244784 -0.01225753 1000
179 0.8599997 -4.75 1 0 -0.02040338 -0.02022355 -0.02067541 -0.02083787 -0.02040263 1000 -0.01288236 -0.01322087 -0.01265627 -0.01284978 -0.01250727 1000
180 0.7199998 5.5 0.6 1 -0.02252456 -0.02260239 -0.02251269 -0.02267216 -0.02247339 1000 -0.0125698 -0.01290786 -0.01245145 -0.01229553 -0.01245337 1000
181 0.7399998 5.5 0.8 0 -0.02343081 -0.02338328 -0.02364029 -0.02347313 -0.02300951 1000 -0.0129854 -0.01351091 -0.01315074 -0.01325983 -0.01298867 1000
182 0.7599998 -5.5 0.7 0 -0.02401081 -0.02433255 -0.02424215 -0.02404918 -0.02361192 1000 -0.01378583 -0.01373171 -0.0137086 -0.01322012 -0.01308923 1000
183 0.6599999 -5.5 0.7 -1 -0.02366047 -0.02303922 -0.02323082 -0.02327079 -0.02310144 1000 -0.01235947 -0.01234936 -0.01216941 -0.01230169 -0.01205365 1000
184 0.34 -4.75 0.4 0 -0.001587048 -0.002230341 -0.002792054 -0.0009593046 -5.179905E-05 1000 -0.0005785461 -0.001933507 -0.00193589 0.0002064992 0.0001655391 1000
185 0.6 -5.5 0.6 0 -0.003666679 -0.004516401 -0.004844124 -0.004932763 -0.003690804 1000 0.00447106 0.006281362 0.004308891 0.002608268 0.002853861 1000
186 0.6799999 4.75 1 0 -0.01206968 -0.01399136 -0.01432605 -0.010628 -0.01273432 1000 0.003947755 0.003613616 0.005386996 0.002368222 0.0006839511 1000
187 0.24 -5.5 0.1 0 -0.01362314 -0.01436932 -0.01522942 -0.01469403 -0.01412597 1000 4.295487E-05 0.0003625271 1.142185E-05 0.0005807201 0.0007522853 1000
188 0.4600001 4.75 0.6 0 -0.01453506 -0.01485584 -0.01505045 -0.01532011 -0.01509837 1000 0.0006540581 0.001015573 0.001480951 0.001643692 0.001667142 1000
189 0.4400001 -4 0.5 -1 -0.01550239 -0.01614637 -0.01565428 -0.01635456 -0.01700968 1000 0.001822869 0.001494136 0.001728285 0.001317428 0.001529499 1000
190 0.36 4 0.2 0 -0.01717682 -0.01645019 -0.01627683 -0.01657246 -0.01663191 1000 0.002801775 0.003588345 0.003457655 0.003169473 0.003365668 1000
191 0.6999999 4.75 0.9 0 -0.01695033 -0.01668674 -0.0162597 -0.0164813 -0.01652345 1000 0.003883925 0.003973434 0.004327207 0.004652216 0.004277872 1000
192 0.6599999 -4.75 0.5 -1 -0.01740536 -0.01725773 -0.01731234 -0.0174994 -0.0175574 1000 0.003034116 0.002861586 0.002732369 0.00287835 0.002853201 1000
193 0.56 4 0.6 -1 -0.01794606 -0.01812794 -0.01703563 -0.01667581 -0.01667777 1000 0.003860589 0.00339929 0.004523852 0.004236254 0.004370201 1000
194 0.56 -4 0.6 0 -0.0182307 -0.01818268 -0.01754707 -0.01754546 -0.01725613 1000 0.004006472 0.003390983 0.002949465 0.003209228 0.003195677 1000
195 0.6399999 5.5 0.8 0 -0.01804454 -0.01794495 -0.01778025 -0.01792797 -0.01809313 1000 0.003491676 0.003280011 0.003683223 0.003982569 0.003244809 1000
196 0.5000001 -4.75 0.4 0 -0.01878503 -0.01878406 -0.01814678 -0.01846766 -0.01907418 1000 0.003501789 0.003799387 0.003237449 0.003204587 0.002678353 1000
197 0.6 5.5 1 0 -0.02069209 -0.0205562 -0.02079952 -0.01976998 -0.01826687 1000 0.003206014 0.004244286 0.003036336 0.002800096 0.005700725 1000
198 0.6599999 4 1 0 -0.01914751 -0.01989165 -0.01933935 -0.02007233 -0.02054097 1000 0.0046244 0.003667753 0.002774916 0.003114155 0.001987398 1000
199 0.56 -5.5 0.4 0 -0.02096881 -0.02211591 -0.02097072 -0.0199362 -0.01974696 1000 0.001967354 -0.0002036211 -0.001578032 -0.0003110346 0.0006960424 1000
200 0.56 4 0.7 -1 -0.01811243 -0.01832113 -0.01852652 -0.01775541 -0.0172364 1000 0.00162705 0.002526977 0.001519226 0.002699873 0.002293791 1000
201 0.54 4.75 0.5 -1 -0.01866051 -0.01893308 -0.01878644 -0.0187464 -0.01856616 1000 -0.0005076759 3.62389E-05 0.0006842348 0.000657098 0.000796113 1000
202 0.6 4.75 0.5 0 -0.01925708 -0.01894697 -0.01925125 -0.0189073 -0.01838609 1000 -0.001367522 -0.001596709 -0.00138329 -0.00129544 -0.001002531 1000
203 0.56 -4 0.6 -1 -0.01843081 -0.01775781 -0.01809518 -0.0184713 -0.01847824 1000 -0.001103265 -0.001210465 -0.0008147614 -0.001437154 -0.001024813 1000
204 0.4400001 5.5 0.2 0 -0.0188777 -0.01904779 -0.01820341 -0.01782648 -0.01803089 1000 0.000754446 0.0005507373 0.0009342249 0.0001222166 -0.0003178593 1000
205 0.7599998 -5.5 1 0 -0.01828684 -0.01770592 -0.01793769 -0.01845687 -0.01873434 1000 -0.0008184356 -0.0006897093 -0.0006775712 -0.001130277 -0.0007853552 1000
206 0.6599999 -4 0.7 1 -0.01836109 -0.01880105 -0.01826255 -0.0189225 -0.01991785 1000 0.0005704746 0.000272741 0.0003614914 0.0005994797 0.0009745398 1000
207 0.8199998 -4 0.9 0 -0.01885655 -0.01884888 -0.01901544 -0.01945748 -0.01926281 1000 -0.0004484065 -0.0006263403 2.542695E-05 7.858159E-05 5.24341E-05 1000
208 0.8999997 4 0.8 0 -0.01820307 -0.01833266 -0.01893418 -0.01846692 -0.01851 1000 0.001089806 0.0009984965 0.00106676 0.001128213 0.0008871193 1000
209 0.7799998 4.75 0.6 0 -0.01814599 -0.01795331 -0.01820662 -0.01840121 -0.01838115 1000 -0.0004940605 -0.0006026434 -0.0003538455 -0.000636213 -0.0006316283 1000
210 0.6999999 -5.5 0.4 0 -0.01831649 -0.01810381 -0.01869831 -0.01893022 -0.0191089 1000 0.0002022133 0.000179374 0.0004096208 -0.0002468362 0.0002033804 1000
211 0.8999997 -4 0.6 0 -0.01933038 -0.0193835 -0.01951505 -0.01955762 -0.01977991 1000 -0.0008958199 -0.0007868907 -0.0008955121 -0.000404437 -0.0003653601 1000
212 0.7199998 -4.75 0.6 0 -0.01937637 -0.01929012 -0.0192785 -0.01938104 -0.01867012 1000 -0.0002513403 -2.365304E-06 0.0005282738 0.0008912658 0.000404163 1000
213 0.7399998 5.5 1 0 -0.02024656 -0.02009156 -0.01974501 -0.01991768 -0.02005105 1000 -0.0004467276 -0.0008466428 -0.0003791617 -0.0002655365 -0.0005958346 1000
214 0.54 4.75 0.3 0 -0.01896942 -0.01910359 -0.01933457 -0.01978416 -0.02008304 1000 -0.0004067671 -0.0004302133 2.315372E-05 -0.000159373 -0.0004578649 1000
215 0.52 5.5 0.3 0 -0.0212345 -0.02069217 -0.02031239 -0.02074932 -0.02082653 1000 -0.002551835 -0.001967619 -0.001843862 -0.002243869 -0.002332552 1000
216 0.6799999 -4.75 0.6 1 -0.02070994 -0.02085762 -0.02051748 -0.02054122 -0.02090137 1000 -0.002107878 -0.002151223 -0.001909168 -0.001188169 -0.001347331 1000
217 0.6199999 -4 0.4 0 -0.02286614 -0.02195808 -0.02175289 -0.02229253 -0.02256793 1000 -0.002242713 -0.00195259 -0.001920269 -0.001483889 -0.001750112 1000
218 0.8799997 -5.5 0.6 -1 -0.02240017 -0.02243832 -0.02257065 -0.02294754 -0.02262661 1000 -0.00177949 -0.002338723 -0.001228416 -0.001257725 -0.001223268 1000
219 0.7399998 5.5 0.8 0 -0.02393612 -0.0242517 -0.02375958 -0.0234727 -0.02352871 1000 -0.002044024 -0.002227872 -0.002099631 -0.001852151 -0.001792902 1000
220 0.32 4 0.1 0 -0.02424765 -0.0242175 -0.02422627 -0.0244059 -0.02393169 1000 -0.002055178 -0.002489691 -0.00181398 -0.001702859 -0.001768227 1000
221 0.4600001 5.5 1 0 -0.02411349 -0.02417208 -0.02329866 -0.02149212 -0.02015494 1000 -0.001121874 -0.001278756 -0.001498008 -0.000880193 -0.0008343386 1000
222 0.7399998 -5.5 0.8 0 -0.01859442 -0.01796668 -0.01714141 -0.01714581 -0.01732581 1000 -0.001905691 -0.002452704 -0.001477342 -0.001667288 -0.002057792 1000
223 0.8399997 4.75 0.7 1 -0.01682166 -0.01707182 -0.01735208 -0.01736133 -0.01680144 1000 -0.0006671067 -0.0004260859 9.207449E-05 0.0001848589 -0.000110319 1000
224 0.26 4 0.1 0 -0.01761731 -0.01810711 -0.01816114 -0.01744471 -0.0173107 1000 -0.001857582 -0.002083292 -0.002137092 -0.001795638 -0.001810516 1000
225 0.36 -4 0.1 0 -0.01749345 -0.01746031 -0.01803604 -0.01732793 -0.01689796 1000 -0.002590973 -0.0025268 -0.002454677 -0.002081143 -0.002333379 1000
226 0.7399998 -5.5 0.6 0 -0.01884327 -0.01907696 -0.01923632 -0.01933539 -0.01856133 1000 -0.002228798 -0.002223574 -0.0008576965 -0.001370094 -0.001637295 1000
227 0.3 -4 0.1 0 -0.01850645 -0.01786048 -0.01801081 -0.01811841 -0.01773016 1000 -0.002495433 -0.002654021 -0.001675045 -0.0021681 -0.001711583 1000
228 0.26 -4.75 0.2 0 -0.0190484 -0.01856942 -0.01848402 -0.01860662 -0.01765563 1000 -0.001667361 -0.001980479 -0.001664455 -0.00271644 -0.002070289 1000
229 0.5000001 -4.75 0.5 0 -0.01877098 -0.01851123 -0.01851798 -0.01924527 -0.01869805 1000 -0.002589256 -0.002478149 -0.001891603 -0.002106388 -0.002308713 1000
230 0.6999999 5.5 0.7 1 -0.01931919 -0.01928298 -0.01957159 -0.01919125 -0.01854723 1000 -0.002181393 -0.001893773 -0.00158193 -0.001571006 -0.001406792 1000
231 0.6999999 -4 0.9 0 -0.01979637 -0.01951975 -0.01899641 -0.01918105 -0.0190247 1000 -0.002169624 -0.002296931 -0.001907511 -0.00192456 -0.001770083 1000
232 0.4800001 4 0.5 0 -0.01947334 -0.0193333 -0.01960712 -0.01960074 -0.01963386 1000 -0.002345848 -0.002117538 -0.002083 -0.001782905 -0.001628009 1000
233 0.18 4 0.2 0 -0.02054252 -0.02040497 -0.02017487 -0.01990009 -0.01970739 1000 -0.001555262 -0.00148649 -0.001099192 -0.001610293 -0.001729922 1000
234 0.6799999 -4.75 0.8 0 -0.01945587 -0.01927415 -0.01924935 -0.01917773 -0.01924139 1000 -0.002074894 -0.001375038 -0.001119141 -0.001188351 -0.0006959573 1000
235 0.54 5.5 0.4 0 -0.0218564 -0.02109257 -0.02071749 -0.02032469 -0.02005621 1000 -0.0007450022 -0.0009066131 -0.0008490395 -0.001242542 -0.002259109 1000
236 0.32 -5.5 0.3 0 -0.02072708 -0.02001759 -0.01965073 -0.01971785 -0.02005753 1000 -0.003134176 -0.003084569 -0.003340836 -0.003615366 -0.003361979 1000
237 0.32 -5.5 0.6 1 -0.0205382 -0.01992059 -0.02007803 -0.02020644 -0.02054119 1000 -0.003234453 -0.003409967 -0.00322654 -0.003409496 -0.003127778 1000
238 0.4800001 -5.5 0.7 0 -0.02070976 -0.02067328 -0.02104606 -0.02114342 -0.02136794 1000 -0.001205377 -0.001476271 -0.001213578 -0.001954628 -0.001814645 1000
239 0.54 5.5 0.7 -1 -0.02080048 -0.02075884 -0.02067196 -0.02085594 -0.0207659 1000 -0.002872477 -0.002900321 -0.0023392 -0.002583492 -0.002639247 1000
240 0.7599998 -4.75 0.8 0 -0.02048163 -0.0204046 -0.01998015 -0.02010024 -0.02013677 1000 -0.003521447 -0.003584512 -0.003134666 -0.00291716 -0.003008373 1000
241 0.54 4.75 0.5 1 -0.02132614 -0.02086985 -0.02024625 -0.02040167 -0.01985535 1000 -0.002258785 -0.002799421 -0.002660259 -0.00289977 -0.002557533 1000
242 0.42 4 0.3 0 -0.02053006 -0.02037352 -0.02018219 -0.02021849 -0.02088597 1000 -0.003763577 -0.004024738 -0.003458501 -0.003382376 -0.003810465 1000
243 0.7799998 4.75 0.9 0 -0.02147077 -0.02106965 -0.02086862 -0.02137436 -0.021307 1000 -0.003409326 -0.003098216 -0.00314185 -0.002851385 -0.003550329 1000
244 0.54 4 0.5 0 -0.02160297 -0.02149524 -0.02127382 -0.02128599 -0.02144297 1000 -0.00513719 -0.005021507 -0.004903932 -0.004482346 -0.0047039 1000
245 0.4600001 -5.5 0.5 0 -0.02200957 -0.02169744 -0.0213466 -0.02154807 -0.02136827 1000 -0.004960497 -0.004521979 -0.004273436 -0.004382335 -0.004959013 1000
246 0.8999997 -5.5 1 0 -0.02139473 -0.02138365 -0.02104125 -0.02127937 -0.02142191 1000 -0.005415699 -0.005490526 -0.005022219 -0.004936914 -0.005186021 1000
247 0.8599997 -5.5 1 0 -0.02133154 -0.02132713 -0.02170873 -0.02176481 -0.02200728 1000 -0.004743381 -0.004605056 -0.004388307 -0.002687559 -0.002296305 1000
248 0.58 5.5 0.6 1 -0.01873032 -0.02000306 -0.02079066 -0.02128632 -0.01983906 1000 -0.006123943 -0.005119066 -0.005842757 -0.00651484 -0.003825305 1000
249 0.4 5.5 0.7 -1 -0.02180782 -0.02112524 -0.02134776 -0.02029081 -0.0199695 1000 -0.006696338 -0.006014458 -0.005679793 -0.005848202 -0.006146465 1000
250 0.32 4.75 0.7 -1 -0.02098556 -0.02111425 -0.02162106 -0.0219234 -0.02156708 1000 -0.006560247 -0.005342613 -0.005550484 -0.005516165 -0.005852935 1000
251 0.4 -4 0.3 0 -0.02123668 -0.02127243 -0.02136723 -0.02138136 -0.02104006 1000 -0.006800282 -0.006882233 -0.006142691 -0.006347091 -0.006601554 1000
252 0.5000001 4 0.7 0 -0.02028417 -0.02005267 -0.0199024 -0.01949682 -0.0194237 1000 -0.005485902 -0.005125852 -0.004976775 -0.004763209 -0.005182384 1000
253 0.4400001 4 0.5 1 -0.0208454 -0.02069428 -0.02037182 -0.02085745 -0.02144961 1000 -0.0054845 -0.005853684 -0.005271221 -0.00510759 -0.006016616 1000
254 0.56 5.5 0.5 1 -0.02074404 -0.02071925 -0.02028688 -0.02086436 -0.02059715 1000 -0.005814939 -0.00600878 -0.005903173 -0.005609425 -0.006006618 1000
255 0.3 5.5 0.3 0 -0.02116896 -0.02075582 -0.02071616 -0.02026724 -0.0203236 1000 -0.005439247 -0.006224461 -0.006150962 -0.006637141 -0.006639648 1000
256 0.34 5.5 0.6 0 -0.02026127 -0.02022336 -0.02019001 -0.02033558 -0.02046665 1000 -0.00649801 -0.006417905 -0.006208203 -0.005974448 -0.006307755 1000
257 0.42 -4.75 0.9 0 -0.02108038 -0.02101124 -0.02120055 -0.02120551 -0.02120943 1000 -0.006834518 -0.006724812 -0.006565979 -0.006266332 -0.006403866 1000
258 0.42 -4.75 0.6 -1 -0.02165759 -0.02120563 -0.02081492 -0.02128416 -0.02104901 1000 -0.006615263 -0.006142798 -0.006263022 -0.005682876 -0.00627044 1000
259 0.38 -4 0.8 0 -0.02183789 -0.02152184 -0.02129252 -0.0215397 -0.02142268 1000 -0.006900839 -0.00684703 -0.006487421 -0.006368468 -0.00676903 1000
260 0.3 5.5 0.6 -1 -0.02150529 -0.02149624 -0.02154555 -0.02217718 -0.02207308 1000 -0.007170881 -0.007475113 -0.006600276 -0.006612511 -0.006748396 1000
261 0.42 -4.75 0.6 0 -0.02197833 -0.02207692 -0.02122247 -0.02202354 -0.02271005 1000 -0.006415599 -0.006804487 -0.006627385 -0.00646451 -0.005954964 1000
262 0.18 4.75 0.1 0 -0.02350242 -0.02272168 -0.02217903 -0.02260734 -0.02237072 1000 -0.007066586 -0.006546361 -0.006238201 -0.00640473 -0.006816186 1000
263 0.4 -5.5 0.6 0 -0.02239506 -0.02265054 -0.02213249 -0.02192731 -0.02175332 1000 -0.007137752 -0.007609338 -0.006750895 -0.007036868 -0.007074375 1000
264 0.38 -4 0.5 -1 -0.02342172 -0.02389947 -0.02359123 -0.02376254 -0.02370668 1000 -0.006239281 -0.005880011 -0.005977077 -0.005625321 -0.006297704 1000
265 0.6599999 5.5 0.8 0 -0.0241149 -0.02378363 -0.02344942 -0.0237139 -0.02377787 1000 -0.007491095 -0.00751356 -0.006942472 -0.006951538 -0.007663832 1000
266 0.8799997 4.75 1 0 -0.02400341 -0.02404044 -0.0235781 -0.02377705 -0.02390771 1000 -0.007748936 -0.007660333 -0.007587771 -0.007154772 -0.007067659 1000
267 0.2 4.75 0.2 0 -0.0241951 -0.02393362 -0.02376502 -0.01739203 -0.01403927 1000 -0.007956451 -0.007808451 -0.0077986 -0.005339493 -0.005068762 1000
268 0.32 4 0.7 -1 -0.0156833 -0.01561558 -0.01485702 -0.01429559 -0.01424842 1000 -0.006745596 -0.007171807 -0.006732052 -0.006458725 -0.006694063 1000
269 0.52 4.75 0.7 0 -0.01510557 -0.0150576 -0.01388191 -0.01379731 -0.01389611 1000 -0.006090587 -0.006171397 -0.005694752 -0.006221054 -0.006019336 1000
270 1.04 -4.75 1 0 -0.01776821 -0.01739109 -0.01750141 -0.01741511 -0.01717261 1000 -0.007481111 -0.007853043 -0.007592679 -0.008087456 -0.007881338 1000
271 0.6199999 5.5 0.7 0 -0.01781846 -0.01785708 -0.01773844 -0.01781516 -0.01702184 1000 -0.007889855 -0.007898253 -0.007280436 -0.007306952 -0.007330042 1000
272 0.7399998 4 0.7 1 -0.01981692 -0.01943286 -0.01899554 -0.01900029 -0.01822823 1000 -0.007065986 -0.006622514 -0.006906303 -0.006892271 -0.007614037 1000
273 0.58 -4 0.6 -1 -0.01890244 -0.01879292 -0.01866145 -0.01926954 -0.01908388 1000 -0.00757143 -0.007594613 -0.007002461 -0.007375382 -0.007836586 1000
