trial Response_Time velH Occlusion_Duration velH_Subject xRotations_first0 xRotations_first1 xRotations_first2 xRotations_first3 xRotations_first4 xRotations_first5 yRotations_first0 yRotations_first1 yRotations_first2 yRotations_first3 yRotations_first4 yRotations_first5
1 0.7799998 -5.5 0.7 0 -0.01885172 -0.02718255 -0.02724901 -0.03143637 -0.03495315 1000 -0.005790845 -0.00365567 -0.000571711 0.001194492 0.0002011628 1000
2 0.7999998 -5.5 0.9 0 0.005804267 0.007540575 0.008648113 0.008334681 0.007977142 1000 -0.00478679 -0.004282653 -0.003827712 -0.00537021 -0.005610818 1000
3 0.6599999 -4 0.6 1 -0.00864424 -0.006289253 -0.008381763 -0.008207466 -0.00423454 1000 0.05301423 0.1095737 0.1077686 0.08115697 0.02788177 1000
4 0.18 -4 0.4 0 -0.007191135 -0.00814989 -0.00894892 -0.009560282 -0.01003072 1000 -0.009930938 -0.01082709 -0.0131116 -0.01330743 -0.01264608 1000
5 0.6 -4 0.5 0 -0.009419024 -0.01002217 -0.01007664 -0.009581766 -0.009008717 1000 -0.0085464 -0.008094395 -0.007248393 -0.006313578 -0.006222533 1000
6 0.8999997 -4.75 1 0 -0.008966979 -0.009000258 -0.00906124 -0.008627587 -0.00818996 1000 -0.005864129 -0.005769158 -0.005745872 -0.005689247 -0.005426077 1000
7 0.8799997 5.5 1 0 -0.006562547 -0.006308294 -0.005786473 -0.00530589 -0.006950622 1000 -0.0233382 -0.02517006 -0.02403006 -0.02253819 -0.01741675 1000
8 0.6999999 4.75 0.8 0 -0.01191347 -0.01110081 -0.01066965 -0.01097182 -0.01106508 1000 0.01983354 0.01384548 0.01284463 0.01444423 0.01385406 1000
9 0.34 4 0.5 -1 -0.01244407 -0.01212498 -0.01172928 -0.01254966 -0.0131764 1000 0.01029992 0.009147138 0.009796249 0.01100874 0.01053482 1000
10 0.32 4.75 0.4 0 -0.01365311 -0.01391518 -0.01362566 -0.01328986 -0.01394347 1000 0.01045678 0.009990147 0.01001704 0.01044176 0.009913556 1000
11 0.8399997 4 0.7 -1 -0.01441024 -0.01404404 -0.01357508 -0.01369982 -0.01441926 1000 0.007938026 0.007887322 0.008189749 0.009225901 0.008881557 1000
12 0.7199998 4.75 0.6 1 -0.01528521 -0.01524383 -0.01515167 -0.01463147 -0.01371218 1000 0.007607833 0.008556893 0.008419314 0.00845148 0.008710083 1000
13 0.7999998 4.75 0.6 0 -0.01594997 -0.01623224 -0.01628792 -0.01593829 -0.01587076 1000 0.008310549 0.007941745 0.00787489 0.008357546 0.008072201 1000
14 0.4400001 -4 0.6 -1 -0.01530677 -0.01461859 -0.01505964 -0.01539863 -0.01557667 1000 0.00639078 0.006084584 0.006287441 0.006017025 0.006457174 1000
15 0.4800001 -4.75 0.4 0 -0.01635542 -0.01687192 -0.01750758 -0.01713329 -0.01664221 1000 0.006989092 0.007339323 0.006805859 0.006840029 0.007200396 1000
16 0.8399997 4 0.7 1 -0.01632031 -0.01658551 -0.01694269 -0.01705517 -0.01667005 1000 0.006629716 0.006725355 0.007327577 0.007552695 0.007430234 1000
17 0.5000001 -4.75 0.5 0 -0.01721581 -0.01812448 -0.01784268 -0.01730585 -0.01706078 1000 0.006620646 0.005902741 0.005661285 0.006183412 0.006128061 1000
18 0.8799997 4.75 0.8 0 -0.01782546 -0.0177558 -0.0180043 -0.01745794 -0.01771287 1000 0.006584498 0.006676612 0.006381276 0.006833092 0.006640334 1000
19 0.4600001 5.5 0.5 1 -0.01790876 -0.01797502 -0.01824403 -0.01800567 -0.01794349 1000 0.005810151 0.005677366 0.005276854 0.005002558 0.005269921 1000
20 0.16 -5.5 0.1 0 -0.01908215 -0.01868699 -0.01893835 -0.01950875 -0.01912767 1000 0.005170134 0.005192328 0.005527647 0.00532486 0.005207246 1000
21 0.06 -5.5 0.2 0 -0.01780265 -0.01805683 -0.01752068 -0.01711269 -0.01739852 1000 0.005135273 0.004970027 0.00520141 0.005552964 0.004646937 1000
22 0.4400001 -5.5 0.6 1 -0.01901799 -0.01923379 -0.01906823 -0.01865536 -0.0189094 1000 0.005710249 0.005777283 0.005887105 0.006184336 0.00617461 1000
23 0.36 -4.75 0.3 0 -0.01805565 -0.01832803 -0.01850355 -0.0177724 -0.01826023 1000 0.006868518 0.006920296 0.006636963 0.006841142 0.006605795 1000
24 0.4800001 4.75 0.5 0 -0.01836419 -0.01814584 -0.01769574 -0.0179578 -0.01814247 1000 0.006992702 0.006870146 0.007069495 0.007131969 0.006466335 1000
25 0.8799997 5.5 0.6 0 -0.01800357 -0.01871524 -0.01871319 -0.01844962 -0.01867212 1000 0.006589251 0.005752842 0.005725084 0.006197627 0.006101064 1000
26 0.54 -4 0.4 0 -0.01919957 -0.01962268 -0.01906037 -0.01852191 -0.01846121 1000 0.006006449 0.005507867 0.005921526 0.006330087 0.006288765 1000
27 0.8599997 5.5 1 0 -0.01973009 -0.01961168 -0.01946652 -0.01868196 -0.01850265 1000 0.007037793 0.006662424 0.006700637 0.006993414 0.006885913 1000
28 0.34 -5.5 0.4 0 -0.0195063 -0.01905144 -0.01889795 -0.01876036 -0.01765827 1000 0.005925681 0.006586256 0.006182386 0.0067141 0.006805101 1000
29 0.6999999 5.5 0.9 0 -0.01964873 -0.01968271 -0.01937481 -0.01819757 -0.01850085 1000 0.00724722 0.006755641 0.007002791 0.008185401 0.007141071 1000
30 0.6 -4 0.7 0 -0.01994627 -0.01958921 -0.01939582 -0.01924055 -0.01868888 1000 0.005795279 0.006260532 0.005996644 0.005747966 0.00563265 1000
31 0.7599998 -5.5 0.9 0 -0.01953256 -0.01883784 -0.01921591 -0.01935577 -0.01881839 1000 0.007566769 0.00825577 0.008433449 0.007967941 0.008221959 1000
32 0.6 4.75 0.5 1 -0.01674717 -0.01596889 -0.01475256 -0.01499385 -0.01583635 1000 -0.01155688 7.425414E-05 0.004007509 0.001450847 7.196391E-05 1000
33 0.32 5.5 0.4 0 -0.01647702 -0.01657575 -0.01608278 -0.0160398 -0.01618691 1000 -3.840543E-06 -0.0001793651 0.0004190397 1.26619E-05 -0.0001327418 1000
34 0.56 4.75 0.6 0 -0.01628864 -0.01621071 -0.01604086 -0.01583351 -0.01542155 1000 -0.0004664088 8.092223E-05 0.0002977652 0.0005506995 0.0005984326 1000
35 0.42 -5.5 0.8 0 -0.01653372 -0.0161308 -0.01648854 -0.01655942 -0.01622669 1000 5.694689E-05 0.0002944726 0.0002777693 -0.0002968309 0.0002759551 1000
36 0.36 -4.75 0.5 -1 -0.01682471 -0.01744531 -0.017341 -0.01742619 -0.01718114 1000 0.0003390398 -0.0003234984 2.770273E-05 0.000376532 0.000114248 1000
37 0.56 5.5 0.5 -1 -0.01868889 -0.01871994 -0.02074661 -0.02412067 -0.02245853 1000 -0.001256906 -0.0004402463 0.0017986 0.003631549 0.003563652 1000
38 0.56 4 0.6 0 -0.02088545 -0.02034143 -0.02086835 -0.02105813 -0.02047873 1000 0.003313253 0.003398262 0.003021857 0.00233826 0.002840309 1000
39 0.58 5.5 0.6 -1 -0.02069733 -0.01995715 -0.01992531 -0.01988191 -0.0194202 1000 0.001858269 0.00243506 0.002409262 0.002364564 0.002781278 1000
40 0.42 -4.75 0.6 0 -0.02087377 -0.02008887 -0.02050621 -0.02061449 -0.02019306 1000 0.003121414 0.002841745 0.003036447 0.00177595 0.002279506 1000
41 0.8799997 5.5 0.8 0 -0.01986155 -0.02033716 -0.02012321 -0.01997584 -0.02038037 1000 0.00314237 0.002092773 0.003143279 0.004177749 0.00405594 1000
42 0.08 -4.75 0.1 0 -0.02105397 -0.02160435 -0.02151874 -0.02157337 -0.02134004 1000 0.002791117 0.001787984 0.002391377 0.002382994 0.002083155 1000
43 0.42 4.75 0.6 0 -0.02121242 -0.02079538 -0.02045532 -0.02013444 -0.02007786 1000 0.001287751 0.001469519 0.002039945 0.003031653 0.00327463 1000
44 0.16 4.75 0.2 0 -0.02198735 -0.02160492 -0.0211318 -0.02097269 -0.02067015 1000 0.001852136 0.001516482 0.002506788 0.001890246 0.001653022 1000
45 0.4600001 -4 0.4 0 -0.02029328 -0.02039401 -0.02063516 -0.02061448 -0.02057831 1000 0.001615793 0.001212207 0.001291831 0.001525359 0.001443059 1000
46 0.16 -4 0.1 0 -0.02161357 -0.02148529 -0.02140932 -0.02115883 -0.02088713 1000 0.001764075 0.00210745 0.002079018 0.00196541 0.002235466 1000
47 0.5000001 -4.75 0.6 -1 -0.02101314 -0.02049436 -0.02020659 -0.02009339 -0.01988225 1000 0.001648145 0.002078322 0.002203381 0.002077536 0.001972918 1000
48 0.5000001 4.75 0.6 -1 -0.02190683 -0.02184055 -0.02132097 -0.02147181 -0.02163439 1000 0.001462115 0.001720893 0.00220894 0.002658743 0.002409499 1000
49 0.7199998 -4.75 0.7 0 -0.02199263 -0.02252065 -0.02289746 -0.02253979 -0.02215178 1000 0.001756083 0.001401497 0.001132142 0.001375094 0.001162788 1000
50 1.1 5.5 0.6 -1 0.003904227 0.01043872 0.009629415 0.009085609 0.005268392 1000 -0.002139818 -0.002941178 -0.00870375 -0.007039873 0.002886712 1000
51 0.6199999 5.5 0.4 0 -0.00581577 -0.005575225 -0.005862204 -0.006113894 -0.005820609 1000 0.003456117 0.002281929 0.002201639 0.002538978 0.00271362 1000
52 0.8599997 -5.5 0.5 -1 -0.008852202 -0.00860003 -0.008683671 -0.008579903 -0.008401935 1000 -0.002229613 -0.002008237 -0.001958345 -0.002449523 -0.003331297 1000
53 0.38 4.75 0.2 0 -0.01346934 -0.01352114 -0.01389578 -0.01380991 -0.01313307 1000 -0.01119316 -0.01110428 -0.01086643 -0.01068553 -0.009995608 1000
54 0.54 5.5 0.6 0 -0.01295025 -0.01363702 -0.01321397 -0.01211906 -0.01232824 1000 -0.01044236 -0.01125154 -0.01171415 -0.01102716 -0.01039239 1000
55 0.08 -4 0.1 0 -0.01462953 -0.0149326 -0.0147747 -0.01443564 -0.01452592 1000 -0.01074005 -0.01071896 -0.01063871 -0.01031748 -0.01031716 1000
56 0.6999999 -4.75 0.7 -1 -0.01538063 -0.01492132 -0.01491782 -0.01514988 -0.01486987 1000 -0.0106586 -0.0107616 -0.01088427 -0.0111144 -0.01099431 1000
57 0.42 4 0.4 0 -0.01585419 -0.0162737 -0.01638571 -0.01556542 -0.01530931 1000 -0.01061996 -0.01077229 -0.01044032 -0.008675731 -0.008416017 1000
58 0.7399998 4 0.6 -1 -0.0173519 -0.01695496 -0.01654758 -0.01648801 -0.01696942 1000 -0.00941995 -0.00966185 -0.009474242 -0.008942398 -0.008859074 1000
59 0.6999999 4.75 0.5 1 -0.01327162 -0.01396137 -0.01357178 -0.01449348 -0.01456996 1000 -0.009583839 -0.01095475 -0.01089817 -0.009295365 -0.008355988 1000
60 0.7999998 -5.5 0.3 0 -0.01174738 -0.01221361 -0.01239205 -0.01264255 -0.01296112 1000 -0.01240213 -0.01306025 -0.01400105 -0.01565995 -0.01669006 1000
61 1.239999 5.5 0.7 1 -0.001259979 -0.002253821 -0.002081 -0.00547055 -0.006425781 1000 -0.01450845 -0.01377493 -0.01577794 -0.01077772 -0.008284054 1000
62 1.08 -4 1 0 -0.004645575 -0.005920715 -0.008550628 -0.01001105 -0.007352389 1000 -0.01385377 -0.01373475 -0.01513093 -0.02032069 -0.02168465 1000
63 0.08 5.5 0.1 0 -0.008784781 -0.009012125 -0.008871234 -0.008267408 -0.007920505 1000 -0.01950785 -0.02029013 -0.02048055 -0.02000001 -0.02006892 1000
64 0.52 -5.5 0.7 0 -0.009957411 -0.01029594 -0.01056069 -0.009797404 -0.009813596 1000 -0.02404819 -0.02382874 -0.02443537 -0.02466836 -0.0241279 1000
65 0.8399997 -4.75 0.5 0 -0.008071684 -0.001918238 0.0004810355 -0.0002981214 -0.00112667 1000 -0.021521 -0.01629325 -0.01388617 -0.01413087 -0.01418742 1000
66 0.8399997 -4 0.5 0 0.003004075 -0.01031045 -0.008374725 -0.005724248 -0.006439755 1000 -0.01600563 -0.01862685 -0.01920543 -0.01740734 -0.01867485 1000
67 0.12 5.5 0.1 0 -0.005890148 -0.005184836 -0.006130626 -0.005445106 -0.005940325 1000 -0.01753971 -0.0170888 -0.01655629 -0.01605056 -0.01728786 1000
68 0.54 -4 0.5 0 -0.002411079 -0.003301834 -0.004041736 -0.003847235 -0.003283373 1000 -0.01860001 -0.01854378 -0.0190122 -0.01834824 -0.01811424 1000
69 0.7999998 -5.5 0.6 1 -0.003340057 -0.003485301 -0.003162249 -0.003817433 -0.003867273 1000 -0.01575807 -0.01593725 -0.01549293 -0.01560652 -0.01617644 1000
70 0.6399999 -4 0.6 0 -0.004439915 -0.004826125 -0.005352475 -0.005463579 -0.005926441 1000 -0.01342736 -0.01332875 -0.01357329 -0.01377294 -0.01384147 1000
71 0.56 -5.5 0.5 0 -0.005201001 -0.005544092 -0.005542615 -0.005397632 -0.004949161 1000 -0.01289533 -0.01288361 -0.01232519 -0.01190297 -0.01199754 1000
72 0.6799999 5.5 0.6 0 -0.00480123 -0.004274062 -0.002072743 0.0002445537 0.0005258758 1000 -0.01020731 -0.009991884 -0.008850446 -0.008171517 -0.009709354 1000
73 0.4400001 -4 0.5 -1 -0.002448973 -0.002078134 -0.001369474 -0.001899667 -0.001554799 1000 -0.008436685 -0.00922044 -0.009018004 -0.008687736 -0.008447688 1000
74 0.9799996 -4.75 0.5 1 -0.003121323 -0.002712513 -0.003113619 -0.002580111 -0.002805981 1000 -0.008945717 -0.008982142 -0.008751095 -0.009431199 -0.009865506 1000
75 0.8199998 4.75 0.5 -1 -0.003098353 -0.003246838 -0.002835531 -0.003014935 -0.002490453 1000 -0.009441341 -0.009978439 -0.0098813 -0.009530767 -0.009356317 1000
76 1.14 4 0.9 0 -0.002796534 -0.003012998 -0.003376732 -0.003887718 -0.003925544 1000 -0.01160643 -0.0115035 -0.01137082 -0.01094999 -0.01031275 1000
77 0.8799997 4 0.8 0 -0.002442503 -0.002673033 -0.002386011 -0.002769272 -0.00310097 1000 -0.01132345 -0.01145548 -0.0114034 -0.01157013 -0.01210593 1000
78 0.8599997 -4 0.7 1 -0.00433376 -0.004215745 -0.004403005 -0.005134936 -0.00463926 1000 -0.01178481 -0.01175783 -0.01178021 -0.01243865 -0.01243246 1000
79 0.7799998 -4 0.7 1 -0.004448865 -0.003835428 -0.003595786 -0.004466274 -0.00445681 1000 -0.01087188 -0.01112725 -0.01057527 -0.01044594 -0.01109477 1000
80 1.159999 -4 0.5 1 -0.005547405 -0.005713112 -0.005932129 -0.00570039 -0.005112329 1000 -0.01200182 -0.0116451 -0.0119462 -0.01207615 -0.01208023 1000
81 0.12 -4 0.1 0 -0.006898982 -0.006348727 -0.005955307 -0.005757923 -0.006389974 1000 -0.01184454 -0.0118283 -0.01167055 -0.01137923 -0.01132344 1000
82 0.52 4.75 0.6 0 -0.007080087 -0.007068514 -0.006643209 -0.006382213 -0.005756646 1000 -0.01296764 -0.01273353 -0.01180826 -0.01128255 -0.0117692 1000
83 1.08 -4.75 0.8 0 -0.006236308 -0.006235868 -0.005769346 -0.006055269 -0.006218096 1000 -0.01281661 -0.01331319 -0.01311786 -0.01326416 -0.01330011 1000
84 0.8199998 -5.5 0.7 -1 -0.005919067 -0.006487485 -0.007011492 -0.006944115 -0.006762349 1000 -0.01167043 -0.01144326 -0.01166515 -0.0117803 -0.01163959 1000
85 0.2 4.75 0.2 0 -0.006497945 -0.006945788 -0.006807019 -0.006863201 -0.007046067 1000 -0.01230319 -0.01250613 -0.01225407 -0.01175753 -0.01177091 1000
86 0.4600001 -4 0.5 -1 -0.006543859 -0.007030817 -0.006916043 -0.006103707 -0.006136121 1000 -0.01268072 -0.01310174 -0.01336779 -0.01346716 -0.01361229 1000
87 0.36 -5.5 0.3 0 -0.007822818 -0.007567866 -0.007298108 -0.007491124 -0.007531149 1000 -0.01343964 -0.01344905 -0.0124969 -0.01257873 -0.01221981 1000
88 0.58 -5.5 0.5 -1 -0.006957122 -0.007045041 -0.007566811 -0.007416407 -0.007060173 1000 -0.01314511 -0.01291126 -0.01326837 -0.0137735 -0.01330896 1000
89 0.6 -5.5 0.5 -1 -0.007638022 -0.007670941 -0.007589943 -0.007695268 -0.006702573 1000 -0.01273662 -0.01215947 -0.0119852 -0.01210831 -0.01222788 1000
90 0.4400001 5.5 0.4 0 -0.007005291 -0.006567426 -0.006654089 -0.007011271 -0.006618251 1000 -0.01233877 -0.01206127 -0.01159738 -0.01190496 -0.01200835 1000
91 0.8199998 4.75 0.7 -1 -0.00613489 -0.006682045 -0.006870165 -0.006696926 -0.006454476 1000 -0.01283136 -0.01282898 -0.01292697 -0.01259298 -0.01234637 1000
92 1.179999 -4.75 0.6 1 -0.007221577 -0.007146754 -0.007069329 -0.007676232 -0.007623052 1000 -0.01295101 -0.01303036 -0.0128567 -0.01301598 -0.01380126 1000
93 0.04 -4.75 0.1 0 -0.007108219 -0.007575923 -0.006931428 -0.006616379 -0.006949143 1000 -0.01341695 -0.01347754 -0.01312192 -0.01298161 -0.01291113 1000
94 0.36 5.5 0.4 0 -0.007218111 -0.006852322 -0.006353914 -0.007067851 -0.007343214 1000 -0.01349705 -0.0133985 -0.01347834 -0.0138295 -0.01439237 1000
95 0.9199997 -4.75 0.7 1 -0.006735682 -0.006412557 -0.00687271 -0.006926213 -0.006382234 1000 -0.0140387 -0.01404053 -0.01398014 -0.01475762 -0.01440408 1000
96 0.22 4.75 0.2 0 -0.007735091 -0.007590375 -0.007385855 -0.007371936 -0.00758718 1000 -0.01426591 -0.01444285 -0.01379536 -0.01386708 -0.01370921 1000
97 0.6599999 -5.5 0.5 0 -0.006591302 -0.006519997 -0.006395063 -0.005962774 -0.006172223 1000 -0.01444935 -0.01463699 -0.01463008 -0.0148325 -0.01483695 1000
98 0.4400001 -4 0.5 -1 -0.006332323 -0.006724972 -0.007082522 -0.007444446 -0.007239155 1000 -0.0142029 -0.01459747 -0.01437487 -0.01464256 -0.01437907 1000
99 0.8799997 4.75 0.7 -1 -0.006578601 -0.006411143 -0.006379748 -0.006167116 -0.005870568 1000 -0.01400262 -0.01374868 -0.01350457 -0.01352165 -0.01355093 1000
100 0.2 5.5 0.3 0 -0.02286481 -0.01638571 -0.005486146 -0.001315742 4.126826E-06 1000 0.003173264 -9.004141E-05 -0.001076247 0.001047345 0.001797672 1000
101 0.34 -4 0.4 0 -0.004443508 -0.004124513 -0.00408545 -0.004085252 -0.00408715 1000 -0.003819062 -0.002381256 -0.002283139 -0.002566992 -0.001937689 1000
102 0.7399998 4 0.8 0 -0.007777966 -0.007930988 -0.008280608 -0.008400575 -0.007940435 1000 3.400195E-05 9.537738E-05 0.001011905 0.0006554875 0.0004891095 1000
103 0.4800001 4.75 0.6 0 -0.00835161 -0.00858904 -0.008590337 -0.00842335 -0.008342493 1000 -0.0006172701 -0.0007485363 -0.0004099438 -0.000467607 -0.0005365739 1000
104 1.02 -5.5 1 0 -0.008644721 -0.00820215 -0.008637418 -0.008662564 -0.008265317 1000 -0.00187219 -0.001516927 -0.001522387 -0.001669954 -0.001819906 1000
105 0.8999997 4.75 0.7 -1 -0.007584456 -0.006808181 -0.006824862 -0.00685684 -0.00671773 1000 -0.009885671 -0.009009694 -0.01096313 -0.01080067 -0.01058381 1000
106 0.4 4.75 0.3 0 -0.008608111 -0.009095918 -0.009031835 -0.009051414 -0.00910243 1000 -0.01203319 -0.01230871 -0.01201236 -0.01188473 -0.01245512 1000
107 0.9399996 -5.5 0.9 0 -0.01021725 -0.009914704 -0.00948156 -0.009319735 -0.009276945 1000 -0.01220235 -0.01196497 -0.01174597 -0.0120149 -0.01194343 1000
108 0.18 4 0.2 0 -0.005584613 -0.005880699 -0.007006486 -0.007293207 -0.006215835 1000 -0.01245231 -0.009869854 -0.01129694 -0.01154598 -0.01225219 1000
109 0.08 4 0.1 0 -0.006586431 -0.006307416 -0.006319487 -0.006543939 -0.006097101 1000 -0.01472017 -0.01385554 -0.01358443 -0.01412033 -0.01481452 1000
110 1.02 -4.75 0.9 0 -0.006303412 -0.005888262 -0.006912384 -0.006573158 -0.00627296 1000 -0.01576789 -0.01531738 -0.01591145 -0.01563134 -0.01479257 1000
111 0.7999998 -4 0.7 0 -0.007521688 -0.007071288 -0.008195391 -0.008836132 -0.007982427 1000 -0.0134604 -0.01279331 -0.01297978 -0.01353123 -0.01344074 1000
112 1.439999 -5.5 1 0 -0.008327357 -0.008325345 -0.008405913 -0.007516386 -0.007662881 1000 -0.01216594 -0.01192433 -0.01201074 -0.01186692 -0.01228106 1000
113 0.9199997 -4.75 0.6 -1 -0.00689017 -0.007552956 -0.008202286 -0.008314776 -0.007174354 1000 -0.01059826 -0.01140022 -0.01018902 -0.01012652 -0.009797205 1000
114 1.08 5.5 0.7 1 -0.009253433 -0.008930436 -0.009004154 -0.009377713 -0.009768251 1000 -0.01158738 -0.01138166 -0.0112419 -0.01163881 -0.01186157 1000
115 0.8599997 -4 0.6 1 -0.01084988 -0.01038141 -0.01054634 -0.01057607 -0.01028024 1000 -0.01269254 -0.01184677 -0.01165378 -0.01202409 -0.012787 1000
116 0.5000001 -4.75 0.5 -1 -0.009598346 -0.01012532 -0.01026685 -0.01014201 -0.01033188 1000 -0.01267538 -0.01275201 -0.01248351 -0.01227692 -0.01214518 1000
117 0.8399997 4.75 0.5 -1 -0.009950735 -0.009870161 -0.009844987 -0.009700728 -0.008924225 1000 -0.01103219 -0.01070098 -0.01012653 -0.009936152 -0.009810407 1000
118 0.16 -4 0.2 0 -0.01031403 -0.009518411 -0.009303595 -0.009882809 -0.009564681 1000 -0.01105013 -0.0108296 -0.01076114 -0.01090742 -0.01091046 1000
119 0.02 4 0.1 0 -0.009329402 -0.009616232 -0.009556223 -0.009583294 -0.009792817 1000 -0.01018384 -0.01045023 -0.01019434 -0.01031855 -0.0105241 1000
120 0.26 -4.75 0.2 0 -0.007513012 -0.007706528 -0.008071376 -0.008899421 -0.00907948 1000 -0.01057363 -0.01067109 -0.01049619 -0.01100891 -0.01131017 1000
121 0.6599999 -5.5 0.6 0 -0.007835724 -0.007508909 -0.006455491 -0.006644847 -0.007592325 1000 -0.009343667 -0.009523478 -0.009469875 -0.009678901 -0.01038318 1000
122 1.399999 -5.5 0.6 1 -0.006858564 -0.006678145 -0.006899304 -0.007125645 -0.006769652 1000 -0.01006701 -0.009872823 -0.009391315 -0.009793529 -0.01026178 1000
123 1.239999 4 0.8 0 -0.007901825 -0.008578571 -0.009606326 -0.009121064 -0.008555886 1000 -0.01066396 -0.01052883 -0.01085539 -0.01047974 -0.01077791 1000
124 1.779999 -4.75 0.5 1 -0.009003985 -0.009211175 -0.009139697 -0.008569627 -0.00810357 1000 -0.01111487 -0.01087658 -0.0112665 -0.01118362 -0.01126469 1000
125 1.479999 5.5 0.5 1 -0.009209961 -0.00931103 -0.008550065 -0.008193188 -0.008939831 1000 -0.01116947 -0.01157907 -0.0116959 -0.01120037 -0.01165674 1000
126 1.599999 -4 1 0 -0.008618678 -0.008587059 -0.00895124 -0.008319132 -0.008076714 1000 -0.01177583 -0.01176786 -0.01170476 -0.01212927 -0.01231738 1000
127 1.159999 -4 0.8 0 -0.00661431 -0.007429339 -0.007545047 -0.006374687 -0.006842875 1000 -0.01121006 -0.01133489 -0.01128084 -0.01115442 -0.01132557 1000
128 1.419999 -4 0.9 0 -0.007157575 -0.006897529 -0.006935375 -0.007465981 -0.007094532 1000 -0.0113003 -0.0112093 -0.01101957 -0.01146876 -0.01153574 1000
129 1.559999 5.5 0.7 -1 -0.006963669 -0.006996455 -0.006881237 -0.006338525 -0.00561604 1000 -0.01098671 -0.0107793 -0.01042919 -0.009945536 -0.01000364 1000
130 0.16 4.75 0.1 0 -0.006677833 -0.006584789 -0.006978037 -0.006775639 -0.006451158 1000 -0.00956724 -0.009565725 -0.009456651 -0.009534574 -0.009662029 1000
131 1.06 -4.75 0.9 0 -0.006731207 -0.006223876 -0.006671498 -0.006397225 -0.005903949 1000 -0.01180295 -0.0112258 -0.01159347 -0.01188958 -0.01191398 1000
132 0.42 5.5 0.3 0 -0.006590954 -0.006837803 -0.00689419 -0.006872048 -0.006270574 1000 -0.01086461 -0.01072107 -0.01033492 -0.01028852 -0.01039545 1000
133 0.38 -5.5 0.2 0 -0.006392524 -0.00632488 -0.006609731 -0.006387605 -0.007035432 1000 -0.01136199 -0.01169089 -0.01174831 -0.01151833 -0.01166848 1000
134 0.4600001 4.75 0.4 0 -0.006062055 -0.005858985 -0.005688345 -0.006276633 -0.006289926 1000 -0.0101821 -0.01053717 -0.01015865 -0.01029648 -0.01061911 1000
135 0.9399996 -4.75 1 0 -0.005446227 -0.006378638 -0.006520612 -0.005989233 -0.005957747 1000 -0.01042713 -0.01073562 -0.01088599 -0.01147587 -0.01179842 1000
136 0.9999996 -5.5 0.7 -1 -0.006839419 -0.007062988 -0.006585641 -0.00656204 -0.006832176 1000 -0.01152124 -0.01178387 -0.01153019 -0.0113657 -0.01152167 1000
137 1.1 4.75 0.9 0 -0.006578632 -0.006371584 -0.006356884 -0.005913084 -0.004853975 1000 -0.0118153 -0.01148282 -0.01086601 -0.01064927 -0.01105874 1000
138 1.279999 -5.5 0.6 1 -0.006491499 -0.006856142 -0.00686548 -0.006254875 -0.00662549 1000 -0.01204113 -0.01206451 -0.01216963 -0.01287654 -0.01407211 1000
139 0.7399998 4 0.5 0 -0.006530417 -0.006243794 -0.005834788 -0.005943174 -0.005780716 1000 -0.01230113 -0.01254388 -0.01183132 -0.01181952 -0.01222984 1000
140 0.4400001 4 0.4 0 -0.004634396 -0.005468776 -0.0059799 -0.005459701 -0.005228078 1000 -0.01232911 -0.01197831 -0.01262722 -0.01241314 -0.0125086 1000
141 1.04 -4 0.6 1 -0.00495112 -0.006100258 -0.006018573 -0.004836276 -0.004548314 1000 -0.01244232 -0.01290067 -0.01295304 -0.01298796 -0.01392291 1000
142 0.9199997 4 0.6 0 -0.005105832 -0.006066408 -0.005735425 -0.004744059 -0.004839079 1000 -0.01298878 -0.01293744 -0.01250745 -0.01205112 -0.01231129 1000
143 1.339999 -5.5 0.6 1 -0.004019257 -0.004821802 -0.005462494 -0.005436813 -0.004964135 1000 -0.01411336 -0.0139072 -0.01440016 -0.01442524 -0.01467533 1000
144 0.4600001 4 0.3 0 -0.005642323 -0.005273924 -0.004947688 -0.00578483 -0.005668264 1000 -0.01493868 -0.01443204 -0.01403089 -0.01465592 -0.01481445 1000
145 0.22 -5.5 0.1 0 -0.004789884 -0.005907888 -0.006211656 -0.005811981 -0.006040899 1000 -0.01397893 -0.01516548 -0.01517574 -0.01517362 -0.01530554 1000
146 0.56 -4.75 0.5 -1 -0.00452958 -0.004924933 -0.005788232 -0.005505163 -0.005246925 1000 -0.01526947 -0.01542564 -0.01587263 -0.01541451 -0.01544634 1000
147 0.9799996 -4.75 0.9 0 -0.005212962 -0.00512808 -0.005127501 -0.005146983 -0.004780567 1000 -0.01460196 -0.01415911 -0.01404552 -0.01476515 -0.01564282 1000
148 0.9999996 -5.5 0.7 1 -0.00498662 -0.004385905 -0.004476449 -0.004752186 -0.004044794 1000 -0.01444239 -0.01426783 -0.01400018 -0.0141329 -0.01494436 1000
149 0.34 5.5 0.2 0 -0.00556682 -0.005827195 -0.00631905 -0.006107817 -0.005632284 1000 -0.01420892 -0.01437676 -0.01471748 -0.01447694 -0.01415443 1000
150 0.2 4 0.2 0 -0.01090915 -0.009466521 -0.01192925 -0.01256911 -0.01223127 1000 -0.005189111 -0.003419369 -0.003191281 -0.002714539 -0.004090821 1000
151 0.32 4 0.3 0 -0.01080581 -0.01137994 -0.0115979 -0.01153765 -0.01294148 1000 -0.004468921 -0.004996696 -0.005400242 -0.00504055 -0.004914828 1000
152 0.9199997 4.75 1 0 -0.01420461 -0.01407332 -0.01377277 -0.014433 -0.01461824 1000 -0.00435343 -0.004225121 -0.004081289 -0.004238258 -0.004476788 1000
153 0.36 -5.5 0.3 0 -0.01520695 -0.01479155 -0.01521206 -0.01527728 -0.01483302 1000 -0.005128468 -0.005315951 -0.004977502 -0.005074631 -0.004916952 1000
154 0.8799997 4 0.7 0 -0.01296596 -0.01375245 -0.01433201 -0.01364595 -0.0122744 1000 -0.00380869 -0.003460512 -0.003611611 -0.003831427 -0.004221447 1000
155 1.639999 -5.5 0.7 1 -0.01354409 -0.01355982 -0.01449587 -0.01486635 -0.01439139 1000 -0.004974643 -0.004801355 -0.004911144 -0.005641228 -0.005704347 1000
156 0.4800001 -4.75 0.3 0 -0.01481979 -0.01502391 -0.01572655 -0.01565562 -0.01554231 1000 -0.007159506 -0.007047755 -0.00750981 -0.007383423 -0.007146505 1000
157 0.7199998 4.75 0.6 0 -0.01487748 -0.01478054 -0.01499746 -0.01535906 -0.01525376 1000 -0.007415364 -0.007367431 -0.007008483 -0.006963131 -0.007166529 1000
158 1.519999 -5.5 0.7 1 -0.01514325 -0.01496314 -0.01556281 -0.01539906 -0.01500175 1000 -0.007561468 -0.007329733 -0.007576728 -0.007951421 -0.007906393 1000
159 1.879999 -5.5 0.7 1 -0.01607193 -0.01535883 -0.01543132 -0.01574724 -0.01530552 1000 -0.008433072 -0.008347278 -0.008243854 -0.008695768 -0.008713619 1000
160 1.659999 4.75 0.9 0 -0.01422923 -0.01407522 -0.01454857 -0.01480055 -0.0144094 1000 -0.00944669 -0.009186432 -0.008742009 -0.007679007 -0.007622115 1000
161 1.319999 5.5 0.7 1 -0.01333791 -0.01311253 -0.01299829 -0.01353611 -0.0147913 1000 -0.009353814 -0.01063851 -0.01113092 -0.0102248 -0.01021187 1000
162 0.6199999 4 0.8 0 -0.01424084 -0.01410794 -0.01337208 -0.01365481 -0.01376293 1000 -0.01285111 -0.0135057 -0.01326044 -0.01274317 -0.01276479 1000
163 0.42 -4.75 0.3 0 -0.01546966 -0.01582478 -0.01586375 -0.0158214 -0.01580988 1000 -0.01335363 -0.01394128 -0.01424414 -0.01403984 -0.01399643 1000
164 0.2 4.75 0.2 0 -0.01476654 -0.01456817 -0.01485766 -0.01463806 -0.01416959 1000 -0.01315302 -0.01314155 -0.01309432 -0.01310895 -0.01279827 1000
165 0.9999996 5.5 0.7 -1 -0.01493733 -0.01523088 -0.0154109 -0.01525128 -0.01505548 1000 -0.01336701 -0.01338444 -0.01308952 -0.01259202 -0.01274305 1000
166 0.6599999 -5.5 0.5 0 -0.01390859 -0.01455916 -0.01486246 -0.01420425 -0.01404551 1000 -0.01284461 -0.01312563 -0.01336943 -0.01321769 -0.01357203 1000
167 0.4400001 5.5 0.5 -1 -0.01505466 -0.01516997 -0.0150161 -0.01409998 -0.01337016 1000 -0.01257525 -0.01200975 -0.01191005 -0.01175762 -0.0117129 1000
168 0.12 4.75 0.1 0 -0.0143428 -0.01436253 -0.0145488 -0.01392669 -0.01354983 1000 -0.01237567 -0.01224049 -0.01237557 -0.01262471 -0.01267822 1000
169 0.8799997 4.75 0.8 0 -0.01370547 -0.01373586 -0.01383561 -0.01358596 -0.0134572 1000 -0.01442548 -0.01430189 -0.0136095 -0.01281162 -0.01371654 1000
170 0.08 5.5 0.1 0 -0.01409661 -0.01461178 -0.01448993 -0.01455023 -0.0146255 1000 -0.01429451 -0.01474064 -0.01461808 -0.01457236 -0.01486956 1000
171 0.52 -4.75 0.5 0 -0.01476421 -0.01420357 -0.01496338 -0.01513065 -0.0149354 1000 -0.01516203 -0.01529343 -0.01519115 -0.01539482 -0.0149874 1000
172 0.7599998 4.75 0.5 1 -0.0148571 -0.01522692 -0.01502906 -0.01524303 -0.01509637 1000 -0.01464633 -0.0148464 -0.01429541 -0.01450364 -0.01500583 1000
173 0.9399996 -4.75 0.7 -1 -0.01557145 -0.0153453 -0.01505344 -0.01540034 -0.01570776 1000 -0.01509503 -0.01526644 -0.01505172 -0.01510635 -0.01547918 1000
174 0.7599998 5.5 0.6 1 -0.01561708 -0.01528781 -0.01475903 -0.01413529 -0.01412444 1000 -0.01459366 -0.0148719 -0.01481051 -0.01459949 -0.01478012 1000
175 0.7999998 4 0.6 1 -0.01483757 -0.01452448 -0.01447003 -0.01459393 -0.01427872 1000 -0.0147969 -0.01477879 -0.01479863 -0.01481434 -0.01490705 1000
176 0.9999996 -4.75 0.7 0 -0.01342886 -0.01368889 -0.0135588 -0.01369861 -0.01385361 1000 -0.01527381 -0.01561181 -0.01534511 -0.0154797 -0.01606438 1000
177 0.9599996 -4.75 0.6 0 -0.01447077 -0.01437596 -0.0139464 -0.01402644 -0.01370643 1000 -0.01539785 -0.01557301 -0.01518898 -0.01552446 -0.01589715 1000
178 0.4600001 -5.5 0.6 0 -0.01226715 -0.01275345 -0.0132946 -0.01320334 -0.01336714 1000 -0.01490483 -0.01459181 -0.01460849 -0.01447012 -0.01450309 1000
179 0.6999999 5.5 0.6 1 -0.01183902 -0.01226723 -0.01249187 -0.01256524 -0.01249831 1000 -0.01435834 -0.01452649 -0.01388908 -0.01387209 -0.01430312 1000
180 0.8399997 -4.75 0.6 -1 -0.01343386 -0.01278971 -0.01314336 -0.01341381 -0.01328825 1000 -0.01499112 -0.01470584 -0.01478254 -0.01505649 -0.01507342 1000
181 0.8599997 -4 0.6 0 -0.01383629 -0.01336716 -0.01269813 -0.01326338 -0.01347568 1000 -0.01439607 -0.01435729 -0.01421429 -0.01424851 -0.01480389 1000
182 0.24 4 0.2 0 -0.01257347 -0.01286604 -0.01235376 -0.01160827 -0.01257023 1000 -0.01425778 -0.01453004 -0.01457165 -0.01422299 -0.01421458 1000
183 0.6 -5.5 0.4 0 -0.01201893 -0.01292811 -0.01337203 -0.01311266 -0.01238494 1000 -0.01413254 -0.01407003 -0.01445656 -0.01472442 -0.01466124 1000
184 0.8199998 4.75 0.5 1 -0.01192854 -0.01120516 -0.01169264 -0.01203566 -0.01190521 1000 -0.01416854 -0.01416392 -0.01335102 -0.0138493 -0.0139579 1000
185 0.58 4 0.6 0 -0.01247166 -0.01246072 -0.01228732 -0.01232738 -0.01274584 1000 -0.01395226 -0.01381449 -0.01369711 -0.01363843 -0.01387807 1000
186 0.56 4.75 0.5 0 -0.01243812 -0.01295826 -0.0134139 -0.01315211 -0.01287592 1000 -0.01434145 -0.01463328 -0.01441295 -0.01386994 -0.01377959 1000
187 0.9999996 4.75 0.8 0 -0.01309849 -0.01355655 -0.01317876 -0.01259555 -0.01284977 1000 -0.01378121 -0.01413568 -0.01411198 -0.01360756 -0.01409999 1000
188 0.4 4.75 0.5 -1 -0.01305328 -0.01248921 -0.01223485 -0.01294584 -0.0136412 1000 -0.01383691 -0.01374899 -0.01373267 -0.01353624 -0.01371657 1000
189 0.9999996 -5.5 0.6 -1 -0.01170323 -0.01152451 -0.01153887 -0.01216017 -0.01229436 1000 -0.01421187 -0.01428267 -0.01412008 -0.0144813 -0.01437541 1000
190 0.8999997 5.5 0.5 1 -0.01216615 -0.01159863 -0.01184867 -0.01202322 -0.01141063 1000 -0.01358414 -0.01363394 -0.01325971 -0.0136263 -0.01344389 1000
191 0.7599998 5.5 0.6 0 -0.01184279 -0.01074703 -0.01102186 -0.01168958 -0.01183952 1000 -0.01396315 -0.01362069 -0.01312935 -0.01337126 -0.01337804 1000
192 0.6999999 -5.5 0.4 0 -0.01197837 -0.01227052 -0.01194023 -0.0111807 -0.01200329 1000 -0.01375918 -0.01399101 -0.0138747 -0.01364994 -0.01383323 1000
193 0.7999998 -4 0.7 -1 -0.01224093 -0.01244581 -0.01240646 -0.01245951 -0.01198251 1000 -0.01439258 -0.01386994 -0.01380044 -0.01394281 -0.01421483 1000
194 0.56 4 0.4 0 -0.01012274 -0.01059127 -0.01096857 -0.01066149 -0.01065314 1000 -0.01353036 -0.01377215 -0.0140773 -0.01388802 -0.01355067 1000
195 0.54 -4 0.5 -1 -0.01151023 -0.01148767 -0.0118466 -0.01164207 -0.01094116 1000 -0.01417425 -0.0141131 -0.01420034 -0.01460713 -0.01447786 1000
196 0.8599997 5.5 0.6 1 -0.01097873 -0.01055243 -0.01040808 -0.01089435 -0.01094099 1000 -0.0142011 -0.01424449 -0.0140818 -0.01419657 -0.01434378 1000
197 0.8799997 4 0.5 0 -0.01083972 -0.01069756 -0.01002336 -0.01019142 -0.01058345 1000 -0.0140601 -0.01437316 -0.01407553 -0.01403093 -0.01448953 1000
198 0.9399996 -4 0.6 -1 -0.01057611 -0.0110953 -0.01079075 -0.01055618 -0.0113682 1000 -0.01406909 -0.01440494 -0.01465732 -0.0146457 -0.0149719 1000
199 0.8399997 4 0.5 1 -0.009940138 -0.01028202 -0.009995363 -0.009500435 -0.01010171 1000 -0.014199 -0.01433863 -0.01477501 -0.01461108 -0.01429993 1000
200 0.4800001 -5.5 0.6 0 -0.01655342 -0.01324971 -0.0121903 -0.0114748 -0.009936228 1000 -0.005231669 -0.004362097 -0.00543443 -0.008015045 -0.008683268 1000
201 0.6799999 -5.5 0.5 -1 -0.007465706 -0.006490794 -0.005962539 -0.006060709 -0.00666618 1000 -0.009203278 -0.009297348 -0.008883705 -0.008525978 -0.008871519 1000
202 1.539999 -4.75 1 0 -0.005847883 -0.005313469 -0.004780389 -0.004772493 -0.004780284 1000 -0.01016948 -0.01012516 -0.009710126 -0.009629449 -0.009955588 1000
203 0.7799998 4 0.5 -1 -0.005939422 -0.005805325 -0.005936859 -0.005873091 -0.005279069 1000 -0.00920852 -0.009168531 -0.008787512 -0.008727183 -0.008715905 1000
204 0.8199998 -4 0.6 -1 -0.005949892 -0.005891109 -0.005859041 -0.005868921 -0.006029702 1000 -0.009150897 -0.008957343 -0.008358156 -0.008527108 -0.00905579 1000
205 0.9999996 4.75 0.8 0 -0.004708794 -0.004867564 -0.005117927 -0.004916845 -0.005035137 1000 -0.008345484 -0.008330471 -0.008416817 -0.008065306 -0.007945327 1000
206 1.06 -4.75 0.7 0 -0.005592365 -0.005585871 -0.00484472 -0.004405574 -0.004831702 1000 -0.008586624 -0.008534411 -0.008587829 -0.008707874 -0.00887629 1000
207 0.3 -4 0.3 0 -0.003684287 -0.003694915 -0.003762511 -0.00336462 -0.00320453 1000 -0.008401441 -0.008077974 -0.00804873 -0.008291653 -0.008170292 1000
208 0.56 -4 0.4 0 -0.003555875 -0.003547105 -0.003783447 -0.003845588 -0.003499947 1000 -0.008884433 -0.008759668 -0.00882969 -0.008700233 -0.008771917 1000
209 0.4600001 4.75 0.3 0 -0.001768157 -0.001521421 -0.002070742 -0.002032257 -0.002042574 1000 -0.007528999 -0.007159836 -0.007265787 -0.007819084 -0.007792628 1000
210 0.7799998 -5.5 0.5 0 -0.001581619 -0.00180482 -0.00114599 -0.001140138 -0.001436888 1000 -0.008975354 -0.009135102 -0.009013128 -0.009034819 -0.009108999 1000
211 1.08 -5.5 0.5 1 -0.0006197965 -0.000242558 -0.0006388406 -0.0008436562 -0.0007221046 1000 -0.008370575 -0.008392823 -0.008482823 -0.008491563 -0.008822011 1000
212 0.18 -4.75 0.1 0 -1.058677E-05 -6.195492E-05 -0.0001276891 -0.000591805 -0.000691058 1000 -0.009555787 -0.009650234 -0.009287703 -0.009217792 -0.009610427 1000
213 1.08 -4 0.7 -1 0.0009745717 0.0002426725 9.219281E-06 0.0007013406 0.0004384854 1000 -0.01002752 -0.009787519 -0.01005262 -0.009747 -0.009706506 1000
214 1.379999 4 1 0 0.0008908538 0.001273139 0.00168531 0.001850839 0.002390087 1000 -0.009159475 -0.008881008 -0.008636642 -0.008058056 -0.008780591 1000
215 1.199999 -4.75 0.6 -1 0.003220983 0.004062962 0.003283004 0.002453206 0.002498673 1000 -0.009319738 -0.009543294 -0.009399324 -0.009972321 -0.01004989 1000
216 0.42 4.75 0.2 0 0.003191871 0.00265181 0.002734839 0.002662867 0.002004039 1000 -0.008613346 -0.008998861 -0.009119339 -0.008712665 -0.008879182 1000
217 0.7599998 5.5 0.6 -1 0.002485797 0.002513572 0.002611158 0.003345259 0.00344155 1000 -0.009816797 -0.009734513 -0.009883836 -0.009738648 -0.009551712 1000
218 0.7199998 4.75 0.6 1 0.001344588 0.001129431 0.001272557 0.00150714 0.001816842 1000 -0.01152781 -0.01122869 -0.0107256 -0.01023421 -0.01056614 1000
219 1.199999 4 1 0 0.002399197 0.002935079 0.002363903 0.002218175 0.002795084 1000 -0.01136906 -0.01104654 -0.01104223 -0.01104606 -0.01058659 1000
220 0.9399996 -5.5 0.7 0 0.002162566 0.002306897 0.002287907 0.002399879 0.002857457 1000 -0.01133606 -0.01126499 -0.01076257 -0.01102241 -0.01164122 1000
221 1.02 4 0.7 -1 0.003729587 0.003677033 0.003362733 0.00339379 0.003496216 1000 -0.01083228 -0.01077874 -0.0103728 -0.01031268 -0.01028052 1000
222 0.9599996 5.5 0.7 1 0.00354538 0.003411653 0.002523215 0.00290477 0.003635584 1000 -0.01128622 -0.0111089 -0.01071201 -0.009982669 -0.01011629 1000
223 0.6999999 4 0.6 1 0.002575325 0.002862147 0.003520166 0.004129618 0.003636066 1000 -0.01127456 -0.01130833 -0.01131495 -0.01106025 -0.0111384 1000
224 0.09999999 -4 0.1 0 0.003648291 0.003040704 0.003599858 0.003790285 0.003796079 1000 -0.01187546 -0.01218073 -0.01222387 -0.01201693 -0.01187014 1000
225 1.399999 4.75 1 0 0.004161261 0.00504654 0.004532438 0.004385325 0.00468641 1000 -0.01277993 -0.01252076 -0.01232105 -0.01201699 -0.012119 1000
226 0.8199998 5.5 0.5 1 0.004348596 0.004220118 0.004628386 0.004845429 0.004024857 1000 -0.01172412 -0.01209903 -0.01206772 -0.01201216 -0.01202058 1000
227 0.56 4 0.5 -1 0.004213235 0.004291977 0.004021563 0.004702936 0.004399878 1000 -0.01204402 -0.01158138 -0.01181619 -0.01139476 -0.01096336 1000
228 0.8599997 -4 0.5 1 0.005493076 0.00511216 0.004382663 0.003961697 0.004025355 1000 -0.01209898 -0.01172454 -0.01197162 -0.01217522 -0.01251156 1000
229 0.4 5.5 0.2 0 0.004496336 0.004837436 0.004410949 0.003978588 0.004428543 1000 -0.01248239 -0.01199529 -0.01181279 -0.01200808 -0.01217483 1000
230 1.1 4 0.7 -1 0.004523051 0.004271122 0.003958919 0.003975322 0.004043398 1000 -0.01339634 -0.01311725 -0.01302014 -0.0125495 -0.01204798 1000
231 0.8399997 5.5 0.8 0 0.004259144 0.004433341 0.00451529 0.004186158 0.004278597 1000 -0.0130683 -0.01296525 -0.01242727 -0.01219166 -0.01260778 1000
232 0.6799999 -4 0.5 0 0.004208777 0.003849415 0.004433047 0.004237425 0.004091737 1000 -0.01240084 -0.01229911 -0.01223479 -0.01220217 -0.01265214 1000
233 0.9599996 -4 0.6 -1 0.00410985 0.004755506 0.004411221 0.003676916 0.003615694 1000 -0.0125163 -0.01232031 -0.01178835 -0.01210056 -0.01213422 1000
234 0.8599997 -5.5 0.9 0 0.004495577 0.005035026 0.004939484 0.004593631 0.005166376 1000 -0.01325482 -0.01289421 -0.0127597 -0.0132292 -0.01350084 1000
235 0.7599998 4 0.6 1 0.004573082 0.004364151 0.004269102 0.004077569 0.003627095 1000 -0.01256693 -0.01293521 -0.01270963 -0.01283327 -0.01300556 1000
236 0.28 5.5 0.2 0 0.003584523 0.003971616 0.003735981 0.003515144 0.004470368 1000 -0.01374853 -0.01340985 -0.01310056 -0.01321905 -0.01344625 1000
237 0.6799999 -5.5 0.4 0 0.003061368 0.003109343 0.003106995 0.003429353 0.004184465 1000 -0.01368426 -0.01330232 -0.01310649 -0.01360282 -0.01366862 1000
238 0.42 4 0.3 0 0.003560938 0.002427727 0.002501084 0.002471449 0.002355363 1000 -0.01297465 -0.01313414 -0.01297454 -0.01242497 -0.01236776 1000
239 0.8199998 -4 0.5 1 0.003021661 0.003784959 0.003762629 0.003637109 0.004151922 1000 -0.01350957 -0.01297655 -0.01296105 -0.01362222 -0.01390101 1000
240 0.8599997 4 0.5 -1 0.002457464 0.002194364 0.002110846 0.001836498 0.002316516 1000 -0.0131329 -0.01353823 -0.01330337 -0.01247884 -0.01264867 1000
241 1.939999 -4 0.6 1 0.003934547 0.002888782 0.002514049 0.00309335 0.003007232 1000 -0.01340626 -0.01315476 -0.01353395 -0.01354774 -0.0139574 1000
242 1.919999 -4.75 0.6 1 0.002151638 0.001940029 0.002346682 0.002333631 0.001723902 1000 -0.01408377 -0.01417365 -0.01371967 -0.01377299 -0.01433753 1000
243 0.38 -4 0.3 0 0.002542249 0.001690834 0.001893183 0.001495077 0.001656861 1000 -0.01387642 -0.01411749 -0.01370934 -0.01366942 -0.0141409 1000
244 0.4400001 -5.5 0.3 0 0.001794735 0.001441689 0.001435637 0.001602031 0.001845687 1000 -0.01481823 -0.01485901 -0.01453655 -0.01399211 -0.01457747 1000
245 0.4800001 -4 0.3 0 0.002518296 0.002353609 0.002226602 0.002482484 0.002757003 1000 -0.01470003 -0.01473866 -0.0147084 -0.01481461 -0.01481919 1000
246 1.239999 4.75 0.5 -1 0.002019819 0.002861213 0.002513814 0.00205937 0.002584388 1000 -0.01487769 -0.01483069 -0.01394824 -0.01397175 -0.01350741 1000
247 0.5000001 -4 0.2 0 0.002331583 0.002420024 0.001980886 0.001800407 0.002822108 1000 -0.01479293 -0.01454545 -0.01433614 -0.01467425 -0.01450157 1000
248 0.9199997 5.5 0.5 1 0.001549254 0.002000951 0.00242934 0.001724591 0.001761876 1000 -0.01417256 -0.01438385 -0.01385353 -0.01369211 -0.01419675 1000
249 0.9799996 5.5 0.5 1 0.001819657 0.00187893 0.002336083 0.001769787 0.001470551 1000 -0.01429508 -0.01442149 -0.01439585 -0.01377423 -0.0138678 1000
250 0.09999999 -4 0.1 0 -0.008222499 -0.007384772 -0.008399266 -0.008464009 -0.008503208 1000 -0.0160927 -0.01208439 -0.01226005 -0.01421988 -0.01513783 1000
251 0.38 4 0.3 0 -0.004016157 -0.002735672 -0.003022426 -0.003430396 -0.002991098 1000 -0.01323626 -0.0131792 -0.01333346 -0.01404982 -0.01384704 1000
252 0.9199997 4.75 0.6 -1 -0.00382425 -0.004549543 -0.005059001 -0.005242544 -0.00454566 1000 -0.01373274 -0.01451975 -0.01386798 -0.01323144 -0.01302906 1000
253 0.9799996 5.5 0.6 -1 -0.007418808 -0.00751676 -0.007345861 -0.007336787 -0.007063411 1000 -0.0143553 -0.01386188 -0.01365544 -0.01429213 -0.01416645 1000
254 0.9199997 -4.75 0.6 -1 -0.009491322 -0.009389627 -0.008842811 -0.009021135 -0.009610768 1000 -0.01417519 -0.01476901 -0.01471893 -0.01439977 -0.01505148 1000
255 0.9199997 -4 0.5 -1 -0.008091141 -0.008064868 -0.008515025 -0.009036699 -0.008539119 1000 -0.01440631 -0.01435247 -0.01411295 -0.01459089 -0.01444647 1000
256 1.06 4.75 0.9 0 -0.008772197 -0.008724457 -0.00895121 -0.009192222 -0.008610986 1000 -0.01452635 -0.01440671 -0.01416386 -0.01486013 -0.0149395 1000
257 1.1 -4.75 0.8 0 -0.009239239 -0.009747229 -0.009602453 -0.009126791 -0.00902169 1000 -0.01563504 -0.01564762 -0.01599019 -0.01592266 -0.01601705 1000
258 0.9399996 4 0.7 0 -0.009091072 -0.008996024 -0.009105321 -0.008880967 -0.008309125 1000 -0.01656104 -0.01629555 -0.01673037 -0.01679664 -0.01677266 1000
259 1.399999 -5.5 0.9 0 -0.009600844 -0.009930518 -0.01014906 -0.009972052 -0.01060542 1000 -0.01672394 -0.01724665 -0.0174904 -0.01724201 -0.01779672 1000
260 0.8799997 4.75 0.6 0 -0.01133753 -0.01082028 -0.0107953 -0.01062482 -0.009916054 1000 -0.01864328 -0.01819416 -0.01808952 -0.01837386 -0.01860648 1000
261 0.9599996 -5.5 0.5 0 -0.01019984 -0.009811896 -0.009820288 -0.009527083 -0.01003854 1000 -0.0202542 -0.01984968 -0.01987946 -0.01990335 -0.0199614 1000
262 1.559999 -4.75 0.7 1 -0.01072098 -0.01060079 -0.01038305 -0.01056578 -0.01039833 1000 -0.01880713 -0.01836919 -0.01881345 -0.01907893 -0.0188721 1000
263 1.659999 -4 0.6 1 -0.01104363 -0.01112284 -0.01141586 -0.01131207 -0.01161429 1000 -0.01890709 -0.01927365 -0.01999963 -0.02000594 -0.01984798 1000
264 0.9599996 -4.75 0.7 -1 -0.01145225 -0.01111706 -0.01159968 -0.01215001 -0.01177586 1000 -0.02050208 -0.02032013 -0.0201501 -0.02127603 -0.02123134 1000
265 0.36 4 0.3 0 -0.01123095 -0.01148614 -0.01149589 -0.0106484 -0.01048767 1000 -0.02203349 -0.02157592 -0.02208433 -0.02128731 -0.02103924 1000
266 1.519999 -5.5 0.7 1 -0.01250604 -0.01188312 -0.01162287 -0.01156904 -0.01164857 1000 -0.02163935 -0.0212859 -0.02080678 -0.02117052 -0.02181446 1000
267 0.9599996 4 1 0 -0.01386034 -0.01296066 -0.01216779 -0.01188369 -0.01122489 1000 -0.02199729 -0.02168787 -0.02125816 -0.02119641 -0.02106806 1000
268 0.6999999 -4 0.4 0 -0.01152927 -0.01165956 -0.01183055 -0.0111912 -0.01188318 1000 -0.02102757 -0.02119865 -0.02158014 -0.02128179 -0.02116604 1000
269 0.9999996 4 0.7 0 -0.01240246 -0.01196015 -0.01122419 -0.01090807 -0.01083695 1000 -0.02135466 -0.0218232 -0.02138981 -0.02166033 -0.02212842 1000
270 0.22 -4.75 0.1 0 -0.01150526 -0.01104269 -0.01121136 -0.01160245 -0.01160781 1000 -0.02221893 -0.0216517 -0.02159901 -0.0219692 -0.02192797 1000
271 0.36 -4 0.2 0 -0.01190283 -0.01125551 -0.01152599 -0.01178525 -0.0113448 1000 -0.02216125 -0.02136935 -0.0214882 -0.02197991 -0.02188564 1000
272 0.8399997 4 0.7 0 -0.01106442 -0.01087819 -0.01079169 -0.01049259 -0.01117007 1000 -0.02242368 -0.0224207 -0.02201176 -0.02125722 -0.02203578 1000
273 1.319999 4.75 0.6 -1 -0.01125778 -0.01113288 -0.01140804 -0.01112766 -0.01164543 1000 -0.0215768 -0.02194282 -0.02197928 -0.02144535 -0.02194673 1000
