trial Response_Time velH Occlusion_Duration velH_Subject xRotations_first0 xRotations_first1 xRotations_first2 xRotations_first3 xRotations_first4 xRotations_first5 yRotations_first0 yRotations_first1 yRotations_first2 yRotations_first3 yRotations_first4 yRotations_first5
1 0.7199998 -4 0.7 -1 0.01251491 0.009799107 0.01080765 0.01460753 0.01295248 1000 0.008258871 0.003252175 0.008620306 0.01161778 0.01102391 1000
2 0.42 -5.5 0.3 0 0.009283385 0.008843413 0.008796077 0.008508448 0.00833556 1000 0.0128231 0.01293358 0.01282636 0.01281257 0.0131286 1000
3 0.42 -5.5 0.3 0 0.007752731 0.00767793 0.007925447 0.007892326 0.008160818 1000 0.01356465 0.01335661 0.01345547 0.01316331 0.01337711 1000
4 0.4600001 4 0.5 1 0.008891797 0.008991207 0.009307928 0.009315561 0.009382487 1000 0.01353716 0.01429108 0.0138274 0.01391432 0.0141623 1000
5 0.52 4 0.6 0 0.009590588 0.009738492 0.009849717 0.01014137 0.01065627 1000 0.01450807 0.01428644 0.01437008 0.01433945 0.014665 1000
6 0.22 4 0.1 0 0.01054278 0.00985596 0.009689889 0.01000142 0.01024405 1000 0.01492158 0.01528982 0.01510471 0.01531345 0.01512882 1000
7 0.36 -4.75 0.6 1 0.01061522 0.01034994 0.01086266 0.01084664 0.01097805 1000 0.01557334 0.01597605 0.01572853 0.01545451 0.01554828 1000
8 0.4600001 5.5 0.4 0 0.01174884 0.01158978 0.01163113 0.01193461 0.01216069 1000 0.01536332 0.01557511 0.01545357 0.01529089 0.01516083 1000
9 0.4800001 4.75 0.7 1 0.01246601 0.01269307 0.01290216 0.01301051 0.01321895 1000 0.01604629 0.01640917 0.01601715 0.01588247 0.01593702 1000
10 0.36 4 0.5 -1 0.0137226 0.01334808 0.01359249 0.01384415 0.01393249 1000 0.01602291 0.01601789 0.01611592 0.01587519 0.01650009 1000
11 0.22 4 0.2 0 0.01429068 0.01495671 0.01517928 0.01541945 0.01546519 1000 0.01711779 0.01662828 0.01656833 0.0164383 0.01642694 1000
12 0.7599998 4.75 0.9 0 0.01542652 0.01485596 0.01471405 0.01513615 0.01531368 1000 0.01600393 0.01667603 0.01665774 0.01619256 0.01629171 1000
13 0.4 4.75 0.7 -1 0.01497831 0.01496285 0.01480596 0.01472168 0.01503224 1000 0.01629385 0.01656633 0.0163523 0.01618583 0.01660593 1000
14 0.3 5.5 0.2 0 0.01577088 0.01608759 0.0163448 0.01666273 0.01698213 1000 0.01646031 0.01696117 0.01632245 0.01651952 0.0160489 1000
15 0.6199999 5.5 0.7 0 0.01512731 0.01469006 0.01445537 0.01433096 0.01430883 1000 0.01652316 0.01698799 0.0167154 0.01696164 0.01690895 1000
16 0.3 -5.5 0.2 0 0.01446024 0.01399247 0.01380028 0.01439714 0.01494501 1000 0.01682581 0.01724374 0.01678235 0.01703924 0.01696828 1000
17 0.38 4 0.3 0 0.01687725 0.01662043 0.01593189 0.01537648 0.01560562 1000 0.01676907 0.01654583 0.0168661 0.01630357 0.0168205 1000
18 0.36 -5.5 0.2 0 0.01466335 0.01455751 0.01478906 0.01494926 0.01520326 1000 0.01735517 0.01727896 0.01723444 0.01709409 0.01719762 1000
19 0.32 -4.75 0.5 1 0.01572432 0.01538637 0.01525241 0.01551539 0.01555735 1000 0.01739771 0.01758851 0.0175571 0.01742999 0.01774357 1000
20 0.4 4 0.5 1 0.01628407 0.01557537 0.0153346 0.01563878 0.016001 1000 0.017224 0.01717285 0.01742501 0.01761897 0.01732094 1000
21 0.32 -4 0.4 0 0.01541256 0.01574725 0.01566135 0.01557017 0.01537492 1000 0.01787353 0.01805699 0.01782616 0.01803963 0.01793465 1000
22 0.42 5.5 0.6 -1 0.01568167 0.01573548 0.01609936 0.01641489 0.01631222 1000 0.01866525 0.01829106 0.01879509 0.01854953 0.01863273 1000
23 0.6199999 -4.75 0.8 0 0.01470981 0.01468031 0.01483628 0.01514724 0.0152724 1000 0.01844059 0.01877837 0.01851594 0.01854889 0.01853993 1000
24 0.52 -4.75 0.5 -1 0.01546025 0.0154215 0.01519656 0.01507218 0.01526141 1000 0.01877875 0.01909375 0.01916558 0.01899467 0.01931884 1000
25 0.6 4.75 0.7 0 0.01600365 0.01627272 0.01634903 0.01655452 0.01694676 1000 0.01962497 0.01926399 0.01944957 0.01907231 0.01920766 1000
26 0.36 4 0.6 -1 0.01575619 0.01567502 0.01580366 0.01549935 0.01577037 1000 0.01955044 0.0202429 0.01970906 0.01991711 0.01994087 1000
27 0.34 5.5 0.6 -1 0.01521525 0.01488803 0.01471224 0.01484374 0.01531229 1000 0.01973342 0.02012756 0.01966143 0.01960889 0.01980482 1000
28 0.5000001 -4 0.6 0 0.0162063 0.01609847 0.01646311 0.01663911 0.01636615 1000 0.01941893 0.01924275 0.01937849 0.0189764 0.0191945 1000
29 0.56 4.75 0.5 0 0.01663778 0.01621286 0.01629401 0.01637106 0.0164718 1000 0.01989806 0.01975858 0.01967177 0.01975589 0.01966767 1000
30 0.38 4.75 0.3 0 0.01693172 0.01677395 0.01693066 0.01725753 0.01704567 1000 0.02033135 0.02017211 0.02023625 0.02007745 0.01981553 1000
31 0.56 5.5 0.6 0 0.01668629 0.01604601 0.01646507 0.01704204 0.01716778 1000 0.0199829 0.02019439 0.02032451 0.01974485 0.0201166 1000
32 0.5000001 4 0.5 1 0.01684091 0.01659936 0.01678777 0.01696396 0.01723441 1000 0.02076116 0.02035291 0.02064764 0.0202509 0.02074054 1000
33 0.54 -4 0.6 -1 0.01794151 0.01790655 0.01779786 0.01753461 0.01759259 1000 0.02041863 0.02024463 0.02037906 0.02043715 0.0202329 1000
34 0.7599998 5.5 0.6 0 0.0180289 0.01770094 0.01763173 0.01804498 0.01787832 1000 0.0204369 0.02050499 0.0202951 0.02042012 0.02044222 1000
35 0.54 -4.75 0.5 0 0.01769343 0.01764539 0.01752319 0.01786876 0.01789998 1000 0.02079201 0.02042248 0.02044332 0.02084364 0.02063458 1000
36 0.42 5.5 0.5 -1 0.0190573 0.01889558 0.01892681 0.01873881 0.01867776 1000 0.01859189 0.01908687 0.01919642 0.01881487 0.01952213 1000
37 0.56 4.75 0.7 1 0.01757072 0.01734671 0.0173954 0.01730569 0.01735957 1000 0.02021486 0.02043276 0.02025996 0.02019143 0.02109513 1000
38 0.28 -5.5 0.2 0 0.01706763 0.01715613 0.01714556 0.01711223 0.01713353 1000 0.02066108 0.0206776 0.02083407 0.02065861 0.0206043 1000
39 0.4400001 -5.5 0.5 1 0.01766945 0.01728477 0.01763355 0.01803645 0.01802553 1000 0.01946273 0.01965902 0.020021 0.01948223 0.01981463 1000
40 0.54 -5.5 0.5 0 0.01815766 0.01817306 0.01795235 0.01792791 0.01778109 1000 0.02015081 0.02051827 0.02015407 0.02043481 0.02025207 1000
41 1.1 -4 0.8 0 0.01847532 0.01842982 0.01831525 0.01823904 0.01818429 1000 0.0203634 0.0204113 0.02054095 0.02048543 0.02066012 1000
42 0.32 4 0.2 0 0.0176981 0.01693793 0.01680222 0.01712696 0.01774186 1000 0.0210622 0.02080065 0.02104189 0.02093125 0.02142542 1000
43 0.42 -5.5 0.7 1 0.0175613 0.01744546 0.01760131 0.01756391 0.01770945 1000 0.02157864 0.0215122 0.02151429 0.02146707 0.02132996 1000
44 0.54 4 0.7 -1 0.01812094 0.0174676 0.01758111 0.01790377 0.01816524 1000 0.02068767 0.02090919 0.0209915 0.0208566 0.02118774 1000
45 0.8199998 -5.5 0.8 0 0.01812815 0.01811859 0.0181825 0.01829813 0.0186645 1000 0.02138524 0.02095221 0.02131948 0.02113104 0.02156767 1000
46 0.4800001 -4 0.7 1 0.01835099 0.01815019 0.01832229 0.01864858 0.01902753 1000 0.02206952 0.0220175 0.02186226 0.02208825 0.02168727 1000
47 0.8999997 4 0.8 0 0.01873079 0.01839491 0.01814229 0.01795075 0.01784482 1000 0.0215767 0.02144509 0.02167883 0.02196068 0.02184737 1000
48 0.6999999 -5.5 0.5 -1 0.01793161 0.01789605 0.01884859 0.01993638 0.02064207 1000 0.02244026 0.02238842 0.02206062 0.02256259 0.02248225 1000
49 0.9999996 5.5 0.8 0 0.02014004 0.01995585 0.01960128 0.0197746 0.01952108 1000 0.02214863 0.02251832 0.02258417 0.02318279 0.02249141 1000
50 0.52 -4 0.6 -1 0.01025958 0.01052144 0.01107251 0.01126503 0.01171947 1000 0.02202135 0.02209654 0.02158023 0.02184813 0.02195353 1000
51 1.04 -5.5 1 0 0.01533375 0.01565683 0.01540916 0.01530359 0.01516645 1000 0.021156 0.02156663 0.02108316 0.02145883 0.02204127 1000
52 0.38 4 0.2 0 0.01598942 0.01655854 0.01646938 0.01611829 0.01606509 1000 0.02154907 0.02168666 0.02123295 0.02117717 0.02150937 1000
53 0.14 -4 0.1 0 0.01627064 0.01613932 0.01609307 0.01610794 0.01617904 1000 0.02248937 0.02208322 0.02216706 0.02220472 0.02242798 1000
54 1.14 4.75 0.9 0 0.0167608 0.01659504 0.0166829 0.01689085 0.01681351 1000 0.02268077 0.02253868 0.02275678 0.02212702 0.02230316 1000
55 0.6 -4 0.7 1 0.01678704 0.01657455 0.01660957 0.01679272 0.01674531 1000 0.02230865 0.02252721 0.02231329 0.02242177 0.02223026 1000
56 0.9399996 4 0.7 0 0.01816333 0.0176307 0.0172338 0.01717622 0.01732674 1000 0.02257918 0.02253611 0.02243736 0.02254964 0.02256444 1000
57 0.28 -4.75 0.1 0 0.01676927 0.01676979 0.0167586 0.01669834 0.01680255 1000 0.02236582 0.0222887 0.02225937 0.02220613 0.02274069 1000
58 0.7799998 5.5 0.7 1 0.01697371 0.01673878 0.016912 0.01717547 0.01705558 1000 0.02284767 0.02233574 0.02242253 0.0222757 0.02245806 1000
59 0.52 5.5 0.5 1 0.0179782 0.01754513 0.01724426 0.0176779 0.01815263 1000 0.02193605 0.02243622 0.02203848 0.02225397 0.02217481 1000
60 0.7199998 4.75 1 0 0.01821711 0.01828282 0.01840168 0.01814025 0.0184808 1000 0.02241115 0.02252993 0.02247545 0.02232683 0.02243763 1000
61 0.54 4 0.6 1 0.01930968 0.01839762 0.01771872 0.0180928 0.01854099 1000 0.02265499 0.02291455 0.02282919 0.02252761 0.02271071 1000
62 0.7599998 -4.75 0.8 0 0.01857353 0.01859693 0.0183535 0.01846387 0.01857803 1000 0.02228545 0.02238841 0.02228229 0.02278657 0.02218072 1000
63 0.7999998 5.5 0.7 0 0.01946962 0.01950051 0.01970855 0.01982115 0.01916641 1000 0.0226996 0.02239951 0.02300858 0.02228254 0.02298526 1000
64 0.4800001 4.75 0.7 -1 0.0174117 0.01795498 0.01866748 0.01889152 0.01883494 1000 0.02236038 0.02261756 0.02209279 0.022372 0.02197345 1000
65 0.16 -4 0.1 0 0.01933696 0.01906072 0.01912042 0.01900461 0.0192555 1000 0.02281072 0.02217879 0.0225243 0.02206137 0.02282112 1000
66 0.4 -4.75 0.4 0 0.01956627 0.01966049 0.02004602 0.02001586 0.01997402 1000 0.02233788 0.02241687 0.0225189 0.02221036 0.02209321 1000
67 0.4 -4 0.3 0 0.01972222 0.01927375 0.01963552 0.02018842 0.02038608 1000 0.02245194 0.02277331 0.02230033 0.02234334 0.02207149 1000
68 0.38 -4 0.3 0 0.02067897 0.02089069 0.02096175 0.02123292 0.02130383 1000 0.02315344 0.0223028 0.02243596 0.02242774 0.0225674 1000
69 0.54 4.75 0.5 1 0.02157039 0.02153692 0.02195404 0.02197202 0.02202098 1000 0.02273256 0.02252787 0.02255335 0.02229571 0.02282846 1000
70 0.7199998 4 0.6 0 0.0218285 0.02170821 0.02153985 0.02178153 0.0218694 1000 0.02207523 0.02227759 0.02228518 0.02187665 0.02211009 1000
71 0.7199998 -5.5 0.7 1 0.0223582 0.02170022 0.02170837 0.02238631 0.02306241 1000 0.02187807 0.02201636 0.02214283 0.02149991 0.02163566 1000
72 0.58 -5.5 0.4 0 0.02203004 0.02195357 0.02179662 0.02213805 0.02213884 1000 0.02182418 0.02166425 0.02153262 0.02163142 0.02135348 1000
73 0.6399999 -4.75 0.6 0 0.02181237 0.02174386 0.02167298 0.02169074 0.0219323 1000 0.02140241 0.02150512 0.02127071 0.02169956 0.02143344 1000
74 0.38 -4.75 0.2 0 0.02217801 0.02143376 0.02104906 0.02096384 0.02116389 1000 0.02147197 0.02135077 0.02131454 0.02133233 0.02203961 1000
75 0.7199998 -4 0.6 -1 0.02252535 0.02224515 0.02235481 0.02246094 0.02245359 1000 0.02161006 0.0216333 0.02140637 0.02137981 0.02173052 1000
76 0.34 4.75 0.1 0 0.02288352 0.02272838 0.02276761 0.02320722 0.02329706 1000 0.02274566 0.02159335 0.02166686 0.02150014 0.02145942 1000
77 0.6199999 -4 0.5 0 0.02211126 0.02219231 0.0222061 0.02234881 0.02229633 1000 0.02156249 0.02145639 0.02125264 0.02203803 0.02139896 1000
78 0.6 -4.75 0.6 1 0.02267989 0.02267417 0.02284804 0.02327472 0.02352764 1000 0.02200153 0.02199484 0.02164559 0.02231223 0.02137487 1000
79 0.6799999 5.5 0.5 0 0.02338464 0.02354033 0.02346358 0.02359817 0.02329139 1000 0.02182863 0.02160213 0.02121816 0.02170045 0.02093816 1000
80 0.6199999 -4.75 0.4 0 0.02277438 0.02272803 0.02273766 0.02312789 0.02338316 1000 0.02194119 0.02214631 0.02193534 0.02233661 0.02158954 1000
81 0.6999999 5.5 0.5 -1 0.02394252 0.02381905 0.02421327 0.02452945 0.02483496 1000 0.02250339 0.02212942 0.02202928 0.02188703 0.02172783 1000
82 0.8399997 -4 0.6 0 0.01087187 0.01052073 0.01152036 0.01320665 0.01402174 1000 0.01756871 0.01737951 0.01581135 0.01376888 0.01480204 1000
83 0.3 -4.75 0.1 0 0.01711903 0.01717664 0.01754976 0.01808039 0.01843803 1000 0.01692923 0.01717086 0.0167169 0.01677819 0.01641283 1000
84 0.5000001 4 0.5 1 0.01958529 0.0191094 0.01893548 0.01916957 0.01957864 1000 0.01622174 0.0158914 0.01629703 0.01602562 0.01615676 1000
85 0.6 4 0.6 1 0.01970527 0.01972435 0.01990227 0.01967982 0.01979384 1000 0.01666783 0.01707721 0.01670563 0.01688755 0.01686605 1000
86 1.199999 4.75 1 0 0.01987783 0.01999784 0.02027699 0.02089911 0.02135299 1000 0.01706221 0.01721118 0.01698012 0.0169767 0.01652522 1000
87 1.14 4.75 1 0 0.02039667 0.0204945 0.02046875 0.02035575 0.02064235 1000 0.01642057 0.01629837 0.01667388 0.01636869 0.01657915 1000
88 0.9799996 4.75 0.7 0 0.02081452 0.020242 0.01994901 0.02024247 0.02064728 1000 0.01725053 0.01737644 0.01723971 0.01732005 0.01672416 1000
89 0.5000001 4 0.5 0 0.02001431 0.01983642 0.01995195 0.01988306 0.02016788 1000 0.01639326 0.01668996 0.01630515 0.01615795 0.01619236 1000
90 0.56 -4 0.6 1 0.02072379 0.02053058 0.02071713 0.02086353 0.02083861 1000 0.01648746 0.01647292 0.01649167 0.01618744 0.01701083 1000
91 0.58 4 0.6 0 0.02223265 0.02237448 0.02189537 0.02134727 0.02128383 1000 0.01526387 0.01572709 0.0157722 0.01564264 0.01585851 1000
92 0.58 -4.75 0.4 0 0.02137855 0.0211076 0.02128201 0.02121195 0.02129118 1000 0.01690204 0.01648353 0.01595692 0.01623797 0.01576183 1000
93 0.36 4.75 0.1 0 0.02501868 0.02408118 0.02369266 0.02169818 0.01994724 1000 0.01413861 0.01363411 0.01423321 0.01292991 0.01301671 1000
94 0.4400001 -4.75 0.3 0 0.004569014 0.003330518 0.006062608 0.007484265 0.008055065 1000 0.008639591 0.006987807 0.008808861 0.009198464 0.008669432 1000
95 0.6199999 5.5 0.5 -1 0.01055908 0.01125149 0.01190319 0.01205687 0.01213005 1000 0.006687993 0.006734181 0.006573947 0.006558454 0.006228911 1000
96 0.3 5.5 0.1 0 0.01555553 0.01589351 0.01624234 0.01641083 0.01660926 1000 0.005765087 0.005942347 0.005760164 0.005840573 0.006183329 1000
97 0.38 -5.5 0.6 -1 0.01875243 0.01839885 0.0184565 0.01890242 0.01901488 1000 0.005404863 0.005422829 0.005682281 0.005438353 0.005421002 1000
98 0.54 -5.5 0.5 -1 0.02069049 0.02063465 0.02068223 0.02089415 0.02108549 1000 0.006013895 0.006305969 0.006040247 0.00618746 0.00619369 1000
99 0.4600001 -4 0.5 -1 0.02362519 0.02354322 0.02329436 0.02309091 0.02283361 1000 0.005390405 0.005808541 0.00565411 0.005894017 0.005811957 1000
100 0.6999999 -4.75 0.5 0 0.02165867 0.021502 0.02144126 0.02174124 0.02225905 1000 0.007750448 0.007049311 0.007238896 0.007278961 0.006974256 1000
101 0.38 4 0.2 0 0.02430831 0.02385456 0.02404668 0.02399923 0.02429633 1000 0.006655596 0.00654877 0.006812468 0.006714126 0.006466172 1000
102 0.7799998 4 0.8 0 0.01901347 0.01834522 0.01881831 0.019378 0.02007612 1000 0.006428197 0.006841362 0.006239651 0.006059318 0.006093865 1000
103 0.7999998 4.75 0.7 1 0.02096078 0.02126622 0.02160025 0.02167455 0.02171894 1000 0.006198941 0.0067187 0.005750037 0.006124398 0.005459812 1000
104 0.56 4.75 0.5 1 0.02169394 0.02154136 0.02141508 0.02169462 0.02156009 1000 0.006412011 0.00583668 0.005967804 0.006169362 0.006003408 1000
105 0.4800001 -4.75 0.3 0 0.02220938 0.02228405 0.02265926 0.023565 0.02389716 1000 0.006225338 0.006124662 0.006926155 0.006011212 0.005919009 1000
106 1.02 4 0.8 0 0.02397267 0.02393205 0.02426109 0.02479073 0.02528472 1000 0.005720635 0.00549543 0.0055901 0.005713988 0.005721637 1000
107 0.6399999 -4 0.7 1 0.02033932 0.01976653 0.02006839 0.0203213 0.02090213 1000 0.002368385 0.002850925 0.001966312 0.002317821 0.002169666 1000
108 0.4600001 5.5 0.3 0 0.02298978 0.02319429 0.02398585 0.02409562 0.02353578 1000 0.002149119 0.002331901 0.002254029 0.002135939 0.002383083 1000
109 0.56 4.75 0.5 -1 0.02345854 0.02322667 0.02318412 0.02344595 0.02400603 1000 0.003069568 0.002660203 0.002351175 0.002958269 0.002355421 1000
110 0.52 -5.5 0.3 0 0.02333478 0.02350042 0.0237715 0.02399372 0.02414216 1000 0.002850166 0.002616881 0.002734482 0.002598133 0.002190196 1000
111 0.9999996 -4.75 1 0 0.02393886 0.0210745 0.01987839 0.01831799 0.01827066 1000 0.002605974 0.002016589 0.002286529 0.002355966 0.002010034 1000
112 0.36 4.75 0.2 0 0.01767666 0.01752103 0.0177411 0.01778341 0.0178797 1000 0.001697577 0.001425266 0.001420349 0.001320229 0.002003138 1000
113 0.6 -4.75 0.5 -1 0.02045546 0.02065395 0.02061814 0.02045901 0.0201936 1000 0.001183624 0.001568543 0.001250402 0.001869977 0.00172603 1000
114 0.5000001 -4 0.7 1 0.02196567 0.02169379 0.02174348 0.02159569 0.02168922 1000 0.001674352 0.001750017 0.001589389 0.001590813 0.001370323 1000
115 0.54 5.5 0.4 0 0.0223761 0.02207506 0.02162878 0.02193054 0.02234411 1000 0.001659494 0.001118412 0.001211803 0.00101467 0.001231481 1000
116 0.9799996 -4.75 1 0 0.02243013 0.02257166 0.0223917 0.02225939 0.02260001 1000 0.001471556 0.00205281 0.001196023 0.001294902 0.001702816 1000
117 0.6999999 -5.5 0.5 0 0.02104606 0.02024112 0.02076984 0.02184697 0.02103165 1000 0.001499123 0.0009846907 0.001817175 0.002248038 0.001309315 1000
118 0.8199998 -4.75 0.6 -1 0.02177632 0.02203209 0.02261494 0.02230067 0.02210294 1000 0.00269361 0.002096301 0.002321468 0.003072663 0.002365784 1000
119 0.8999997 -5.5 0.6 0 0.02286967 0.02254806 0.02272165 0.02306516 0.02306428 1000 0.003710083 0.003619845 0.003702513 0.003363184 0.003562474 1000
120 0.8999997 -4 0.7 0 0.02315298 0.02295964 0.02291056 0.023032 0.02324634 1000 0.00329261 0.003096201 0.003445965 0.00315984 0.003291118 1000
121 0.6599999 4.75 0.4 0 0.02307743 0.02289134 0.02294705 0.02328061 0.02316293 1000 0.003196748 0.00362177 0.003431519 0.003571184 0.003648445 1000
122 0.6799999 -4.75 0.5 -1 0.02322887 0.02288276 0.02272443 0.02293799 0.02310323 1000 0.003545851 0.003343275 0.003633371 0.003467776 0.003157433 1000
123 0.58 4 0.3 0 0.02327094 0.02316495 0.02311707 0.02309537 0.02344914 1000 0.00402065 0.003933319 0.003667709 0.004358026 0.003475413 1000
124 0.8999997 5.5 0.8 0 0.02278559 0.0229248 0.02335756 0.02354264 0.0232086 1000 0.004513592 0.003986876 0.004347322 0.003742537 0.003936277 1000
125 1.239999 -5.5 1 0 0.02234129 0.02228342 0.02242924 0.02243617 0.02240114 1000 0.003605282 0.003609117 0.003707437 0.00369258 0.00348792 1000
126 0.6799999 4.75 0.3 0 0.02128684 0.02109815 0.02126549 0.02131874 0.0210304 1000 0.003305554 0.00305081 0.003543698 0.003112854 0.003328805 1000
127 0.9999996 4.75 0.9 0 0.02039304 0.02028727 0.01991294 0.02030248 0.0207153 1000 0.003766766 0.003932705 0.003561314 0.003953747 0.003184605 1000
128 0.56 4.75 0.6 -1 0.02102248 0.02081272 0.0208152 0.02107004 0.02101376 1000 0.003120976 0.003035441 0.002913919 0.003038458 0.003367366 1000
129 0.4800001 4 0.5 1 0.02092279 0.02067389 0.02044487 0.02039564 0.02076537 1000 0.002860444 0.00269182 0.003190103 0.002734141 0.003533667 1000
130 0.6999999 5.5 0.6 1 0.02017323 0.01996766 0.01989522 0.02019195 0.02000005 1000 0.003553076 0.003637746 0.003695051 0.003885645 0.003558858 1000
131 0.6599999 -4.75 0.6 -1 0.01991618 0.0198972 0.01990349 0.0203137 0.02092925 1000 0.004318709 0.004248671 0.004161581 0.004011535 0.003653638 1000
132 0.7799998 4 0.7 0 0.02067901 0.02053199 0.0204422 0.02036715 0.02047925 1000 0.003367869 0.003364055 0.003371864 0.003505528 0.003951837 1000
133 0.8999997 -5.5 0.9 0 0.01981268 0.02009941 0.02020961 0.02036333 0.02077469 1000 0.004284322 0.004306805 0.003899627 0.004862477 0.004091613 1000
134 0.6 4 0.5 0 0.01951582 0.02014148 0.02061668 0.02070601 0.02046061 1000 0.003494297 0.003471926 0.003333059 0.003332803 0.003223716 1000
135 0.6199999 -4.75 0.6 -1 0.0202772 0.02022851 0.02036929 0.02036778 0.02092105 1000 0.003857416 0.00381673 0.003961202 0.004463894 0.003329222 1000
136 0.14 4.75 0.1 0 0.02310012 0.02256764 0.02209369 0.02173055 0.02166678 1000 0.002982433 0.0032626 0.002997943 0.003116881 0.002730065 1000
137 0.7799998 4 1 0 0.0207608 0.02105196 0.02113398 0.02139396 0.02155401 1000 0.003972271 0.003427196 0.003631481 0.003421393 0.003529337 1000
138 0.6799999 5.5 0.5 0 0.02072016 0.02118478 0.02153544 0.02191169 0.02174156 1000 0.004382221 0.003463731 0.003676129 0.003301656 0.003498711 1000
139 0.32 5.5 0.2 0 0.02081322 0.02140768 0.02141597 0.0211363 0.02106742 1000 0.002989084 0.00269698 0.002826753 0.00262044 0.003170989 1000
140 0.34 -4 0.5 1 0.02082733 0.02065645 0.0207011 0.02052796 0.02059878 1000 0.003446141 0.003230386 0.002955745 0.003060528 0.003168076 1000
141 0.54 -4.75 0.5 0 0.02220926 0.02198278 0.0218803 0.02191437 0.02188232 1000 0.002326854 0.002391001 0.001801816 0.002411993 0.002286026 1000
142 0.58 -4 0.7 1 0.02111179 0.02118576 0.02094695 0.0211473 0.02121578 1000 0.002969824 0.002662725 0.00286747 0.002864663 0.002989943 1000
143 0.54 -4 0.5 0 0.02124538 0.02120811 0.02161252 0.02156936 0.02160733 1000 0.003067489 0.003250505 0.002779726 0.002941258 0.002931067 1000
144 0.7399998 4.75 0.7 0 0.02235894 0.02241023 0.02256253 0.02274396 0.02219547 1000 0.002503982 0.002238806 0.002097514 0.002405273 0.001910728 1000
145 0.4800001 -4 0.5 1 0.02129227 0.0212106 0.02137583 0.02174455 0.02161066 1000 0.003129331 0.003195335 0.003202385 0.003286474 0.003076618 1000
146 0.4800001 4 0.7 -1 0.02184658 0.02167176 0.02170193 0.02187098 0.02196534 1000 0.002974262 0.003143528 0.002721844 0.00265668 0.002596919 1000
147 0.7799998 4.75 0.6 1 0.02137819 0.02156467 0.02193792 0.02196528 0.0217498 1000 0.003444664 0.002900212 0.002972334 0.003293162 0.003109776 1000
148 0.7799998 4.75 0.6 0 0.02210358 0.02216838 0.02212095 0.02212736 0.02230234 1000 0.00309182 0.003393812 0.003201409 0.003161648 0.00348968 1000
149 0.7199998 -4 0.5 0 0.02205538 0.0219989 0.02228811 0.02259536 0.02272962 1000 0.002441079 0.002451963 0.002195535 0.002168116 0.001977358 1000
150 0.6999999 4 0.5 1 0.01801168 0.01636512 0.0150056 0.01480328 0.01520298 1000 0.001602221 0.0009620167 0.0006778345 0.0004733781 -0.0002789687 1000
151 0.9199997 4 0.7 1 0.01935434 0.01982737 0.02029175 0.01971224 0.01850758 1000 -0.004761759 -0.003799455 -0.003708254 -0.004084378 -0.004901149 1000
152 0.8999997 -5.5 0.5 0 0.01747865 0.0178657 0.01818305 0.01870088 0.01884014 1000 -0.008154312 -0.008165059 -0.007714124 -0.008767234 -0.008574342 1000
153 0.6 5.5 0.3 0 0.02077549 0.02065312 0.02030924 0.01976996 0.01980062 1000 -0.009225964 -0.009225283 -0.009218624 -0.009127859 -0.009034367 1000
154 0.4800001 5.5 0.5 -1 0.01978599 0.01976006 0.01962722 0.01956233 0.01952885 1000 -0.009688783 -0.009615523 -0.00980329 -0.009838868 -0.009912864 1000
155 0.7799998 5.5 0.7 1 0.0196933 0.01940792 0.01972384 0.02003434 0.02021489 1000 -0.009829225 -0.01013359 -0.01019236 -0.01012757 -0.009876099 1000
156 0.3 4.75 0.1 0 0.02063425 0.02073472 0.02126801 0.02142378 0.02181407 1000 -0.009104681 -0.009622971 -0.009217275 -0.009394526 -0.009163002 1000
157 0.7799998 -5.5 0.7 -1 0.02268007 0.02266209 0.02301667 0.0231545 0.02314375 1000 -0.009976077 -0.009346332 -0.01030521 -0.009948543 -0.01006402 1000
158 0.7199998 -5.5 0.7 0 0.02357598 0.02392652 0.02390714 0.02392615 0.02398195 1000 -0.009057036 -0.009505659 -0.009573026 -0.009861952 -0.00970165 1000
159 0.6799999 -4.75 0.7 0 0.0241868 0.02360111 0.02367338 0.02367486 0.02389331 1000 -0.009810711 -0.009633641 -0.009682688 -0.009789684 -0.009816505 1000
160 0.38 -5.5 0.1 0 0.0242196 0.02417142 0.02449904 0.02475426 0.02459027 1000 -0.009533561 -0.009549189 -0.009710986 -0.00978033 -0.00956123 1000
161 0.6 -4.75 0.6 0 0.02129173 0.02043118 0.02000437 0.01826845 0.01657807 1000 -0.009230875 -0.00886244 -0.008444828 -0.007919221 -0.007645605 1000
162 0.9799996 4.75 1 0 0.01701987 0.01751993 0.01808224 0.01868441 0.01894146 1000 -0.008953368 -0.008638355 -0.009411724 -0.008610019 -0.009232756 1000
163 0.9199997 -4.75 1 0 0.02019644 0.02016704 0.01986221 0.02021824 0.02061551 1000 -0.009149524 -0.008818598 -0.009027074 -0.008570679 -0.00910745 1000
164 0.6 4 0.5 1 0.01991895 0.01992102 0.0201289 0.02054301 0.0206883 1000 -0.007976227 -0.008489537 -0.008678817 -0.008988389 -0.009078309 1000
165 0.4800001 -4 0.5 -1 0.02152785 0.02139467 0.02165553 0.02173744 0.02203959 1000 -0.009144587 -0.008259437 -0.009391645 -0.009024137 -0.009365064 1000
166 1.08 5.5 0.6 1 0.02174905 0.02172657 0.02217502 0.02275624 0.02275149 1000 -0.009292371 -0.009259954 -0.008990012 -0.009130467 -0.009208507 1000
167 0.38 5.5 0.5 -1 0.02257523 0.02243528 0.02277665 0.02281645 0.02261993 1000 -0.009026117 -0.008792751 -0.008887416 -0.008645344 -0.008679986 1000
168 0.6799999 -5.5 0.4 0 0.02292625 0.02238404 0.02235406 0.02236679 0.02270091 1000 -0.008896955 -0.009123955 -0.008785565 -0.008978622 -0.008982273 1000
169 0.6399999 4 0.5 0 0.02201835 0.02201372 0.02203209 0.02188887 0.02194472 1000 -0.009579894 -0.009379398 -0.009493159 -0.009222242 -0.009079959 1000
170 0.28 -4.75 0.1 0 0.01244256 0.01438928 0.01379667 0.01417768 0.01490077 1000 -0.009037855 -0.00909653 -0.01092108 -0.009830492 -0.009962582 1000
171 1.12 -5.5 0.8 0 0.01358688 0.01162231 0.009332175 0.007056652 0.006010376 1000 -0.009259266 -0.00863442 -0.008785186 -0.008094888 -0.007119446 1000
172 0.58 -4 0.6 1 0.01138017 0.01165867 0.01188779 0.01210015 0.01231674 1000 -0.01434576 -0.01462768 -0.01459266 -0.01456893 -0.01442601 1000
173 0.4 -4 0.3 0 0.01633365 0.0161669 0.01616427 0.01615003 0.01648536 1000 -0.0131188 -0.01354785 -0.01339749 -0.01313631 -0.01321604 1000
174 0.32 4 0.2 0 0.01812566 0.01859727 0.01874171 0.01892105 0.01887423 1000 -0.01355269 -0.01428864 -0.0141051 -0.01402906 -0.01410403 1000
175 0.4 -4 0.6 1 0.01987911 0.01990068 0.02035636 0.02095666 0.021292 1000 -0.01408362 -0.01390546 -0.01385039 -0.01406833 -0.01388888 1000
176 0.5000001 -4 0.5 0 0.02384713 0.02295606 0.0228605 0.02333982 0.02383052 1000 -0.01417729 -0.01353268 -0.01322297 -0.01324372 -0.01331943 1000
177 0.4600001 4.75 0.4 0 0.02305513 0.02312973 0.02335055 0.02350077 0.02344353 1000 -0.01324374 -0.01297245 -0.01345174 -0.01284908 -0.01370202 1000
178 0.9399996 4.75 0.8 0 0.02423573 0.02438031 0.02471013 0.02478984 0.02479154 1000 -0.0131762 -0.01337405 -0.01323269 -0.01326087 -0.0133261 1000
179 0.34 5.5 0.2 0 0.01326304 0.01294915 0.01297263 0.01350728 0.01371831 1000 -0.01206644 -0.01156825 -0.01177702 -0.01164876 -0.01229133 1000
180 1.1 4 1 0 0.01446225 0.01440938 0.01437131 0.01444404 0.01452906 1000 -0.01194205 -0.01188861 -0.012056 -0.01225327 -0.01199219 1000
181 0.4600001 -4 0.5 1 0.01678783 0.01662548 0.01654116 0.01658158 0.01661495 1000 -0.01288887 -0.01277037 -0.01324499 -0.01291165 -0.01339087 1000
182 0.3 4 0.2 0 0.01670871 0.01661365 0.01678954 0.01694405 0.01711202 1000 -0.01274262 -0.01282168 -0.01318565 -0.01261771 -0.01347214 1000
183 0.7799998 -4.75 0.9 0 0.01687371 0.01715752 0.01731689 0.01733594 0.01746878 1000 -0.01359847 -0.01363835 -0.01355856 -0.01343293 -0.0136966 1000
184 0.7399998 4.75 0.7 0 0.01838213 0.01871762 0.01879432 0.01930346 0.01933486 1000 -0.01393992 -0.01346182 -0.01353547 -0.01374866 -0.01379933 1000
185 0.18 -4.75 0.1 0 0.0183968 0.0183306 0.01858957 0.01888404 0.01904936 1000 -0.01326658 -0.0135741 -0.01351378 -0.01389277 -0.01326123 1000
186 0.52 -5.5 0.6 1 0.01984166 0.02019008 0.0203079 0.02012498 0.02018025 1000 -0.01368153 -0.01339107 -0.01399883 -0.01410884 -0.01420081 1000
187 0.58 -4.75 0.6 -1 0.02016925 0.02006413 0.01986542 0.01983042 0.02015663 1000 -0.01412999 -0.01380244 -0.01412339 -0.01340624 -0.01381371 1000
188 0.3 4 0.2 0 0.02024117 0.02030118 0.02016098 0.02017619 0.02077884 1000 -0.01310249 -0.01312763 -0.01320133 -0.01334548 -0.01321618 1000
189 0.52 -4 0.6 0 0.02322243 0.0232097 0.02391399 0.02431861 0.02451929 1000 -0.01318039 -0.01326471 -0.01324847 -0.01317472 -0.01314567 1000
190 0.6199999 4 0.7 0 0.02251585 0.0223511 0.02175044 0.0219032 0.02133084 1000 -0.01301779 -0.01282632 -0.01266883 -0.01282453 -0.01295632 1000
191 0.4 4 0.5 -1 0.01624492 0.01613801 0.01615269 0.01639221 0.01642234 1000 -0.01372993 -0.01196966 -0.01256198 -0.0128306 -0.01221171 1000
192 0.26 -5.5 0.1 0 0.01861625 0.01913546 0.019233 0.01902457 0.01865724 1000 -0.0122844 -0.01257033 -0.01250754 -0.0127471 -0.01234884 1000
193 0.54 -4.75 0.7 1 0.01895167 0.01926661 0.0186276 0.01842182 0.01803491 1000 -0.01261109 -0.01256049 -0.01098584 -0.01259608 -0.01148804 1000
194 0.6399999 -5.5 0.7 0 0.02026181 0.02071455 0.02085156 0.02045825 0.020828 1000 -0.01288353 -0.01349385 -0.01273987 -0.01329737 -0.01359139 1000
195 0.8799997 4 0.9 0 0.02077674 0.01955168 0.01859101 0.01647938 0.01438091 1000 -0.01349934 -0.01347548 -0.01307487 -0.01146565 -0.01032503 1000
196 0.54 4 0.7 -1 0.01408966 0.01468728 0.01485208 0.01498334 0.01492932 1000 -0.01239749 -0.01255549 -0.01306948 -0.0127964 -0.01282498 1000
197 0.8199998 -5.5 0.7 -1 0.01542614 0.01589288 0.01607113 0.0163067 0.01616096 1000 -0.01195417 -0.01228049 -0.01243704 -0.01246576 -0.0125421 1000
198 0.6799999 -4.75 0.6 0 0.01636647 0.01632984 0.01653481 0.01668098 0.01684162 1000 -0.01239488 -0.01174898 -0.01152707 -0.0116139 -0.01153408 1000
199 0.9599996 -4.75 0.8 0 0.01720659 0.01764542 0.01794973 0.0179154 0.01761759 1000 -0.01167082 -0.01151306 -0.01156143 -0.01178028 -0.01205573 1000
200 0.8999997 4 0.7 0 0.01673168 0.01683027 0.01678906 0.01693893 0.01693807 1000 -0.01119368 -0.01191375 -0.01201796 -0.01205656 -0.01212943 1000
201 1.1 5.5 0.7 1 0.01466375 0.01459332 0.01450618 0.01402724 0.01416973 1000 -0.01063929 -0.01092154 -0.01098397 -0.01058664 -0.01102999 1000
202 0.6799999 -4.75 0.6 1 0.01513097 0.01504903 0.01530561 0.01541051 0.0153235 1000 -0.01100396 -0.01118083 -0.0108262 -0.01138722 -0.01156725 1000
203 0.6999999 -4.75 0.5 0 0.015593 0.015638 0.01613846 0.01636051 0.01609347 1000 -0.01114867 -0.01161463 -0.01098595 -0.01162502 -0.01113796 1000
204 0.7799998 -4.75 0.7 -1 0.01662201 0.01623142 0.0165172 0.01666964 0.01649573 1000 -0.01201611 -0.01197235 -0.01173843 -0.0119004 -0.01153062 1000
205 0.6999999 4.75 0.6 1 0.01560671 0.01557 0.01585419 0.01586074 0.01583743 1000 -0.01090222 -0.01084075 -0.01120565 -0.01106557 -0.011105 1000
206 0.6999999 5.5 0.7 -1 0.0168642 0.017128 0.01715722 0.01709785 0.01730252 1000 -0.01098507 -0.01122717 -0.01140849 -0.0117554 -0.01138162 1000
207 0.9999996 -4 1 0 0.015888 0.01605102 0.01602543 0.01617711 0.0162165 1000 -0.0111887 -0.01142273 -0.01138418 -0.01119062 -0.01136465 1000
208 0.6799999 -4.75 0.7 1 0.01642172 0.01658936 0.01647764 0.01655245 0.01700783 1000 -0.01165147 -0.01155269 -0.01103281 -0.01105353 -0.01130343 1000
209 0.8599997 -4 0.7 0 0.0179501 0.01726533 0.01717603 0.01733905 0.01761836 1000 -0.01166232 -0.01180941 -0.01154082 -0.01142257 -0.01130382 1000
210 0.7199998 -4 0.6 1 0.01608331 0.01554718 0.01569097 0.01591222 0.01601921 1000 -0.01143156 -0.0115307 -0.01181642 -0.01175252 -0.01168598 1000
211 1.1 5.5 0.9 0 0.01805245 0.01843274 0.01827082 0.01793009 0.01759282 1000 -0.01248873 -0.0122943 -0.01260823 -0.01253539 -0.01241438 1000
212 0.4 4 0.2 0 0.009490686 0.009821958 0.01008372 0.01046936 0.01118449 1000 -0.007944849 -0.008524966 -0.007989039 -0.008668695 -0.008611138 1000
213 0.58 4 0.5 -1 0.01396192 0.01449072 0.01524927 0.01601424 0.01639344 1000 -0.008918342 -0.008658561 -0.008471323 -0.00893202 -0.008877825 1000
214 0.7399998 -4 0.6 0 0.01665591 0.01694286 0.01728587 0.01794561 0.01805416 1000 -0.008454897 -0.008119064 -0.008857317 -0.008621229 -0.008615783 1000
215 0.7599998 -4 0.8 0 0.0169414 0.01692762 0.01740307 0.01761167 0.01748919 1000 -0.008542755 -0.008378419 -0.008434329 -0.008226618 -0.008194501 1000
216 0.8599997 5.5 0.7 -1 0.01900321 0.01888254 0.01892484 0.0189457 0.01826045 1000 -0.008714047 -0.00865017 -0.009090628 -0.008710563 -0.008899893 1000
217 0.42 -4.75 0.2 0 0.01759645 0.01765919 0.01754566 0.01746425 0.01741614 1000 -0.008177425 -0.008175463 -0.007877062 -0.008050875 -0.008139335 1000
218 0.8599997 5.5 0.7 1 0.01834099 0.01879388 0.01888421 0.01883648 0.01878533 1000 -0.007784938 -0.008082669 -0.007696415 -0.008369856 -0.008493705 1000
219 0.8599997 5.5 0.8 0 0.01936671 0.01909903 0.01878389 0.01896105 0.01920517 1000 -0.008461043 -0.008862243 -0.008727442 -0.008826301 -0.008760857 1000
220 0.4800001 -4 0.5 1 0.01889337 0.01855058 0.01878162 0.01882688 0.0185892 1000 -0.007828109 -0.007657924 -0.007849034 -0.007756238 -0.007692049 1000
221 0.4600001 -4.75 0.6 1 0.02022137 0.0202213 0.02110573 0.02090326 0.02031399 1000 -0.009128672 -0.009287192 -0.009340479 -0.009880829 -0.009065971 1000
222 0.7399998 5.5 0.9 0 0.02031456 0.02001645 0.02019173 0.02062038 0.02054416 1000 -0.008620067 -0.008852191 -0.008854629 -0.008641291 -0.008700336 1000
223 0.6799999 -4.75 0.7 0 0.02118604 0.02126307 0.02119878 0.02156649 0.02213977 1000 -0.008111208 -0.008192649 -0.008076525 -0.008316025 -0.008265707 1000
224 1.04 4 0.9 0 0.02295674 0.02252789 0.02259099 0.02292257 0.02291522 1000 -0.00944123 -0.008955368 -0.009422103 -0.008990124 -0.009174597 1000
225 0.7999998 -4 0.7 -1 0.02180117 0.02159204 0.02156727 0.02168957 0.02175837 1000 -0.008357278 -0.008709927 -0.008773114 -0.008721054 -0.00879448 1000
226 0.36 4 0.5 -1 0.02427932 0.02435945 0.02432064 0.0242362 0.02451273 1000 -0.01012282 -0.01019387 -0.01017626 -0.01012528 -0.009697178 1000
227 0.4600001 -4 0.4 0 0.02326703 0.02300578 0.0232179 0.0233368 0.0235655 1000 -0.009069202 -0.009176544 -0.009142651 -0.009280346 -0.009148054 1000
228 0.6799999 4.75 0.5 0 0.02322089 0.02361553 0.02394482 0.02427366 0.02460764 1000 -0.009473446 -0.009293791 -0.009192294 -0.009378169 -0.009314976 1000
229 0.56 -4 0.4 0 0.02354892 0.02414756 0.0242783 0.02424988 0.02458788 1000 -0.009891254 -0.00976408 -0.009812086 -0.01033221 -0.009758432 1000
230 0.56 -4 0.6 -1 0.02428843 0.02403795 0.02428466 0.02454574 0.02377714 1000 -0.01006112 -0.01026839 -0.009909389 -0.01012907 -0.009701449 1000
231 0.4800001 -4 0.6 1 0.02159636 0.02160355 0.02181112 0.02214567 0.02234222 1000 -0.008780166 -0.009150793 -0.009271737 -0.009269711 -0.009344243 1000
232 0.4600001 -4.75 0.5 1 0.02261012 0.02265572 0.02279926 0.02280997 0.02274231 1000 -0.009898535 -0.009710642 -0.009708256 -0.009743771 -0.009557943 1000
233 0.6399999 5.5 0.5 0 0.02287126 0.02237039 0.02249114 0.02267485 0.02243141 1000 -0.009906486 -0.009773497 -0.009863344 -0.009642178 -0.009587528 1000
234 0.54 4.75 0.6 0 0.02331248 0.02347386 0.02357779 0.02370607 0.02339099 1000 -0.009715619 -0.01030212 -0.01045914 -0.01026094 -0.009946827 1000
235 0.7199998 5.5 0.8 0 0.02374647 0.02369498 0.02382037 0.02358652 0.0237842 1000 -0.009900459 -0.009086926 -0.01002098 -0.009658644 -0.009602467 1000
236 0.5000001 -4.75 0.5 1 0.02353783 0.02335179 0.02325719 0.02350032 0.02357258 1000 -0.009496852 -0.009958103 -0.009390882 -0.01003656 -0.009825812 1000
237 0.58 -4 0.7 -1 0.02044725 0.01592666 0.01297112 0.01341098 0.01531001 1000 -0.009996913 -0.009409461 -0.008813553 -0.008742205 -0.008843685 1000
238 0.56 -4 0.7 0 0.01793193 0.01773536 0.01777611 0.01796397 0.01806238 1000 -0.009393665 -0.009574979 -0.00984136 -0.009741237 -0.009868659 1000
239 0.54 -4 0.7 1 0.01864531 0.0189785 0.01942775 0.01978357 0.01993232 1000 -0.009921847 -0.009911854 -0.009936925 -0.01018974 -0.01042965 1000
240 0.52 -4.75 0.5 0 0.01972876 0.02049752 0.02105865 0.02084041 0.02055598 1000 -0.0111395 -0.01026488 -0.01092914 -0.01153199 -0.01072998 1000
241 0.6 -4.75 0.7 -1 0.02090419 0.02075917 0.01764004 0.01643632 0.01550957 1000 -0.01121368 -0.01199085 -0.01197863 -0.01167933 -0.01113262 1000
242 0.4400001 -5.5 0.3 0 0.0184227 0.01853864 0.01892623 0.01910486 0.01896732 1000 -0.01227695 -0.01200202 -0.01206585 -0.01203178 -0.01193661 1000
243 0.4400001 -4.75 0.3 0 0.02057054 0.02099683 0.02114376 0.02103543 0.02065914 1000 -0.01250144 -0.01259444 -0.012552 -0.01264012 -0.01261699 1000
244 0.4800001 -4 0.6 0 0.02094137 0.02118233 0.0212345 0.02144297 0.02146262 1000 -0.01231835 -0.01215347 -0.0127151 -0.0126395 -0.0125931 1000
245 0.54 -5.5 0.5 -1 0.02243817 0.02237656 0.02257325 0.02285812 0.0227484 1000 -0.01280944 -0.01275976 -0.01274472 -0.0126378 -0.01244832 1000
246 0.7599998 4.75 0.7 1 0.02428372 0.02419968 0.0239148 0.02417154 0.02434233 1000 -0.01255757 -0.01268675 -0.0129969 -0.01249976 -0.01288267 1000
247 0.6599999 -4 0.9 0 0.02390769 0.02350574 0.0234577 0.02239281 0.02140382 1000 -0.01269578 -0.01241712 -0.01223149 -0.01207559 -0.01191724 1000
248 0.8399997 -5.5 1 0 0.01866654 0.01859992 0.01924378 0.01945323 0.01945917 1000 -0.01199533 -0.01161495 -0.01244047 -0.01242599 -0.0125684 1000
249 0.4800001 -4.75 0.5 1 0.01941728 0.01864971 0.01845905 0.01873181 0.01889239 1000 -0.01190051 -0.01196756 -0.01181247 -0.01204845 -0.01219127 1000
250 0.4800001 -4.75 0.6 1 0.00784619 0.007385876 0.008508275 0.009737047 0.01089214 1000 -0.01210464 -0.01254872 -0.01301339 -0.01379769 -0.01389555 1000
251 0.7399998 5.5 0.5 0 0.01613356 0.01565453 0.01571856 0.01583161 0.01608499 1000 -0.01425887 -0.01411637 -0.01412496 -0.0139233 -0.01396156 1000
252 0.54 -4.75 0.6 1 0.01746936 0.0172816 0.01719595 0.01724862 0.01746061 1000 -0.01403356 -0.01420414 -0.01419646 -0.01407999 -0.01397355 1000
253 0.6999999 -4.75 0.9 0 0.0191192 0.01876283 0.01887502 0.01888049 0.01897679 1000 -0.01417018 -0.01393422 -0.01402478 -0.01440961 -0.01410195 1000
254 0.7599998 4.75 0.7 1 0.01894696 0.01859068 0.01843231 0.01862319 0.01866166 1000 -0.01322272 -0.01320008 -0.01327687 -0.0127436 -0.01354063 1000
255 0.6399999 4 0.6 -1 0.01931653 0.01917663 0.01950034 0.02022029 0.02039488 1000 -0.01347949 -0.01352972 -0.01311573 -0.01356731 -0.01319692 1000
256 0.8399997 5.5 0.7 1 0.01910298 0.01884869 0.01908004 0.01940223 0.01911053 1000 -0.01271184 -0.01304096 -0.01260797 -0.01344753 -0.01322144 1000
257 0.6999999 5.5 0.4 0 0.01905447 0.01902126 0.01928999 0.01970126 0.01990402 1000 -0.01281888 -0.01345066 -0.01336003 -0.01348831 -0.01312426 1000
258 0.7999998 -4.75 0.7 -1 0.02078746 0.02070048 0.02086069 0.02081543 0.02046429 1000 -0.01327516 -0.01400412 -0.01345359 -0.01359455 -0.01346243 1000
259 0.6999999 4 0.6 1 0.01948879 0.01893581 0.01830562 0.01813208 0.01793577 1000 -0.01350558 -0.01349818 -0.01359512 -0.01365443 -0.01346098 1000
260 0.7399998 -4.75 1 0 0.01941927 0.01934116 0.01933582 0.01931689 0.01999343 1000 -0.01351693 -0.01373703 -0.01395663 -0.01386534 -0.01403982 1000
261 0.6399999 4.75 0.4 0 0.01939965 0.01914552 0.01896935 0.0193186 0.01918773 1000 -0.01373955 -0.01363436 -0.01327704 -0.01377327 -0.01369446 1000
262 0.4800001 4 0.4 0 0.01799424 0.01807689 0.01874799 0.01925544 0.01932381 1000 -0.01381726 -0.01365269 -0.01397758 -0.0133653 -0.01407433 1000
263 0.8799997 4 1 0 0.01958834 0.01932587 0.01943919 0.01938037 0.019764 1000 -0.01425796 -0.01420022 -0.01412179 -0.01427853 -0.0141026 1000
264 0.6399999 4 0.5 1 0.01910775 0.01921471 0.01944851 0.01923606 0.0191818 1000 -0.01389678 -0.01348311 -0.01412319 -0.01383888 -0.01392004 1000
265 0.7199998 -4 0.6 -1 0.01988017 0.02010957 0.02057976 0.02071646 0.02075222 1000 -0.01400722 -0.01445367 -0.01406477 -0.01490666 -0.01460349 1000
266 0.5000001 4.75 0.3 0 0.0199869 0.0200217 0.02023374 0.01985432 0.0197921 1000 -0.01427559 -0.0140824 -0.01419352 -0.0138371 -0.01381487 1000
267 0.7799998 -4 0.9 0 0.01995707 0.02024437 0.02054523 0.02062335 0.02066097 1000 -0.01397001 -0.013926 -0.01415824 -0.01371164 -0.01442302 1000
268 0.3 5.5 0.1 0 0.0213675 0.02104807 0.02122198 0.02108496 0.02098953 1000 -0.01461626 -0.01464878 -0.01447351 -0.01448872 -0.01430567 1000
269 0.6 -4 0.7 -1 0.02159824 0.02158802 0.02147384 0.02152674 0.02153375 1000 -0.01407871 -0.01424074 -0.01428385 -0.01427362 -0.01431344 1000
270 0.42 5.5 0.1 0 0.02026219 0.02073314 0.02103466 0.02113667 0.02122634 1000 -0.01361844 -0.01358531 -0.01342584 -0.01355976 -0.01387647 1000
271 0.8199998 -4.75 1 0 0.02256503 0.02284522 0.02203959 0.02157438 0.02129261 1000 -0.01434265 -0.01418667 -0.0148354 -0.01407903 -0.01472736 1000
272 0.6199999 4 0.5 0 0.02096139 0.02050186 0.02059676 0.02072044 0.02039927 1000 -0.01422767 -0.01402447 -0.01416278 -0.0140729 -0.01393987 1000
273 0.7399998 4 0.7 1 0.02160793 0.02174314 0.02140754 0.02125815 0.02119439 1000 -0.01373132 -0.01436104 -0.01456415 -0.01456976 -0.01452697 1000
