trial Response_Time velH Occlusion_Duration velH_Subject xRotations_first0 xRotations_first1 xRotations_first2 xRotations_first3 xRotations_first4 xRotations_first5 yRotations_first0 yRotations_first1 yRotations_first2 yRotations_first3 yRotations_first4 yRotations_first5
1 0.6599999 -5.5 0.7 -1 -0.01397742 -0.002879487 0.004395788 0.005461576 0.004152955 1000 -0.00169669 0.0008180696 0.003837444 0.003838181 0.002193628 1000
2 0.58 5.5 0.7 -1 0.0003042543 -0.0001182099 -0.0002518356 -0.0002171196 -0.0001705136 1000 0.005806031 0.00644357 0.00557387 0.005923264 0.007011618 1000
3 0.52 5.5 0.8 0 -0.0007786193 -0.001053669 -0.001324072 -0.001180082 -0.001389484 1000 0.007963241 0.006971913 0.006693525 0.007069889 0.00657379 1000
4 0.7199998 -4.75 0.5 1 -0.00186241 -0.001716148 -0.001572083 -0.001464824 -0.001185012 1000 0.008534839 0.008058297 0.007827396 0.007772605 0.008222282 1000
5 0.6399999 4 0.7 1 -0.0001847005 0.000335947 0.0002752794 -0.0001838468 -0.0004334855 1000 0.009095632 0.008673764 0.008623394 0.0088944 0.007836482 1000
6 0.54 -4 0.5 -1 -0.001326315 -0.001694597 -0.001520551 -0.001177755 -0.0007862853 1000 0.009343824 0.01016158 0.01023545 0.009928265 0.009707065 1000
7 0.4800001 4.75 0.3 0 0.0001625221 -0.0001114103 0.0001159896 0.0002107524 0.0001119334 1000 0.01045241 0.01001223 0.009621715 0.009691006 0.009662607 1000
8 0.7199998 -5.5 0.7 0 -0.00138786 -0.001363956 -0.001268024 -0.001271287 -0.001592173 1000 0.009729617 0.009704511 0.009975871 0.01073873 0.01029264 1000
9 0.42 -5.5 0.3 0 -0.00162695 -0.001436295 -0.001369693 -0.001385901 -0.001666087 1000 0.01026571 0.01063733 0.009770046 0.009563073 0.009773728 1000
10 0.56 -4 0.5 0 -0.002329638 -0.001813276 -0.001806431 -0.002140774 -0.002027412 1000 0.007801696 0.007553027 0.008070526 0.008341533 0.007891512 1000
11 0.6799999 4.75 0.7 -1 -0.0001913647 -0.0001299465 -0.0006061037 -0.0007015922 -0.0009345296 1000 0.008629963 0.008742625 0.008568933 0.008156621 0.008807954 1000
12 0.36 4.75 0.5 -1 -0.001543944 -0.001497653 -0.001747785 -0.00133145 -0.001583503 1000 0.00841989 0.00814825 0.007771689 0.008526105 0.008778427 1000
13 0.28 4.75 0.1 0 -0.000597462 -0.0007105715 -0.001048167 -0.0009526083 -0.0004195873 1000 0.009546837 0.009758593 0.009292066 0.00913066 0.009716836 1000
14 0.54 -4 0.7 0 -0.001806633 -0.00195877 -0.00191435 -0.002147739 -0.001628131 1000 0.006996899 0.007353653 0.007505686 0.007857639 0.007171951 1000
15 0.58 -5.5 0.9 0 0.001267448 9.566958E-05 -3.120962E-05 -3.378746E-06 -0.0001093976 1000 0.007924093 0.007841294 0.008342642 0.008001025 0.007383163 1000
16 0.4800001 -4.75 0.5 0 0.0005943071 0.0009032171 0.0009218457 0.0005410021 0.0005368935 1000 0.00702655 0.006973916 0.007337666 0.007542846 0.00720586 1000
17 0.52 -4 1 0 0.0021257 0.002019505 0.001523891 0.00142976 0.00133913 1000 0.007170754 0.007694486 0.008325179 0.007138148 0.006623069 1000
18 0.56 5.5 0.3 0 0.0004479413 7.809222E-05 0.0002253992 0.0002457929 0.0006655364 1000 0.006233473 0.006944075 0.007385965 0.007594554 0.00766366 1000
19 0.58 4.75 0.7 -1 0.004403356 0.004050954 0.003741651 0.004441476 0.004859614 1000 0.009784326 0.009808361 0.009067552 0.008978076 0.009678386 1000
20 0.4800001 -5.5 0.7 1 0.005562365 0.004973417 0.004763318 0.005096396 0.00552725 1000 0.008712558 0.008324018 0.007676191 0.00777872 0.007516858 1000
21 0.58 5.5 0.6 1 0.006994911 0.006967578 0.006268166 0.006405083 0.006057302 1000 0.007424945 0.007900488 0.007316132 0.007369565 0.007826112 1000
22 0.4400001 4 0.1 0 0.005611844 0.004676292 0.00467686 0.00496652 0.005164241 1000 0.008354341 0.008364456 0.008552224 0.009146621 0.007999606 1000
23 0.6 -5.5 0.5 -1 0.005542628 0.005412114 0.005845081 0.006020045 0.006276915 1000 0.00805718 0.007307528 0.00792096 0.007530408 0.006805085 1000
24 0.38 5.5 0.5 -1 0.003959971 0.004465512 0.004705401 0.004746017 0.00525579 1000 0.005189319 0.005405912 0.00596597 0.006031389 0.006134856 1000
25 0.4 -4.75 0.5 1 0.007628465 0.007298316 0.007317388 0.00689261 0.006674296 1000 0.006854673 0.006994565 0.007163537 0.007661102 0.006535957 1000
26 0.4 -4.75 0.5 -1 0.006749015 0.006362491 0.006099895 0.006421417 0.006606465 1000 0.006989542 0.006088499 0.005985335 0.006620652 0.00613023 1000
27 0.56 4.75 0.7 -1 0.008708609 0.007960055 0.008127782 0.008287253 0.00880567 1000 0.005899736 0.005572789 0.005503657 0.005581459 0.005919686 1000
28 0.6199999 -4.75 0.5 0 0.007312448 0.007535482 0.007867061 0.008435072 0.008295666 1000 0.003759418 0.004024757 0.003822614 0.004272745 0.005271489 1000
29 0.6 -5.5 0.4 0 0.008364768 0.008197049 0.008304527 0.00829216 0.007970754 1000 0.004292586 0.004648249 0.005243186 0.004763603 0.00432417 1000
30 0.7199998 4.75 0.7 0 0.006595853 0.00638007 0.007003025 0.007092189 0.00726483 1000 0.002737236 0.003137649 0.002958315 0.003519918 0.003784952 1000
31 0.56 4.75 0.5 0 0.008515419 0.008116596 0.007678695 0.007381225 0.00792126 1000 0.004511651 0.005091046 0.00354473 0.003514544 0.004266788 1000
32 0.4400001 -4.75 0.6 -1 0.00852959 0.008975868 0.009444924 0.009340012 0.009606977 1000 0.004763607 0.004515685 0.003979565 0.003809582 0.003960688 1000
33 0.54 4 0.4 0 0.009931933 0.01018117 0.009660411 0.009281654 0.009813631 1000 0.002313421 0.003158854 0.002885383 0.002872234 0.003513679 1000
34 0.7799998 -5.5 0.7 -1 0.009665681 0.009760069 0.00966348 0.009597736 0.009765152 1000 0.003010664 0.003986186 0.00350518 0.002689135 0.003097293 1000
35 0.52 -4 0.5 0 0.009479905 0.009234028 0.009443255 0.009479476 0.009067597 1000 0.002327708 0.002301548 0.001347885 0.001107985 5.694731E-05 1000
36 0.6 4 0.6 0 0.008808377 0.009639694 0.01046503 0.01047762 0.01057648 1000 -0.0004265997 -0.0004928109 0.0001425683 0.001057642 0.0002977931 1000
37 0.6199999 -4.75 0.7 0 0.01021056 0.009857267 0.009823128 0.009809769 0.0102481 1000 0.001962111 0.002127646 0.002080342 0.001615858 0.0006716482 1000
38 0.5000001 -4.75 0.5 1 0.009810877 0.01027656 0.01044769 0.01041865 0.01089485 1000 -0.0003178379 0.000329768 0.0001491035 -0.0004306386 -0.0003970766 1000
39 0.56 5.5 0.6 -1 0.009727094 0.01008009 0.009762732 0.009868278 0.009998025 1000 -0.0006159432 -0.0004269826 -0.0002437029 -0.0008777486 -0.000377643 1000
40 0.7399998 -4.75 0.7 0 0.00926212 0.009299288 0.009542537 0.009788213 0.009556415 1000 -0.001288405 -0.0006595776 -0.001184369 -0.001697075 -0.002703182 1000
41 0.38 -4 0.5 -1 0.008454045 0.006736986 0.007545777 0.009227747 0.009321152 1000 -0.001168779 8.599236E-06 0.0006544877 0.001351777 0.001408652 1000
42 0.6399999 4.75 1 0 0.008653183 0.008302722 0.008455628 0.00878574 0.00931638 1000 -0.001471792 -0.0002098695 -7.762862E-05 0.001390873 0.00250018 1000
43 0.38 -5.5 0.2 0 0.01187758 0.01088243 0.009643404 0.009124381 0.008903154 1000 0.001309808 0.001663151 0.001341018 0.0007078757 0.0005998175 1000
44 0.4400001 4 0.3 0 0.005344792 0.006035971 0.006328432 0.006810658 0.007736696 1000 -0.00269936 -0.002834666 -0.002848716 -0.002857917 -0.002271586 1000
45 0.34 -5.5 0.5 0 0.007611698 0.00834459 0.008165621 0.00793014 0.00767679 1000 -0.0009582373 -0.001089389 -0.0005238085 -0.001377392 -0.002702373 1000
46 0.7599998 -5.5 0.7 -1 0.007945348 0.007841769 0.007705162 0.007242157 0.00706042 1000 -0.003100224 -0.002975922 -0.003940429 -0.003880552 -0.003832963 1000
47 0.42 -4.75 0.6 1 0.007366433 0.007137971 0.007444241 0.007612561 0.007831104 1000 -0.002617081 -0.003397475 -0.002682595 -0.002957657 -0.003375096 1000
48 0.56 5.5 0.7 0 0.009028865 0.008577421 0.008438009 0.009162583 0.009388407 1000 -0.003650296 -0.004044547 -0.00431303 -0.00442091 -0.003933266 1000
49 0.56 4 0.6 1 0.008693315 0.009119617 0.009073579 0.008989165 0.009013778 1000 -0.002591676 -0.003442968 -0.003246058 -0.003053753 -0.003239573 1000
50 0.6999999 -5.5 0.7 0 0.005569214 0.005835927 0.006091271 0.005989361 0.006694817 1000 -0.003592183 -0.003909473 -0.003643787 -0.003775729 -0.003848258 1000
51 0.6199999 5.5 0.9 0 0.006239059 0.006906663 0.00662421 0.006469806 0.005859276 1000 -0.004560611 -0.005073315 -0.006681589 -0.004305273 -0.002083387 1000
52 0.52 4.75 0.7 1 0.007348739 0.008171099 0.00844456 0.008994945 0.008607859 1000 0.001297061 0.0009183941 0.0007098773 0.000965304 0.0003549287 1000
53 0.6199999 -4.75 0.7 -1 0.007920097 0.007622285 0.007722518 0.008192736 0.007946962 1000 0.0003528953 0.0003053421 -0.0009322057 -0.0009926229 -0.0001536297 1000
54 0.54 -4.75 0.7 -1 0.008487207 0.008471574 0.008286458 0.00825991 0.008191042 1000 -0.0003309461 -0.0006955497 -0.0004083431 -1.872549E-05 -0.000431817 1000
55 0.4800001 -4.75 0.5 1 0.005219038 0.005115332 0.004673427 0.004572331 0.004715913 1000 -0.0008817129 -0.001347743 -0.001809511 -0.002215715 -0.001820537 1000
56 0.52 4 0.7 1 0.005157804 0.005377417 0.005085607 0.005646361 0.00610631 1000 -9.561013E-05 0.000415572 -0.0004939454 -0.0001450622 0.0002792209 1000
57 0.36 5.5 0.5 0 0.005981658 0.006292374 0.006523862 0.00705483 0.007856253 1000 0.0001709144 0.0004854636 4.976529E-05 -0.000686963 0.000143187 1000
58 0.4800001 -4 0.3 0 0.007583645 0.007677103 0.007572355 0.007573206 0.007165578 1000 0.001183629 3.840675E-05 0.0002608308 0.0004513477 -0.0003318591 1000
59 0.6 -4.75 0.9 0 0.006643006 0.006841368 0.007331874 0.007408179 0.007434833 1000 5.953971E-05 1.516472E-05 0.0002064172 -0.0001398121 0.0004093938 1000
60 0.6999999 4 0.3 0 0.006439056 0.005721211 0.005744796 0.006712789 0.007138459 1000 -0.002416623 -0.001868785 -0.001762926 -0.0009714723 0.0001528912 1000
61 0.36 4 0.3 0 0.006776479 0.00665621 0.006882144 0.007245155 0.007459685 1000 -0.0006206536 0.0001028078 -3.429331E-06 -0.000296498 -4.206265E-05 1000
62 0.6599999 -4.75 0.7 -1 0.00658193 0.006267081 0.006519265 0.006675384 0.006837812 1000 -0.001067235 -0.001263107 -0.002379386 -0.002840801 -0.002966995 1000
63 0.4800001 4.75 0.6 -1 0.007941874 0.007873315 0.008194872 0.008722772 0.009468495 1000 -0.002262275 -0.002261281 -0.002421253 -0.001987176 -0.001378998 1000
64 0.54 4 0.5 0 0.01109899 0.01076903 0.01044264 0.01031773 0.01034441 1000 -0.002117697 -0.002080507 -0.003226319 -0.001960283 -0.000851178 1000
65 0.6599999 -4.75 0.6 -1 0.009929066 0.009895618 0.009773315 0.01005716 0.01106832 1000 -0.000695431 -0.001074244 -0.001335312 -0.00182972 -0.001287435 1000
66 0.6599999 5.5 0.5 -1 0.01054898 0.0106801 0.01050868 0.0110044 0.01160607 1000 -0.003146773 -0.003537552 -0.003634854 -0.002851371 -0.002550779 1000
67 0.52 -5.5 0.9 0 0.0118871 0.01211692 0.01219759 0.01253519 0.01271065 1000 -0.001219379 -0.001894395 -0.002378846 -0.002195496 -0.002392917 1000
68 0.6199999 4.75 0.6 1 0.01110491 0.01116233 0.01060217 0.01078959 0.01136557 1000 -0.004846678 -0.004846894 -0.005369384 -0.005402091 -0.004892334 1000
69 0.4400001 -5.5 0.6 1 0.01220472 0.01243546 0.01221484 0.01236574 0.01223444 1000 -0.002413628 -0.002453527 -0.003539357 -0.002729743 -0.002681342 1000
70 0.58 4 0.7 0 0.01118867 0.01095805 0.01119948 0.01155692 0.01119735 1000 -0.003492748 -0.003520503 -0.004475804 -0.003904406 -0.004026177 1000
71 0.4400001 4 0.5 -1 0.01184002 0.01146399 0.01079239 0.01056397 0.0111122 1000 -0.00305311 -0.002797272 -0.003837273 -0.004273798 -0.002889059 1000
72 0.38 5.5 0.5 0 0.01148835 0.01136896 0.01109548 0.01132682 0.01164151 1000 -0.003821965 -0.002903241 -0.003859727 -0.005257759 -0.004434433 1000
73 0.6 4.75 0.9 0 0.0119065 0.01088745 0.01026741 0.01045837 0.01097175 1000 -0.003921655 -0.003928496 -0.003556449 -0.003311416 -0.003932634 1000
74 0.4800001 -4.75 0.5 1 0.01252716 0.01231109 0.01247841 0.01238535 0.01170849 1000 -0.002721835 -0.002878471 -0.002953869 -0.003269952 -0.004409006 1000
75 0.6799999 4.75 0.6 0 0.01067679 0.01090874 0.0114828 0.01149723 0.01171726 1000 -0.00715007 -0.00777111 -0.007753995 -0.006707881 -0.00642356 1000
76 0.7999998 -4.75 1 0 -0.002427211 -0.004859749 -0.003494396 -0.0009022607 -0.0003683613 1000 0.01482519 0.02262417 0.02441122 0.02062227 0.01431863 1000
77 0.4400001 -5.5 0.2 0 0.002948416 0.002838783 0.002744811 0.002348409 0.002735055 1000 -0.004448037 -0.00278812 -0.001690128 -0.002454031 -0.003416911 1000
78 0.6199999 5.5 1 0 0.005482505 0.005410476 0.005565726 0.005634662 0.005726679 1000 -0.003621611 -0.003406607 -0.003266979 -0.003603231 -0.00329156 1000
79 1.08 4 0.6 1 0.006504627 0.006444626 0.006714188 0.006893127 0.007414484 1000 -0.004006855 -0.004508229 -0.00455828 -0.005820295 -0.005539529 1000
80 0.5000001 4 0.5 0 0.008708854 0.009411821 0.009082068 0.009267508 0.009217496 1000 -0.004276219 -0.003909995 -0.004971094 -0.00475509 -0.003999433 1000
81 0.6599999 -5.5 0.8 0 0.008354854 0.008287918 0.009093247 0.009663698 0.00964395 1000 -0.00448847 -0.004598509 -0.004635464 -0.004439852 -0.00439477 1000
82 0.4800001 5.5 0.4 0 0.009543782 0.009933177 0.01024317 0.01041089 0.01026044 1000 -0.004225668 -0.003445572 -0.004270167 -0.004841149 -0.004721107 1000
83 0.32 4 0.1 0 0.01068456 0.01125791 0.01083247 0.01100915 0.01126132 1000 -0.005600418 -0.00470934 -0.004316929 -0.004549406 -0.003901367 1000
84 0.4 4.75 0.4 0 0.01175004 0.01186858 0.01187914 0.01203177 0.01223745 1000 -0.003888083 -0.003465354 -0.003439681 -0.003714056 -0.004299822 1000
85 0.6 -4.75 0.8 0 0.01204145 0.01176431 0.01149463 0.01124908 0.01130558 1000 -0.003188411 -0.003901419 -0.004261504 -0.00457855 -0.005417724 1000
86 0.4400001 5.5 0.4 0 0.01217282 0.01183617 0.011982 0.01219608 0.01219908 1000 -0.002025334 -0.002388824 -0.002226671 -0.002104181 -0.002582344 1000
87 0.4 5.5 0.1 0 0.01294859 0.01253117 0.01268113 0.01342739 0.01380254 1000 -0.001275699 -0.001278004 -0.001956513 -0.001774887 -0.0009208886 1000
88 0.4600001 -4 0.7 1 0.01213856 0.01243912 0.01248487 0.01279783 0.01314977 1000 -0.001730294 -0.0009941629 -0.00188531 -0.002683852 -0.002091356 1000
89 0.54 4.75 0.3 0 0.01387709 0.01392832 0.01325813 0.01291332 0.01254894 1000 -0.001868651 -0.001444993 -0.002275968 -0.002787691 -0.003149163 1000
90 0.4400001 5.5 0.6 1 0.01578567 0.0159265 0.01534226 0.01522098 0.01564474 1000 -0.004684649 -0.004632946 -0.006035668 -0.005952093 -0.004358404 1000
91 0.4800001 -4.75 0.6 1 0.01447474 0.01456815 0.0146622 0.01471929 0.01468913 1000 -0.002787893 -0.002282443 -0.00239716 -0.003215098 -0.002853288 1000
92 0.56 4 0.3 0 0.01623758 0.01697794 0.0171811 0.01770913 0.01764678 1000 -0.002845593 -0.001939111 -0.002981538 -0.0033098 -0.002892238 1000
93 0.6399999 5.5 1 0 0.01057955 0.01808455 0.0211986 0.02146675 0.02071663 1000 0.006358996 0.00403913 0.007494522 0.009442842 0.009364133 1000
94 0.4600001 -4 0.7 1 0.01618722 0.02035648 0.02309161 0.0227623 0.02340975 1000 0.01256422 0.01015489 0.004991908 0.00380986 0.005245945 1000
95 0.36 -4.75 0.3 0 0.01184063 0.008072186 0.008846289 0.008405055 0.006868223 1000 -0.001764267 -0.002507641 -0.00662286 -0.00188818 0.0008329183 1000
96 0.34 -4 0.5 -1 0.0007935688 0.00102623 0.0002957487 -0.000208422 -0.0002539432 1000 -0.002854695 -0.00108289 -0.001857823 -0.003256005 -0.002070588 1000
97 0.6 -5.5 0.6 -1 -0.0009805697 5.166734E-05 0.0003621163 -1.92311E-05 0.00021934 1000 -0.001575196 -0.001171459 -0.001671457 -0.002579302 -0.002658126 1000
98 0.6 5.5 0.5 1 0.001607648 0.001001398 0.0003480898 -0.0004609557 -0.0003462726 1000 -0.003522381 -0.003530668 -0.004772525 -0.004453737 -0.004193975 1000
99 0.52 -5.5 0.8 0 -0.003441987 -0.003457107 -0.00278878 -0.003519101 -0.003297788 1000 -0.00304552 -0.0029052 -0.002175693 -0.002702495 -0.003019039 1000
100 0.6799999 4.75 0.6 1 -0.004320954 -0.003926119 -0.003121965 -0.002865412 -0.002991922 1000 -0.004730489 -0.004739841 -0.002990589 -0.004073874 -0.004830104 1000
101 0.4800001 5.5 0.3 0 -0.00572342 -0.005900338 -0.005246157 -0.005607347 -0.005940967 1000 -0.003336019 -0.004250505 -0.00339802 -0.003336655 -0.003776369 1000
102 0.6 -4 0.8 0 -0.005873632 -0.005715966 -0.005114164 -0.005131286 -0.00513016 1000 -0.004449815 -0.003753802 -0.003130248 -0.003948285 -0.004131457 1000
103 0.6 4.75 0.6 1 -0.005104454 -0.005340025 -0.005397459 -0.00569408 -0.004984319 1000 -0.004412798 -0.004184303 -0.005103495 -0.005841377 -0.005526418 1000
104 0.4400001 4 0.7 0 -0.005867464 -0.006527774 -0.006309616 -0.006003398 -0.006474819 1000 -0.004689257 -0.005035501 -0.005653353 -0.004357966 -0.004462746 1000
105 0.4600001 4 0.7 -1 -0.005612434 -0.006062151 -0.006374364 -0.006436351 -0.006483008 1000 -0.004715636 -0.004514475 -0.005884172 -0.005563202 -0.005107147 1000
106 0.5000001 4 1 0 -0.007617638 -0.007372582 -0.007325923 -0.006907602 -0.006876493 1000 -0.006567223 -0.0060187 -0.006539991 -0.006382014 -0.006700161 1000
107 0.6 -4.75 0.7 1 -0.009077326 -0.008609422 -0.007904205 -0.00862946 -0.008441175 1000 -0.006373291 -0.005881672 -0.005959039 -0.006485256 -0.006685694 1000
108 0.36 5.5 0.6 -1 -0.01293551 -0.01261455 -0.01205134 -0.01167348 -0.01190026 1000 -0.005470109 -0.004953749 -0.006100763 -0.006357732 -0.005662039 1000
109 0.42 -4.75 0.1 0 -0.0146469 -0.01493966 -0.01503768 -0.01461768 -0.01482763 1000 -0.005654847 -0.004831686 -0.005244103 -0.005795871 -0.006392905 1000
110 0.32 -4.75 0.6 0 -0.01871747 -0.01888714 -0.01727086 -0.01866575 -0.01843483 1000 -0.008126946 -0.008696568 -0.0110055 -0.009880936 -0.00879462 1000
111 0.56 5.5 0.2 0 -0.01275938 -0.01567842 -0.02006319 -0.0195686 -0.0182091 1000 -0.01842553 -0.0223505 -0.01981858 -0.01371458 -0.01215344 1000
112 0.56 4.75 0.7 -1 -0.02127913 -0.02196177 -0.02203132 -0.02247167 -0.02273297 1000 0.009519966 0.01030996 0.009957443 0.008762084 0.008892043 1000
113 0.6 4.75 1 0 -0.0244974 -0.02362652 -0.023563 -0.02294415 -0.02207238 1000 0.006754573 0.006846741 0.006279022 0.006350394 0.007247726 1000
114 0.58 -4 0.7 0 -0.02297032 -0.02320774 -0.02262957 -0.02187886 -0.02177299 1000 0.00646981 0.006050843 0.005217611 0.005726394 0.006122316 1000
115 0.58 -4 0.6 0 -0.02524848 -0.02543685 -0.02528319 -0.02514604 -0.02455456 1000 0.006240192 0.005665598 0.00608394 0.00615471 0.006035108 1000
116 0.4400001 -5.5 0.5 0 -0.01599452 -0.01595644 -0.01535245 -0.01579677 -0.01635953 1000 0.003738327 0.003387929 0.003406997 0.003583507 0.002783995 1000
117 0.56 -4 0.7 0 -0.01408559 -0.01238824 -0.0113971 -0.01164959 -0.01149022 1000 0.002528068 0.00313802 0.003905314 0.003587179 0.003866976 1000
118 0.42 4 0.4 0 -0.01245584 -0.01311707 -0.01401016 -0.01422453 -0.01391915 1000 0.004549865 0.004472298 0.005092429 0.004574368 0.003925223 1000
119 0.6 -4.75 0.2 0 -0.01638986 -0.01595664 -0.0158341 -0.01356713 -0.01222232 1000 -0.004526958 -0.007938652 -0.008105428 -0.008436901 -0.006383829 1000
120 0.42 -4 0.6 0 -0.02205222 -0.0191754 -0.0168674 -0.01551711 -0.01709737 1000 -0.006818026 -0.007678898 -0.008591448 -0.005582938 -0.003672603 1000
121 0.54 -4 0.5 1 -0.01410572 -0.01181797 -0.006805029 -0.007520217 -0.009376933 1000 -0.01535458 -0.01493742 -0.01178599 -0.01032814 -0.01362888 1000
122 0.56 5.5 0.3 0 -0.01507152 -0.0151739 -0.01636799 -0.0169801 -0.01544455 1000 -0.009577303 -0.009539132 -0.01185182 -0.01209462 -0.008987744 1000
123 0.6799999 5.5 0.6 1 -0.0177083 -0.0173056 -0.01670147 -0.01690954 -0.01799374 1000 -0.00706091 -0.004953911 -0.005558985 -0.006014257 -0.006125142 1000
124 0.4600001 4.75 0.9 0 -0.0200623 -0.01888345 -0.01895893 -0.01966562 -0.01931026 1000 -0.007805556 -0.006672477 -0.006904407 -0.00762977 -0.00676972 1000
125 0.6599999 -4 0.7 -1 -0.01884015 -0.01850901 -0.01876083 -0.01966309 -0.02025466 1000 -0.007919843 -0.006269359 -0.004990314 -0.00590378 -0.006561646 1000
126 0.5000001 -4 0.8 0 -0.01913596 -0.01954676 -0.01959615 -0.02015292 -0.01967203 1000 -0.006720083 -0.006671397 -0.006923973 -0.007881087 -0.006725814 1000
127 0.54 5.5 0.7 0 -0.01809281 -0.01830461 -0.01987642 -0.01936564 -0.01876576 1000 -0.008698269 -0.008415427 -0.009000931 -0.007959863 -0.007389227 1000
128 0.54 -4 0.7 1 -0.01793964 -0.01814599 -0.01802787 -0.01796142 -0.01795676 1000 -0.008757056 -0.008892502 -0.009454902 -0.009309119 -0.009652294 1000
129 0.4 -5.5 0.1 0 -0.01662381 -0.01644068 -0.01638093 -0.01656252 -0.01583293 1000 -0.009681303 -0.009477607 -0.009779538 -0.01012908 -0.009312311 1000
130 0.42 4.75 0.1 0 -0.01716733 -0.01711089 -0.01726527 -0.01887932 -0.01837803 1000 -0.01087491 -0.009840513 -0.009733319 -0.01103055 -0.01051272 1000
131 0.58 -5.5 0.7 0 -0.02241986 -0.02241584 -0.02092811 -0.02056075 -0.02053804 1000 -0.01337658 -0.01379392 -0.01287363 -0.01160498 -0.01220344 1000
132 0.6199999 -5.5 0.7 1 -0.01757364 -0.01660458 -0.01658086 -0.01738934 -0.01810407 1000 -0.01477943 -0.01388647 -0.01366887 -0.01419257 -0.01455924 1000
133 0.6 5.5 0.6 1 -0.02426408 -0.02264872 -0.0220754 -0.02302433 -0.0222609 1000 -0.0176627 -0.01702012 -0.016902 -0.0176644 -0.01725233 1000
134 0.54 4 0.7 -1 -0.02380338 -0.02225842 -0.02086554 -0.02105792 -0.02136122 1000 -0.02107066 -0.02105581 -0.02082346 -0.0217211 -0.02104986 1000
135 0.4 4 0.5 -1 -0.02490924 -0.02489749 -0.02459211 -0.02297243 -0.02219673 1000 -0.02023895 -0.0197743 -0.0198836 -0.01957993 -0.01915078 1000
136 0.42 -4 0.4 0 -0.0167249 -0.01607151 -0.01611707 -0.01547084 -0.01378129 1000 -0.01941887 -0.01793808 -0.01857132 -0.01851298 -0.01746013 1000
137 0.54 -4 0.3 0 -0.01088821 -0.00789478 -0.00493662 -0.004243886 -0.002471775 1000 -0.01647565 -0.01536233 -0.0149156 -0.014601 -0.01564946 1000
138 0.52 4 0.5 0 -0.004266768 -0.003737834 -0.005445974 -0.004276193 0.000229138 1000 -0.01854882 -0.01887679 -0.0148716 -0.01450342 -0.01396004 1000
139 0.56 -4 0.9 0 0.007053391 0.007810459 0.008911778 0.01096044 0.009407091 1000 -0.01631668 -0.01530868 -0.01545041 -0.01575233 -0.01489432 1000
140 0.7399998 4.75 0.5 1 0.00265568 0.004516824 0.006370642 0.006748071 0.00670111 1000 -0.02170793 -0.02043292 -0.01891687 -0.02080465 -0.02172701 1000
141 0.38 4.75 0.2 0 0.00638639 0.007150924 0.008859799 0.009542573 0.009260049 1000 -0.01997621 -0.01983441 -0.01801195 -0.01786901 -0.01857588 1000
142 0.4 5.5 0.7 -1 0.006584776 0.005213978 0.00564589 0.005844178 0.005877414 1000 -0.01769901 -0.01769568 -0.01700478 -0.01591295 -0.01595455 1000
143 0.6 4 0.6 0 0.004530909 0.003988577 0.003771617 0.003553139 0.004262391 1000 -0.01959423 -0.02026897 -0.01989718 -0.01933263 -0.01899066 1000
144 0.6199999 4 0.5 1 0.003268763 0.004438417 0.004530597 0.003253027 0.003429573 1000 -0.02011745 -0.01908478 -0.01889432 -0.01921389 -0.01906012 1000
145 0.6199999 -5.5 0.7 0 0.001260899 0.001065954 0.0009526489 0.0007556897 0.0009903884 1000 -0.01786981 -0.01819872 -0.01822526 -0.01852393 -0.01874644 1000
146 0.32 -5.5 0.1 0 0.00111115 0.001348858 0.0007626191 -0.0001619742 8.093556E-05 1000 -0.01733689 -0.0169851 -0.01575231 -0.01586702 -0.0162682 1000
147 0.58 4 0.6 0 -0.005900716 -0.006944166 -0.005913905 -0.005530916 -0.005232481 1000 -0.01621325 -0.01641607 -0.01650324 -0.01599281 -0.0166434 1000
148 0.4600001 4.75 0.9 0 -0.004517428 -0.004020535 -0.003741481 -0.003368151 -0.003108095 1000 -0.01821428 -0.01773988 -0.01779637 -0.01794459 -0.01819883 1000
149 0.6 -5.5 0.7 1 -0.004604346 -0.005163714 -0.005714733 -0.006000154 -0.007243309 1000 -0.01876414 -0.01888405 -0.01897412 -0.01823429 -0.01886626 1000
150 0.42 4 0.1 0 -0.0129869 -0.0100178 -0.008848322 -0.005042799 -0.00363326 1000 -0.01855647 -0.02417596 -0.02683471 -0.02481703 -0.02173847 1000
151 0.4 4.75 0.6 1 -0.01227379 -0.0158912 -0.01487266 -0.0143951 -0.01314392 1000 -0.0006540839 0.002375279 0.002822872 0.0040914 0.002992863 1000
152 0.6199999 5.5 0.7 0 -0.01444194 -0.01224054 -0.01055784 -0.00808684 -0.005811621 1000 0.02316263 0.02163776 0.01388878 0.01089587 0.01355239 1000
153 0.32 -4.75 0.2 0 -0.005518359 -0.005067722 -0.004465214 -0.00494257 -0.006021462 1000 0.00699846 0.006740293 0.006699298 0.006847823 0.006975581 1000
154 0.4 4.75 0.2 0 -0.008419281 -0.008101116 -0.007469789 -0.006869058 -0.00700528 1000 0.004979203 0.005049791 0.004783265 0.004430173 0.003645626 1000
155 0.36 -4 0.5 -1 -0.005704302 -0.005438325 -0.004976594 -0.004424748 -0.005209576 1000 0.002306502 0.00208573 0.002187687 0.002688827 0.0009510498 1000
156 0.56 -5.5 0.5 0 -0.005023116 -0.005221036 -0.007019331 -0.007201606 -0.007080114 1000 0.0002736481 3.176068E-05 -0.001057921 -0.0003061772 -0.0003429457 1000
157 0.6 -5.5 0.4 0 -0.005890709 -0.005866343 -0.005539229 -0.0057295 -0.005650811 1000 -0.002092639 -0.00244083 -0.002739315 -0.00271016 -0.00308857 1000
158 0.5000001 4.75 0.4 0 -0.006103151 -0.005619714 -0.005212726 -0.004665996 -0.005534806 1000 -0.007225031 -0.007953236 -0.009486613 -0.009657199 -0.01096142 1000
159 0.7799998 -4 0.9 0 -0.006791202 -0.006681264 -0.006145642 -0.006534447 -0.006808339 1000 -0.01262127 -0.01266896 -0.01198122 -0.01169072 -0.01209363 1000
160 0.4 -5.5 0.4 0 -0.005602162 -0.005886026 -0.006398402 -0.007031987 -0.005746359 1000 -0.01400356 -0.01370834 -0.01368619 -0.01419488 -0.01467531 1000
161 0.36 -4.75 0.1 0 -0.007198101 -0.007084344 -0.00822373 -0.008974502 -0.008007292 1000 -0.01743907 -0.01690594 -0.01726435 -0.01738234 -0.01739939 1000
162 0.7599998 4.75 0.8 0 -0.009514122 -0.009049285 -0.007577732 -0.006768573 -0.005478467 1000 -0.02182895 -0.02211556 -0.02189512 -0.02128953 -0.02126036 1000
163 0.6799999 5.5 0.5 1 -0.009675716 -0.009220379 -0.009379849 -0.009635691 -0.009701371 1000 -0.01607615 -0.01672673 -0.01765823 -0.01804065 -0.01816457 1000
164 0.8199998 4 0.9 0 -0.01247571 -0.01234766 -0.01648887 -0.02011223 -0.02129256 1000 -0.01817278 -0.01884762 -0.01880143 -0.01826092 -0.01688865 1000
165 0.7199998 -5.5 0.5 1 -0.01639885 -0.01647617 -0.01501731 -0.01455576 -0.01453167 1000 -0.01277098 -0.01295681 -0.01260502 -0.01381962 -0.01555408 1000
166 0.8399997 -4 0.9 0 -0.01300185 -0.01121133 -0.01045577 -0.01119032 -0.01146744 1000 -0.01177408 -0.01208146 -0.01250499 -0.01298788 -0.01343575 1000
167 0.7199998 5.5 0.4 0 -0.01590761 -0.01484636 -0.01437513 -0.01421406 -0.01406996 1000 -0.02869787 -0.03691457 -0.03527528 -0.03204482 -0.03160702 1000
168 0.58 -5.5 0.6 0 -0.007373977 -0.008045031 -0.00925564 -0.00997614 -0.01077287 1000 -0.009652534 -0.009450085 -0.009700917 -0.01026657 -0.01113591 1000
169 0.4600001 4.75 0.3 0 -0.01147617 -0.01094553 -0.01183285 -0.01118497 -0.009789047 1000 -0.01289526 -0.0129313 -0.01364536 -0.01251734 -0.01200011 1000
170 0.6599999 4.75 1 0 -0.01873825 -0.01309151 -0.01049076 -0.01053911 -0.009124961 1000 -0.02214742 -0.02024248 -0.0186864 -0.01674151 -0.01203346 1000
171 0.34 5.5 0.2 0 -0.0001900117 0.0009990623 0.001751356 0.001552386 0.001751576 1000 0.01222582 0.01300813 0.01268352 0.01229142 0.01266422 1000
172 0.52 5.5 0.5 0 0.001268955 0.001739552 0.002091556 0.001641654 0.00170924 1000 0.01207244 0.01245593 0.01287578 0.01241666 0.01154892 1000
173 0.38 4.75 0.6 0 0.001456385 0.001423367 0.0008587936 0.001175479 0.00143588 1000 0.01067951 0.01078415 0.01011945 0.009716856 0.008893449 1000
174 0.7399998 -4 0.6 -1 0.0006538648 0.0007746001 0.0008302509 0.001043381 0.001893419 1000 0.008462568 0.00868661 0.008450351 0.00832852 0.009048128 1000
175 0.6 4.75 0.4 0 0.0009445774 0.001710786 0.001901901 0.001665347 0.002219432 1000 0.005168636 0.005894799 0.005971359 0.005637412 0.005126534 1000
176 0.8599997 -4 1 0 0.00166837 0.00138202 0.001113824 0.001203474 0.001022202 1000 0.005028639 0.005440599 0.005514452 0.005203328 0.00439098 1000
177 0.8199998 5.5 0.5 1 0.001126986 0.001930304 0.002879311 0.003289358 0.003294795 1000 0.001946564 0.00289194 0.003658403 0.004142126 0.003888789 1000
178 0.9199997 -4 1 0 0.001273806 0.001262771 0.001043146 0.0009168528 0.001065446 1000 0.005920031 0.005100188 0.004751249 0.005860364 0.005506534 1000
179 0.6799999 5.5 0.8 0 0.00620786 0.009002578 0.01128281 0.01312644 0.01366031 1000 0.0009622831 -0.0004469618 -0.004028968 -0.002744481 -0.001798061 1000
180 0.5000001 4.75 0.3 0 0.00883204 0.0111177 0.01166482 0.0115445 0.01371162 1000 0.005975785 0.007226748 0.008256439 0.008012331 0.007041591 1000
181 0.54 -4 0.5 -1 0.01386628 0.01417573 0.01481062 0.01472613 0.01550421 1000 0.00639953 0.006293086 0.007073396 0.006682198 0.006453204 1000
182 0.7799998 5.5 0.8 0 0.01773763 0.01717621 0.01633792 0.01711751 0.01698046 1000 0.007639745 0.006606799 0.006787903 0.007104162 0.006794988 1000
183 0.56 4.75 0.6 -1 0.01350728 0.01330514 0.01253082 0.01248064 0.01194856 1000 0.00437644 0.00458406 0.005067164 0.004818469 0.004647699 1000
184 0.6 -4.75 0.9 0 0.008014794 0.008671871 0.00886665 0.008733469 0.008662862 1000 0.006029796 0.005948453 0.004091542 0.005122846 0.006678515 1000
185 0.5000001 -5.5 0.1 0 -0.001656155 0.002596186 0.003618466 0.005362232 0.006201165 1000 0.001142707 0.0001307606 0.001999347 0.003771177 0.004735129 1000
186 0.38 4.75 0.3 0 -0.004500434 -0.003110597 -0.0004375975 0.0007536312 0.00193484 1000 0.004898973 0.005439254 0.006744567 0.008701067 0.00990012 1000
187 0.6199999 5.5 0.9 0 0.005377602 0.006453401 0.006530397 0.00611204 0.007175604 1000 0.01107151 0.009729488 0.009848422 0.009817451 0.009851795 1000
188 0.52 5.5 0.3 0 0.006358625 0.005415352 0.004197578 0.003829206 0.002982326 1000 0.008536399 0.007651313 0.008195471 0.009096405 0.009347085 1000
189 0.6999999 -5.5 1 0 0.004237161 0.005444258 0.006831964 0.006283835 0.005898599 1000 0.01082727 0.00993267 0.009964027 0.00944761 0.009209414 1000
190 0.8399997 -4.75 0.5 0 0.009869459 0.01113338 0.009745955 0.009402492 0.008752156 1000 0.007922938 0.00637108 0.004684741 0.002939011 0.003039346 1000
191 0.6599999 5.5 0.6 -1 0.005840545 0.006219524 0.006340782 0.006200307 0.006236323 1000 0.001281228 0.001870311 0.002087609 0.001594314 0.001444074 1000
192 0.4800001 5.5 0.6 -1 0.005774712 0.006238832 0.005843432 0.005697539 0.005980073 1000 -0.004887366 -0.004889571 -0.005065551 -0.005030191 -0.00542232 1000
193 0.7999998 5.5 0.8 0 0.005019703 0.004316899 0.004198185 0.004374344 0.004446801 1000 -0.007069155 -0.00699511 -0.007556259 -0.007799115 -0.007702737 1000
194 0.56 4 0.5 1 0.00384902 0.002193515 0.0011192 0.001217827 0.0002177883 1000 -0.008568688 -0.00932344 -0.008347034 -0.008365021 -0.008516903 1000
195 0.42 4 0.7 1 -0.003583757 -0.0009854676 -0.0003135646 -0.0009202646 -0.002132686 1000 -0.005790019 -0.004819865 -0.006369588 -0.008665295 -0.009667823 1000
196 0.6199999 -4 0.1 0 -0.01489558 -0.01764966 -0.01836298 -0.01807038 -0.01733882 1000 -0.005203219 -0.005187785 -0.005156545 -0.00563655 -0.006890837 1000
197 1.299999 5.5 0.6 1 -0.02502642 -0.02563494 -0.02495187 -0.02646136 -0.0262367 1000 -0.01147685 -0.01128581 -0.01124576 -0.0107361 -0.008706577 1000
198 0.8799997 -4 0.4 0 -0.01322807 -0.01333225 -0.0137149 -0.01374825 -0.01585424 1000 -0.009086084 -0.008925428 -0.009938359 -0.009678406 -0.01126696 1000
199 0.6599999 4.75 0.8 0 -0.01871107 -0.01865369 -0.018437 -0.0182975 -0.01852353 1000 -0.01070988 -0.01102063 -0.01047512 -0.01035723 -0.00942957 1000
200 0.36 -5.5 0.3 0 -0.001972028 0.004935481 0.01008284 0.01239281 0.01327445 1000 -0.02088615 -0.02109855 -0.02345109 -0.02408357 -0.02317484 1000
201 0.52 4.75 0.6 0 0.01795212 0.02043356 0.02516715 0.02527068 0.02531603 1000 -0.0226442 -0.02485672 -0.0238838 -0.02087591 -0.01947971 1000
202 0.4600001 -4 0.3 0 0.005417261 0.006588083 0.008104309 0.008161166 0.008115555 1000 -0.002711104 -0.003414583 -0.003577687 -0.003458544 -0.002679248 1000
203 0.6399999 4.75 0.6 -1 0.004859297 0.004163309 0.004101736 0.004123207 0.003040895 1000 -0.004947936 -0.005378982 -0.004558314 -0.004634675 -0.005494845 1000
204 0.58 4 0.7 -1 0.001882119 0.001940304 0.001877283 0.002136471 0.002044271 1000 -0.004223731 -0.003787029 -0.003908077 -0.004559089 -0.004480097 1000
205 0.6799999 -5.5 1 0 0.001224327 0.001239517 0.0008336736 0.0003417582 0.0009637675 1000 -0.00334968 -0.003268647 -0.004022819 -0.00412939 -0.003804165 1000
206 0.8199998 4.75 0.5 -1 -0.002043854 -0.001859433 -0.001885973 -0.002001031 -0.001784162 1000 -0.005568157 -0.004372999 -0.00405207 -0.004872952 -0.005225188 1000
207 0.7399998 4 0.4 0 -0.004259917 -0.005417792 -0.004901164 -0.005295654 -0.006948848 1000 -0.003845616 -0.003391065 -0.002555443 -0.003835522 -0.004143969 1000
208 0.6999999 -4.75 0.6 0 -0.003818359 -0.002740209 -0.002779312 -0.004401605 -0.005470772 1000 -0.003898993 -0.00590205 -0.005502758 -0.005451952 -0.005739531 1000
209 0.6199999 -4 0.6 -1 -0.01134157 -0.0119872 -0.01295815 -0.01382743 -0.01389896 1000 -0.004914237 -0.005257118 -0.006462955 -0.006168964 -0.005481707 1000
210 0.54 5.5 0.7 0 -0.01420975 -0.01516964 -0.01531476 -0.01508045 -0.01486186 1000 -0.01165361 -0.01181938 -0.0116364 -0.01027968 -0.009207012 1000
211 0.56 -4 0.7 -1 -0.01403875 -0.01391374 -0.0146526 -0.01425023 -0.01389465 1000 -0.007667867 -0.007766278 -0.008625303 -0.008193694 -0.007772028 1000
212 0.6 4.75 0.7 0 -0.01492724 -0.01430705 -0.01408986 -0.01326407 -0.01321445 1000 -0.01080676 -0.008941497 -0.01124264 -0.0127146 -0.01348632 1000
213 0.38 4.75 0.2 0 -0.01788379 -0.0183426 -0.01901261 -0.0207423 -0.02048685 1000 -0.008038213 -0.00849 -0.00717467 -0.008739452 -0.009365971 1000
214 0.7599998 5.5 1 0 -0.0222781 -0.02158243 -0.02165286 -0.0213505 -0.02028223 1000 -0.01026319 -0.009800588 -0.009913515 -0.008976666 -0.008459252 1000
215 0.7199998 -4.75 0.6 1 -0.01773474 -0.01541644 -0.01567238 -0.01601746 -0.01562634 1000 -0.0009451446 -0.002655863 -0.003134149 -0.006066851 -0.007856244 1000
216 0.32 4.75 0.2 0 -0.01570206 -0.01406627 -0.0109759 -0.01009037 -0.007340475 1000 -0.01362658 -0.01614507 -0.02123071 -0.02312738 -0.02354485 1000
217 0.6399999 5.5 0.5 1 -0.003489123 -0.003512469 -0.005116591 -0.006136469 -0.007490659 1000 -0.01322845 -0.01210355 -0.006584386 -0.004672771 -0.006964018 1000
218 0.58 4.75 0.6 1 -0.01271273 -0.01262371 -0.0127395 -0.01273332 -0.01305572 1000 -0.007103786 -0.007366566 -0.006773796 -0.007235042 -0.006852453 1000
219 0.9199997 -4 0.9 0 -0.01756101 -0.01738836 -0.01789291 -0.01876031 -0.01841067 1000 -0.004080628 -0.004405996 -0.0054238 -0.005820991 -0.005271383 1000
220 0.3 4 0.1 0 -0.01924318 -0.01899016 -0.01927857 -0.02002963 -0.01991481 1000 -0.008182246 -0.008682943 -0.008773413 -0.008377202 -0.006917934 1000
221 0.4800001 -4 0.6 0 -0.02392328 -0.02354254 -0.02278105 -0.02317367 -0.02385681 1000 -0.006954019 -0.007505882 -0.006532614 -0.007634731 -0.008549743 1000
222 0.7799998 -5.5 1 0 -0.0174553 -0.01615489 -0.01460931 -0.01542737 -0.01655492 1000 -0.009801299 -0.008474312 -0.007524452 -0.009219466 -0.01026312 1000
223 0.8199998 -4.75 0.8 0 -0.01621851 -0.01461102 -0.01399286 -0.01248997 -0.01016766 1000 -0.009322859 -0.01042985 -0.01292919 -0.01570866 -0.0146168 1000
224 0.8599997 -4.75 0.7 0 -0.007828582 -0.007890548 -0.007166815 -0.007036368 -0.00650161 1000 -0.008530521 -0.008226853 -0.009059686 -0.009749661 -0.01006186 1000
225 0.4400001 4 0.2 0 -0.008791512 -0.009577997 -0.009012426 -0.008411717 -0.007450185 1000 -0.006815672 -0.006861235 -0.006419341 -0.006003589 -0.005936471 1000
226 0.6199999 5.5 0.9 0 -0.001010519 -0.0007401266 -0.001628038 -0.002058948 -0.001909558 1000 -0.00357182 -0.003516933 -0.003703805 -0.003490405 -0.004249774 1000
227 0.6399999 5.5 0.7 -1 0.002999385 0.004809502 0.006015225 0.005598489 0.005262644 1000 -0.000627032 -0.0008384393 -0.0008211695 -0.000408463 0.0005530923 1000
228 0.7599998 4.75 0.3 0 0.006093312 0.004537343 0.00345263 0.003263257 0.002623419 1000 0.002407515 0.002053129 0.003081373 0.003883985 0.003100574 1000
229 0.6 -5.5 0.5 -1 -0.005403664 -0.009018855 -0.009452743 -0.009982992 -0.01032758 1000 0.004126629 0.003285093 0.00318001 0.00314248 0.002746097 1000
230 0.6199999 -5.5 0.9 0 -0.01193619 -0.01194859 -0.01218864 -0.01259861 -0.01199412 1000 0.0007488635 0.002751881 0.003531996 0.001873942 0.0022194 1000
231 0.52 4 0.2 0 -0.01139964 -0.01329926 -0.01378314 -0.01277123 -0.01154316 1000 0.0004943926 0.001548441 0.0004104692 0.001312014 0.00267044 1000
232 0.6599999 4.75 0.9 0 -0.01609303 -0.01542104 -0.01577904 -0.01638906 -0.01601675 1000 0.00117055 0.001799782 0.002029404 0.002263137 0.003867438 1000
233 0.6 4.75 0.7 1 -0.01672087 -0.01624026 -0.01559812 -0.01543222 -0.01524474 1000 0.005419964 0.002411621 0.002313354 0.001634414 0.001315167 1000
234 0.8399997 5.5 0.7 1 -0.01942504 -0.02009123 -0.02052874 -0.02089266 -0.02143279 1000 0.0002137755 4.547556E-05 0.0001090175 -0.0001286023 -0.0003832839 1000
235 1.06 -5.5 0.5 1 -0.0165289 -0.01598841 -0.01655345 -0.0162004 -0.01623308 1000 0.0002543504 -0.0001873297 -0.00153552 -0.00134242 -0.001706204 1000
236 0.4800001 4.75 0.2 0 -0.01664449 -0.01686599 -0.01769653 -0.01747937 -0.01766451 1000 -0.004779198 -0.003788149 -0.003396377 -0.002848911 -0.002927087 1000
237 0.6399999 4.75 0.7 -1 -0.01383326 -0.01000578 -0.01014274 -0.008465434 -0.01121014 1000 -0.0007249718 0.0005277344 -0.001994876 -3.525921E-05 -0.001174374 1000
238 0.9999996 -4 0.4 0 -0.01267608 -0.01217673 -0.01269506 -0.01355228 -0.01482926 1000 0.001062649 0.0004587296 -7.299349E-05 -0.001971191 -0.006761743 1000
239 1.04 -4 0.8 0 -0.01531989 -0.01460046 -0.0146966 -0.01495557 -0.01537966 1000 -0.002767123 -0.001501112 -0.001745398 -0.002374614 -0.002633635 1000
240 0.8799997 -4.75 0.8 0 -0.01651531 -0.01594823 -0.01710003 -0.01777956 -0.01720253 1000 -0.004718283 -0.004032418 -0.004757791 -0.004783635 -0.004185897 1000
241 0.7799998 -4.75 0.4 0 -0.01781793 -0.01802125 -0.01776022 -0.01728934 -0.0170346 1000 -0.009538048 -0.00933468 -0.009616924 -0.01001542 -0.01088107 1000
242 0.7399998 4 0.9 0 -0.02090514 -0.01460865 -0.01293312 -0.01225596 -0.01185408 1000 -0.01167157 -0.008987164 -0.008471354 -0.008655362 -0.00821723 1000
243 0.8199998 -4 1 0 -0.005617427 -0.003862737 -0.005002741 -0.005896778 -0.006885876 1000 -0.003259308 -0.003877648 -0.005306863 -0.004749019 -0.004773787 1000
244 0.6999999 -4.75 0.9 0 -0.01374493 -0.01472377 -0.01546701 -0.01623133 -0.0166387 1000 -0.01212122 -0.01223287 -0.01234358 -0.01238454 -0.01301154 1000
245 0.6399999 4.75 0.7 1 -0.01482088 -0.01584261 -0.01611024 -0.01591106 -0.01645998 1000 -0.01109008 -0.01287913 -0.01212299 -0.01173495 -0.01232476 1000
246 0.5000001 -4 0.2 0 -0.01576643 -0.01696716 -0.01802463 -0.01806816 -0.01733386 1000 -0.0115203 -0.01114114 -0.01100184 -0.01083811 -0.01087613 1000
247 0.7199998 5.5 0.5 0 -0.02060924 -0.01922929 -0.01814857 -0.01923292 -0.02039795 1000 -0.01452127 -0.01405251 -0.01499673 -0.01557689 -0.01541745 1000
248 0.7199998 5.5 0.6 -1 -0.02003149 -0.01987381 -0.01941665 -0.01940538 -0.02058054 1000 -0.01136723 -0.01187304 -0.01184328 -0.01207212 -0.01266416 1000
249 0.6399999 -5.5 0.4 0 -0.0126759 -0.01087896 -0.01115775 -0.01189164 -0.01130454 1000 -0.006877279 -0.005120944 -0.003055756 -0.003105311 -0.00286317 1000
250 0.6399999 4 0.6 0 -0.01672234 -0.01603672 -0.01541132 -0.0162138 -0.01559092 1000 -0.006190176 -0.003850169 -0.00267449 -0.004449581 -0.00528182 1000
251 0.4600001 4.75 0.5 0 -0.01691815 -0.01633598 -0.01528023 -0.01553696 -0.01531288 1000 0.003164791 0.001330363 0.001447186 0.006242498 0.009774114 1000
252 0.6999999 4 0.7 0 -0.01756882 -0.01772062 -0.01741179 -0.01669945 -0.01640051 1000 0.004388351 0.004211657 0.003405143 0.003250391 0.002217435 1000
253 0.6199999 -5.5 0.5 1 -0.01522324 -0.01578809 -0.01513764 -0.01498706 -0.01477938 1000 -0.00091443 -0.002085292 -0.001200339 -0.001449313 -0.002532108 1000
254 0.5000001 -4 0.7 1 -0.01305792 -0.01330198 -0.01334029 -0.01323841 -0.01315766 1000 -0.005910373 -0.00573342 -0.005710907 -0.005879634 -0.006195492 1000
255 0.6399999 -4 0.7 -1 -0.01402946 -0.01432955 -0.01383673 -0.01454143 -0.01515083 1000 -0.009231354 -0.009705857 -0.008959416 -0.00954401 -0.01001699 1000
256 0.6 -4 0.8 0 -0.01200503 -0.01201981 -0.01195354 -0.01221345 -0.01234211 1000 -0.01314218 -0.013267 -0.01369286 -0.01371252 -0.01368411 1000
257 0.6199999 -4.75 1 0 -0.01442844 -0.01487263 -0.0156567 -0.01623209 -0.01679841 1000 -0.01579037 -0.0157304 -0.01580374 -0.01553623 -0.01558269 1000
258 0.4400001 -4 0.4 0 -0.01995657 -0.0201201 -0.01964048 -0.01976286 -0.01956257 1000 -0.02026864 -0.01934141 -0.01876376 -0.01860853 -0.02025483 1000
259 0.6599999 -4.75 0.9 0 -0.01558946 -0.01395527 -0.01342576 -0.01336422 -0.01496617 1000 -0.02647268 -0.0259011 -0.02123678 -0.02270139 -0.0217026 1000
260 0.6399999 4 0.8 0 -0.01124377 -0.01110218 -0.01190082 -0.01005045 -0.009858393 1000 -0.01751877 -0.0159045 -0.01673171 -0.0163111 -0.01590883 1000
261 0.6799999 4.75 0.8 0 -0.01275951 -0.01418002 -0.01403219 -0.01375573 -0.01329858 1000 -0.01335464 -0.01344166 -0.01257951 -0.0131897 -0.01379 1000
262 0.7799998 -4.75 1 0 -0.01435526 -0.0151002 -0.01627911 -0.01716936 -0.01654867 1000 -0.01326192 -0.01317773 -0.01370926 -0.0131376 -0.01236018 1000
263 0.9599996 -4 0.7 0 -0.01268153 -0.01376798 -0.01426783 -0.01464196 -0.01463682 1000 -0.01327618 -0.01461949 -0.0148441 -0.01453666 -0.01392341 1000
264 0.6799999 5.5 0.8 0 -0.01996681 -0.02065062 -0.02047661 -0.01530687 -0.01687025 1000 -0.01234558 -0.01433882 -0.01557225 -0.01450594 -0.01261243 1000
265 0.8999997 -5.5 0.7 -1 -0.01550218 -0.01398216 -0.01236196 -0.01078749 -0.01021153 1000 -0.00831968 -0.007202435 -0.009750339 -0.01024136 -0.009792711 1000
266 0.7999998 -4 0.8 0 -0.0147557 -0.01444529 -0.01427894 -0.01452901 -0.01451365 1000 -0.01653537 -0.01650964 -0.01584081 -0.01612139 -0.01762876 1000
267 0.9999996 4 0.9 0 -0.01395118 -0.01396121 -0.01163363 -0.007227263 -0.006832264 1000 -0.02250068 -0.02071819 -0.02331108 -0.02653549 -0.02120272 1000
268 0.6 -4 0.5 1 -0.003441554 -0.004419838 -0.002493213 -0.002105339 -0.004370221 1000 0.006290077 0.009850123 0.01058999 0.007513192 0.002364293 1000
269 0.8399997 5.5 1 0 -0.009863599 -0.01072643 -0.01174181 -0.01249816 -0.01242932 1000 -0.008628786 -0.00948163 -0.009746262 -0.008580453 -0.007629594 1000
270 0.38 -4 0.1 0 -0.01046558 -0.009870479 -0.01006997 -0.01175351 -0.01185218 1000 -0.008727895 -0.007553097 -0.008684141 -0.0102079 -0.01074894 1000
271 0.8399997 4.75 0.7 0 -0.01691374 -0.01801303 -0.01977103 -0.01938473 -0.01936563 1000 -0.01511041 -0.01662872 -0.01780276 -0.01786857 -0.01749106 1000
272 0.9799996 4.75 0.7 0 -0.01489797 -0.01516536 -0.01539107 -0.01598307 -0.01571984 1000 -0.01337468 -0.01341953 -0.01461319 -0.01552111 -0.01567468 1000
273 1.479999 -4 0.6 0 -0.01802991 -0.01681785 -0.01548302 -0.01475679 -0.01411204 1000 -0.01682096 -0.01578395 -0.0153964 -0.01585385 -0.01671076 1000
