trial Response_Time velH Occlusion_Duration velH_Subject xRotations_first0 xRotations_first1 xRotations_first2 xRotations_first3 xRotations_first4 xRotations_first5 yRotations_first0 yRotations_first1 yRotations_first2 yRotations_first3 yRotations_first4 yRotations_first5
1 0.52 -4 0.6 0 0.01420345 0.009324471 0.00820504 0.008385779 0.007436037 1000 0.002097538 0.005923456 0.004726524 0.003258527 0.002929033 1000
2 0.3 -5.5 0.2 0 0.007427427 0.006779348 0.006339089 0.006175462 0.005582265 1000 0.0003794771 1.387177E-05 -0.0002114409 -0.0005565712 -0.001135123 1000
3 0.7999998 -4 0.8 0 0.00531249 0.005094103 0.005322619 0.004773162 0.004676122 1000 -0.004019216 -0.003570452 -0.003607995 -0.003767994 -0.00376424 1000
4 0.7599998 -4 0.8 0 0.006248587 0.006056127 0.005941886 0.005624656 0.005076902 1000 -0.009270655 -0.009643096 -0.009726649 -0.01023408 -0.009454918 1000
5 0.6599999 4.75 0.6 0 0.004416025 0.004777537 0.004763199 0.004439348 0.004446249 1000 -0.007988279 -0.008544289 -0.009476981 -0.009537228 -0.009926945 1000
6 0.6599999 -4 0.7 -1 0.004115378 0.004298083 0.003718497 0.003519708 0.003798075 1000 -0.01025382 -0.009929905 -0.009804429 -0.009243034 -0.009073087 1000
7 1.08 5.5 1 0 0.002103947 0.001906944 0.002253204 0.001540123 0.0009600819 1000 -0.007370201 -0.007765667 -0.008343658 -0.009165942 -0.008899147 1000
8 0.6599999 -5.5 0.6 1 0.0008735704 0.0006794702 0.0007006436 0.0007006948 -7.758815E-05 1000 -0.008820548 -0.008591595 -0.007852347 -0.007469961 -0.006687371 1000
9 0.4 -5.5 0.4 0 -0.0002628959 -0.0001811643 -7.499451E-05 0.0006245712 0.00105433 1000 -0.003991191 -0.004701972 -0.00514969 -0.005781015 -0.005835494 1000
10 0.22 -4 0.1 0 -0.0002944522 -0.0007444977 -0.0004059837 2.012936E-05 0.0001269872 1000 -0.004398162 -0.004596093 -0.005063131 -0.005227226 -0.00488294 1000
11 0.3 4.75 0.1 0 -0.00143922 -0.001782559 -0.002109956 -0.001708945 -0.001587211 1000 -0.003701552 -0.003636289 -0.004071755 -0.004020199 -0.004097364 1000
12 0.34 5.5 0.3 0 -0.002553619 -0.002505906 -0.00208672 -0.002534023 -0.002278783 1000 -0.00515906 -0.004923318 -0.00520888 -0.005202116 -0.005698985 1000
13 0.38 4.75 0.2 0 -0.003848419 -0.004078773 -0.004213807 -0.004327357 -0.004124711 1000 -0.005452786 -0.004871612 -0.004797432 -0.004491988 -0.004600322 1000
14 0.4800001 5.5 0.3 0 -0.004144114 -0.004421057 -0.004963525 -0.005377369 -0.005250267 1000 -0.003899329 -0.003304249 -0.003597578 -0.003658193 -0.00421119 1000
15 0.8199998 -4.75 0.6 0 -0.006210223 -0.00569762 -0.005300956 -0.004963741 -0.005130979 1000 -0.004162751 -0.004545043 -0.004377565 -0.004438809 -0.00517694 1000
16 0.4800001 -4.75 0.3 0 -0.007952894 -0.006556584 -0.005524328 -0.005747478 -0.006488476 1000 -0.004802998 -0.005693616 -0.006359689 -0.005478881 -0.004934472 1000
17 1.159999 4.75 0.8 0 -0.006737041 -0.006020544 -0.005937318 -0.005973799 -0.005864094 1000 -0.005353459 -0.005801579 -0.006567286 -0.007185226 -0.00776839 1000
18 0.8799997 4.75 0.7 0 -0.005889024 -0.006480536 -0.00708622 -0.007123017 -0.007105881 1000 -0.005708953 -0.005186946 -0.005165985 -0.004493032 -0.004720313 1000
19 1.08 5.5 0.9 0 -0.008001758 -0.007520937 -0.007479767 -0.007715034 -0.008038686 1000 -0.00508994 -0.005088303 -0.005220971 -0.005356987 -0.005730522 1000
20 0.7599998 5.5 0.5 1 -0.008709465 -0.008387362 -0.008285448 -0.008201998 -0.008274136 1000 -0.005428455 -0.005544631 -0.005578755 -0.004843379 -0.004545121 1000
21 0.6199999 -4.75 0.7 1 -0.01016937 -0.009525976 -0.01033928 -0.010074 -0.009176753 1000 -0.004430829 -0.004612563 -0.004249316 -0.003843128 -0.002795843 1000
22 0.7799998 -4 0.7 0 -0.009749111 -0.009978556 -0.01009827 -0.01061387 -0.01066839 1000 -0.0008066957 -0.0007714456 -0.000699077 -0.001080421 -0.0009634555 1000
23 0.58 4 0.7 1 -0.01293677 -0.01282523 -0.01284522 -0.01317753 -0.01297879 1000 0.0005418825 0.0003221102 2.902606E-05 0.0002390633 -0.0001899433 1000
24 0.7599998 -4.75 0.6 1 -0.01447594 -0.01444758 -0.01446259 -0.01438718 -0.01457958 1000 -0.001086869 -0.00111472 -0.00117513 -0.0006515891 -0.0009079557 1000
25 0.7399998 -4.75 0.6 1 -0.01383025 -0.01434127 -0.01459581 -0.01551683 -0.01592679 1000 0.001212803 0.0007033933 0.0001896057 7.07664E-05 0.001088996 1000
26 0.24 4 0.1 0 -0.01551014 -0.0156133 -0.01603503 -0.01604691 -0.01588116 1000 0.004108236 0.003552848 0.00339433 0.003223003 0.003302094 1000
27 0.6199999 4 0.6 0 -0.01618556 -0.01606449 -0.01613638 -0.01680031 -0.01696097 1000 0.002253136 0.00167492 0.001626216 0.001318594 0.001808566 1000
28 0.6 -4.75 0.3 0 -0.01559622 -0.01688754 -0.01846177 -0.0192913 -0.02038121 1000 -0.00372974 -0.002478053 -0.0005492743 0.001124856 0.001878011 1000
29 0.6999999 4.75 0.6 1 -0.02115379 -0.02149829 -0.02197923 -0.02258534 -0.02314468 1000 0.00320842 0.003630345 0.001415228 -0.00116766 -0.0006572895 1000
30 0.7799998 4.75 0.6 1 -0.02390494 -0.02368593 -0.02370471 -0.02365392 -0.02400874 1000 0.005505987 0.005113064 0.004218931 0.004453972 0.004810687 1000
31 0.6799999 -4 0.6 -1 -0.01924299 -0.01853843 -0.01977459 -0.02025684 -0.0203864 1000 0.001756059 0.0008617498 -0.0004955106 -0.0007636318 0.0004942652 1000
32 0.5000001 -5.5 0.3 0 0.0215536 0.0121089 0.005366398 0.003931731 0.004580718 1000 -0.0001409575 0.0001559868 0.0008127002 0.0009473378 0.0004834565 1000
33 0.4800001 5.5 0.5 -1 0.002204574 0.002595985 0.003320429 0.003195136 0.002486747 1000 -0.0006543425 -0.0008771333 -0.0009575959 -0.001405062 -0.001171389 1000
34 0.6399999 -5.5 0.6 1 -0.0003408402 -0.0007644537 -0.0003675051 -0.0007630568 -0.0007336591 1000 0.0004095606 0.001093035 0.001025223 0.001549858 0.001406302 1000
35 0.32 4.75 0.2 0 -0.0009444654 -0.0007369234 -0.0003268506 -0.0003448018 -0.0003289896 1000 0.0004192413 0.0002972985 -0.0003795491 -0.0003035385 -0.0008359 1000
36 0.7399998 -4.75 0.5 -1 0.0002346923 -0.0002903704 -1.543843E-05 -0.0004620951 -0.0005149955 1000 -0.0007094271 -0.0004584233 -0.0008521623 -0.001267574 -0.000677735 1000
37 0.7199998 5.5 0.5 0 -0.001197465 -0.001510116 -0.001185059 -0.0009793714 -0.001277564 1000 -0.0004372872 -0.00013508 -0.0006244216 -0.00117149 -0.001107218 1000
38 0.7999998 -4 0.7 -1 -0.002405097 -0.002227644 -0.001984718 -0.002038613 -0.002311936 1000 -0.003023139 -0.003895621 -0.00411581 -0.003239991 -0.003067532 1000
39 1.219999 4 0.8 0 -0.002980195 -0.003291205 -0.005100715 -0.002024062 0.001675054 1000 -0.008414407 -0.008267579 -0.008223398 -0.008074139 -0.009379905 1000
40 0.6199999 4.75 0.5 1 0.003514974 0.001666175 -0.0006400582 -0.002116982 -0.003625873 1000 -0.007526367 -0.006937482 -0.006712415 -0.006936672 -0.007236337 1000
41 1.219999 -4.75 0.9 0 -0.004940863 -0.004067769 -0.004252373 -0.005088247 -0.005561244 1000 -0.007455365 -0.007356117 -0.007001804 -0.006720755 -0.006470914 1000
42 0.8799997 -5.5 0.8 0 -0.003936666 -0.003432074 -0.00268775 -0.00279805 -0.003174373 1000 -0.0102327 -0.0100809 -0.00920471 -0.008786547 -0.009429469 1000
43 0.56 5.5 0.4 0 -0.005150517 -0.005115306 -0.005228891 -0.005111771 -0.005130858 1000 -0.009684493 -0.009811729 -0.01016801 -0.009471022 -0.009626288 1000
44 0.3 5.5 0.2 0 -0.005536784 -0.005216316 -0.005858574 -0.006747741 -0.006862171 1000 -0.01043136 -0.01009215 -0.009517517 -0.009838452 -0.0102286 1000
45 0.6199999 4 0.6 0 -0.005884296 -0.006216562 -0.006842943 -0.006491556 -0.005892297 1000 -0.007351986 -0.00710419 -0.00655393 -0.006516537 -0.00701826 1000
46 0.4800001 4 0.2 0 -0.005816203 -0.005503807 -0.006297087 -0.006543529 -0.005944483 1000 -0.009761413 -0.009184771 -0.008738756 -0.008125358 -0.007723175 1000
47 0.6799999 5.5 0.7 -1 -0.007713986 -0.007937967 -0.006230062 -0.005222535 -0.005778071 1000 -0.007973946 -0.007612608 -0.007628852 -0.007523532 -0.007821426 1000
48 0.52 -4.75 0.7 -1 -0.003149856 -0.003844136 -0.004572514 -0.004318641 -0.003943277 1000 -0.008985014 -0.008563833 -0.006829769 -0.006435466 -0.006886203 1000
49 1.04 -5.5 0.6 -1 -0.006371212 -0.006516775 -0.007473437 -0.008141636 -0.008097631 1000 -0.002864041 -0.002516216 -0.002380101 -0.002939709 -0.002572595 1000
50 0.8799997 4.75 0.5 0 0.02283423 0.02278752 0.02231199 0.02089908 0.02008261 1000 0.02199133 0.02221511 0.0225022 0.02184241 0.02080606 1000
51 0.58 -5.5 0.3 0 0.01731797 0.01465037 0.01314466 0.01210364 0.01131147 1000 0.01070756 0.01270955 0.01402044 0.01415319 0.01357103 1000
52 0.38 -4 0.2 0 0.00623739 0.005761505 0.004863887 0.003883602 0.003225759 1000 0.0138025 0.01451913 0.01518391 0.01523308 0.01495665 1000
53 0.7599998 -5.5 0.4 0 0.001619505 0.001429447 0.001498984 0.001649338 0.001254056 1000 0.01535123 0.01538985 0.0150908 0.01503905 0.01531352 1000
54 0.7999998 4.75 0.6 0 -0.0006790786 -0.0002013121 -0.001060038 -0.001600415 -0.00288361 1000 0.01615381 0.01648612 0.01655433 0.01712117 0.01691878 1000
55 1.06 -5.5 0.7 0 -0.005249054 -0.005669916 -0.006584458 -0.007242963 -0.009079447 1000 0.0166657 0.01646524 0.01690875 0.01709873 0.01706506 1000
56 0.12 4 0.1 0 -0.008233552 -0.006684637 -0.00543059 -0.005352976 -0.005567574 1000 0.02123515 0.0167056 0.01482243 0.01470754 0.01422771 1000
57 0.9799996 -5.5 0.7 -1 -0.006688555 -0.007066656 -0.006878425 -0.006624972 -0.006731172 1000 0.01335628 0.01372231 0.01426927 0.01391258 0.01422584 1000
58 0.8599997 4.75 0.7 1 -0.005738219 -0.005413167 -0.004084787 -0.003270542 -0.003364713 1000 0.01558041 0.01487709 0.01301802 0.01179071 0.01034847 1000
59 0.9799996 -5.5 0.6 0 0.002795144 0.003064467 0.002315081 0.001096553 0.0005954322 1000 -0.006195352 -0.005466247 -0.004774738 -0.003914902 -0.003764573 1000
60 0.7399998 -4 0.5 0 0.0001285118 -0.0001211556 0.0004328488 0.0004297845 -0.0002506144 1000 -0.004452219 -0.004473836 -0.003478192 -0.003359736 -0.003181388 1000
61 0.6799999 -4.75 0.5 -1 -0.0007184469 -0.0004267051 -9.914273E-05 -0.0003258089 -0.0009462358 1000 -0.002984621 -0.003380951 -0.003628637 -0.003987528 -0.003914757 1000
62 0.8999997 -5.5 0.7 0 0.0006795732 0.000332421 0.0005735475 0.0008689741 0.0004538981 1000 -0.004080231 -0.004190995 -0.004140982 -0.004210903 -0.004061235 1000
63 0.54 -4.75 0.5 0 0.0007775645 0.0006735823 0.000645876 6.900392E-05 -0.001010522 1000 -0.001859 -0.00244406 -0.002759634 -0.002974293 -0.002779214 1000
64 0.36 -5.5 0.1 0 -0.007178094 -0.007320277 -0.007426471 -0.007924271 -0.007052951 1000 -0.007751667 -0.007919509 -0.007823137 -0.006867131 -0.00666657 1000
65 0.6999999 -4 0.5 -1 -0.007910195 -0.008351008 -0.008469137 -0.008342405 -0.008410024 1000 -0.005568695 -0.005661022 -0.005701719 -0.005987419 -0.005789829 1000
66 0.56 -4 0.7 0 -0.009403485 -0.005882716 -0.004937722 -0.004211388 -0.003525526 1000 -0.002143119 -0.001808139 -0.0008253247 -0.0005241541 -0.000416445 1000
67 0.7799998 -5.5 0.7 0 -0.002972754 -0.00323052 -0.003132505 -0.00330498 -0.003692439 1000 0.004507901 0.004965645 0.005405414 0.004976519 0.005107074 1000
68 0.7799998 -4.75 0.6 -1 -0.001452833 -0.001763332 -0.001919162 -0.002256158 -0.002219193 1000 0.01999405 0.01902255 0.01875418 0.01832724 0.01808931 1000
69 0.6999999 -4.75 0.5 -1 -0.001180027 -0.001328622 -0.00205225 -0.002209064 -0.002212364 1000 0.01943094 0.01765379 0.0165341 0.01574218 0.01544627 1000
70 1.339999 -4 0.7 -1 0.0001489437 -0.001186096 -0.00175226 -0.001921343 -0.002396143 1000 0.0136068 0.01329099 0.01138324 0.01047107 0.01087839 1000
71 1.06 -4.75 0.7 -1 -0.004875006 -0.004433061 -0.004372497 -0.003877139 -0.003809957 1000 0.01466846 0.01482245 0.01555664 0.01492303 0.0151908 1000
72 0.7999998 -4.75 0.4 0 -0.002469623 -0.003027846 -0.003098953 -0.003018455 -0.00306856 1000 0.01231136 0.01191091 0.01203311 0.01241571 0.0125303 1000
73 0.32 -5.5 0.1 0 -0.004329531 -0.004823946 -0.004487763 -0.004895454 -0.004732391 1000 0.0171752 0.01752626 0.01640969 0.01591413 0.01565166 1000
74 1.259999 5.5 1 0 -0.006057301 -0.006000314 -0.005886712 -0.00571499 -0.005945134 1000 0.01964141 0.01763695 0.01789369 0.01762185 0.01684993 1000
75 0.9999996 -4.75 0.7 -1 -0.001364762 -0.001700524 -0.002202996 -0.002530765 -0.002565083 1000 0.01026108 0.01061615 0.0107119 0.01109357 0.01102384 1000
76 0.9799996 -4 0.5 1 -0.002431488 -0.002881908 -0.003222024 -0.003994206 -0.005429193 1000 0.01870764 0.0184728 0.01768685 0.01788899 0.01787923 1000
77 1.06 4 0.7 0 -0.006289547 -0.00639264 -0.006011802 -0.006286182 -0.006424238 1000 0.01978382 0.01972017 0.01924562 0.01939107 0.01879716 1000
78 0.8799997 -4 0.7 1 -0.006680779 -0.006975353 -0.007205566 -0.007527359 -0.007919007 1000 0.01031309 0.0102637 0.01021297 0.01012582 0.01082307 1000
79 0.5000001 5.5 0.2 0 -0.01102263 -0.01144651 -0.01161179 -0.01214436 -0.01265912 1000 0.02238927 0.02215111 0.01974385 0.01828889 0.01886259 1000
80 0.7799998 -5.5 0.7 -1 -0.01225383 -0.01248766 -0.01315669 -0.01313243 -0.01241257 1000 -0.004532854 -0.003659206 -0.003017093 -0.003499381 -0.003069639 1000
81 0.8599997 5.5 0.5 0 -0.013544 -0.01335071 -0.01361946 -0.01357531 -0.01364936 1000 0.005488281 0.005267351 0.004552293 0.003854151 0.003924843 1000
82 0.9399996 -4 0.5 1 -0.01249975 -0.0129839 -0.01423288 -0.01440062 -0.01405257 1000 0.0007837281 0.001472153 0.00207393 0.001636058 0.001689881 1000
83 0.9599996 -4 0.8 0 -0.01067229 -0.01075258 -0.01008917 -0.009929609 -0.01051708 1000 0.01788788 0.01659037 0.01283984 0.01214824 0.01306243 1000
84 0.8599997 -5.5 0.6 0 -0.006915177 -0.007211483 -0.007642184 -0.007787501 -0.007676054 1000 0.01664316 0.0168118 0.01640755 0.01659254 0.01622793 1000
85 0.6599999 4.75 0.6 0 -0.008662304 -0.008370672 -0.008483593 -0.008926808 -0.0090059 1000 0.01944036 0.0189466 0.01952819 0.01943359 0.01921075 1000
86 1.02 -5.5 0.5 0 -0.008452964 -0.008999982 -0.008886215 -0.009095054 -0.009502152 1000 0.01887212 0.01902837 0.01893195 0.01864931 0.01842795 1000
87 0.42 -4.75 0.2 0 -0.00572187 -0.003318906 -0.00256183 -0.00309548 -0.003044483 1000 0.01969093 0.01975284 0.01887951 0.01910076 0.0190558 1000
88 0.8399997 4.75 0.6 1 -0.005786984 -0.005561696 -0.005464936 -0.005269261 -0.004758123 1000 0.02107214 0.02068293 0.02019174 0.01975802 0.01902905 1000
89 1.06 5.5 0.6 1 -0.00926176 -0.01047041 -0.01117267 -0.01133712 -0.01164844 1000 0.01072293 0.009557282 0.009230384 0.009717573 0.009821795 1000
90 1.219999 4.75 1 0 -0.01428392 -0.01605565 -0.01767777 -0.01815928 -0.01781617 1000 0.005642366 0.002984893 0.002431923 0.003087964 0.002955188 1000
91 0.4600001 -4 0.3 0 -0.01169422 -0.01221287 -0.01104388 -0.008821889 -0.009363631 1000 0.004473599 0.004251541 0.004239448 0.006188913 0.006311554 1000
92 0.32 5.5 0.1 0 -0.009104161 -0.003444273 -0.001766791 -0.002251622 -0.002900874 1000 0.01869478 0.01365158 0.0110049 0.0101885 0.01079851 1000
93 0.8199998 -4 0.6 0 -0.0004261125 -0.00121304 -0.002270262 -0.003013196 -0.003015715 1000 0.01030353 0.01112693 0.01122297 0.01127894 0.0111385 1000
94 0.8199998 5.5 0.4 0 0.0001005384 0.000176969 7.531265E-05 1.544476E-05 -0.0002347238 1000 0.01239098 0.01220812 0.01195722 0.01166763 0.01139996 1000
95 0.8399997 5.5 0.6 0 -0.0007252684 -0.001434747 -0.002028968 -0.00174777 -0.0008418937 1000 0.01312948 0.01252385 0.01222293 0.01186551 0.01205346 1000
96 1.12 -4.75 0.8 0 -0.004234842 -0.005365157 -0.005348173 -0.00544552 -0.00670177 1000 0.01200191 0.01197166 0.0122553 0.0115874 0.01166918 1000
97 0.8799997 4 0.7 -1 -0.01044818 -0.01047655 -0.009912164 -0.009618927 -0.009128143 1000 0.01820044 0.01870986 0.01784956 0.01781473 0.01735279 1000
98 1.04 -4 0.7 -1 -0.005723362 -0.006919563 -0.008048184 -0.008756313 -0.009120729 1000 0.01525392 0.01515953 0.01448519 0.01440085 0.01443386 1000
99 1.239999 5.5 0.8 0 -0.008205407 -0.008580925 -0.008848427 -0.00853527 -0.00808982 1000 0.01505066 0.01453993 0.01367443 0.01271753 0.01222997 1000
100 0.6399999 4 0.5 0 0.003996022 0.001426151 0.0007678191 0.00121425 0.001066487 1000 -0.002677652 0.0006231906 0.0008138171 -0.001538169 -0.002864884 1000
101 0.36 -4 0.2 0 -0.002311733 -0.003185821 -0.002793555 -0.003130482 -0.003581225 1000 -0.009958969 -0.009788641 -0.009817612 -0.009816223 -0.009544448 1000
102 1.339999 5.5 0.9 0 -0.001176615 -0.001080757 -0.001155199 -0.001227756 -0.0009826224 1000 -0.01054864 -0.01022148 -0.0109556 -0.01165039 -0.01218016 1000
103 0.7799998 -4.75 0.5 1 0.0001880231 0.0008524667 0.00111085 0.000829289 0.0005657473 1000 -0.0163019 -0.01597725 -0.01612566 -0.01552423 -0.01534119 1000
104 1.1 5.5 0.9 0 0.0001807788 0.0008037194 0.001079907 0.001022741 0.001017323 1000 -0.01518675 -0.01563731 -0.01628846 -0.0164032 -0.01679138 1000
105 0.8799997 -5.5 0.7 -1 0.0004936605 -0.0001186057 7.956788E-05 0.0004358771 0.0003978918 1000 -0.01704237 -0.01708377 -0.01597726 -0.01573424 -0.01632607 1000
106 0.7999998 5.5 0.7 -1 0.001178961 0.001605273 0.002154177 0.002076704 0.001787828 1000 -0.021142 -0.02109063 -0.02165318 -0.02167307 -0.02214915 1000
107 0.8399997 -4 0.6 -1 0.003133326 0.002948151 0.002622394 0.002824771 0.003113503 1000 -0.02278279 -0.02270193 -0.02261851 -0.0223411 -0.02242962 1000
108 1.219999 -4.75 1 0 0.005468404 0.005217172 0.005713888 0.006279444 0.006617384 1000 -0.02209556 -0.02201827 -0.02207293 -0.02240161 -0.02200523 1000
109 0.52 -4 0.3 0 0.005548227 0.005740615 0.005434735 0.005163394 0.00519877 1000 -0.01705557 -0.01719331 -0.0172776 -0.01757116 -0.01736601 1000
110 0.26 -5.5 0.1 0 0.006559265 0.006742836 0.007052872 0.007088625 0.006813151 1000 -0.01751037 -0.01798628 -0.01850169 -0.0179502 -0.01767658 1000
111 0.7599998 -4.75 0.6 1 0.003807454 0.004445289 0.004972682 0.004721703 0.004135562 1000 -0.01501807 -0.01556239 -0.01594961 -0.01545518 -0.0149943 1000
112 0.16 -4 0.1 0 0.002928576 0.003198634 0.004188567 0.004833245 0.004737793 1000 -0.01406489 -0.01429327 -0.014749 -0.01454037 -0.01446676 1000
113 0.7799998 4.75 0.5 0 0.00290503 0.003500543 0.004269017 0.004530658 0.004727596 1000 -0.01578043 -0.01554228 -0.01597741 -0.01587355 -0.01588879 1000
114 1.479999 -4 0.7 0 0.00362906 0.004224226 0.004320276 0.004564059 0.004648617 1000 -0.01599884 -0.01639495 -0.01627946 -0.01633941 -0.01620294 1000
115 1.1 -4.75 0.8 0 0.006016926 0.006424503 0.00666954 0.006467302 0.006901645 1000 -0.02141839 -0.02135914 -0.02156605 -0.02155089 -0.02180249 1000
116 0.14 -5.5 0.1 0 0.002844674 0.003882369 0.004077709 0.004101006 0.004030045 1000 -0.02279425 -0.02273173 -0.02248889 -0.02218348 -0.02167454 1000
117 0.8799997 4 0.7 -1 0.002895665 0.003443843 0.003833286 0.004243291 0.004114551 1000 -0.02024944 -0.02040126 -0.02068371 -0.0207462 -0.02164247 1000
118 0.6399999 4 0.5 -1 0.004767869 0.004955892 0.004760975 0.004631273 0.004548092 1000 -0.02449742 -0.02424655 -0.02383971 -0.02436707 -0.02455521 1000
119 1.319999 -4 0.9 0 0.003362167 0.003166407 0.00304575 0.002979396 0.002533559 1000 -0.02440134 -0.02362867 -0.02362395 -0.02378962 -0.02351627 1000
120 1.239999 5.5 0.5 -1 0.00194195 0.001242099 0.001534062 0.002099139 0.001920409 1000 -0.02344859 -0.02292003 -0.02272463 -0.02322406 -0.02342243 1000
121 1.08 -4 0.6 1 -0.000339466 0.0003828515 0.001507028 0.002015625 0.001679156 1000 -0.02443713 -0.02444912 -0.02475225 -0.02354196 -0.02296985 1000
122 1.159999 -5.5 0.7 0 0.001507488 0.001178314 0.001205474 0.001469342 0.001424483 1000 -0.02005105 -0.01971844 -0.02098444 -0.02035861 -0.01967982 1000
123 0.7999998 4.75 0.5 0 -0.001001082 -0.0006780568 5.266842E-05 0.0004463507 0.0006464164 1000 -0.01683962 -0.01672046 -0.0175596 -0.0178117 -0.01787693 1000
124 0.9999996 -5.5 0.5 -1 -0.0004371264 0.0003146403 0.000472541 0.0007405126 0.001227707 1000 -0.01846095 -0.01889494 -0.01824884 -0.01852226 -0.01911498 1000
125 1.239999 -5.5 0.8 0 -0.0005086869 -0.0003408118 -0.000496001 -0.0002920516 -0.0005592847 1000 -0.01227268 -0.01281372 -0.01321411 -0.01374331 -0.0133399 1000
126 0.8199998 -4 0.5 1 0.0005744013 0.001006569 0.001219727 0.001511739 0.001644945 1000 -0.01079015 -0.01080981 -0.01124853 -0.0117209 -0.01151652 1000
127 0.9799996 -4 0.6 1 0.000405547 0.0008728695 0.001039023 0.001168081 0.001184719 1000 -0.01130192 -0.01105385 -0.0111611 -0.01148792 -0.01139302 1000
128 1.519999 4 0.9 0 -0.001008382 -0.0007926758 -0.0002261169 0.0001711557 -8.149477E-05 1000 -0.01033677 -0.0103049 -0.01078309 -0.01095317 -0.01090354 1000
129 0.9799996 4 0.5 -1 -8.601131E-05 0.0001540931 0.0002716722 -0.0004281196 -0.0006607841 1000 -0.01580535 -0.01491556 -0.01430439 -0.01415168 -0.01497092 1000
130 1.04 5.5 0.7 1 -0.003415782 -0.003098215 -0.002791885 -0.002608716 -0.002653933 1000 -0.01295501 -0.01355406 -0.01457776 -0.01495007 -0.01521845 1000
131 0.6999999 5.5 0.8 0 -0.003343817 -0.001722764 5.880036E-05 -7.691322E-05 -0.000913953 1000 -0.01639817 -0.01569539 -0.0150283 -0.01475111 -0.01527402 1000
132 0.7599998 4.75 0.8 0 -0.00297765 -0.002977543 -0.003023522 -0.003154703 -0.00335906 1000 -0.01530154 -0.0149769 -0.01494808 -0.01503981 -0.01522692 1000
133 1.199999 -5.5 0.6 -1 -0.005344482 -0.005649217 -0.00496043 -0.004726337 -0.004953268 1000 -0.01345358 -0.01356678 -0.01332493 -0.01317445 -0.01298302 1000
134 0.5000001 4 0.2 0 -0.001610061 -0.001508005 -0.001388469 -0.0008672351 -0.0007302408 1000 -0.01089538 -0.01100489 -0.01123385 -0.01136697 -0.01141829 1000
135 1.239999 4.75 0.7 -1 -0.001793757 -0.001788022 -0.002114144 -0.002158554 -0.002044775 1000 -0.01138506 -0.01165947 -0.01177213 -0.01214164 -0.01230207 1000
136 0.9999996 -5.5 0.7 0 -0.001254886 -0.001411913 -0.001371838 -0.001036865 -0.001876971 1000 -0.01119033 -0.01164441 -0.01134649 -0.01113447 -0.01064743 1000
137 1.279999 4.75 0.7 0 0.005139573 0.004890381 0.004820392 0.00485242 0.004603564 1000 -0.006060168 -0.006027781 -0.005974828 -0.005793332 -0.00669416 1000
138 0.7399998 4 0.5 0 0.002931734 0.001425109 0.0006747764 1.461341E-06 -0.0004359609 1000 -0.02265904 -0.01717208 -0.0105653 -0.008465052 -0.009976584 1000
139 1.219999 5.5 0.7 1 -0.002081787 -0.002066663 -0.002150688 -0.002303192 -0.00202218 1000 -0.003579758 -0.003924333 -0.003771998 -0.004014085 -0.004572487 1000
140 1.459999 -5.5 0.9 0 -0.002768697 -0.002509127 -0.002813 -0.002819175 -0.002870153 1000 -0.006344767 -0.006417365 -0.005287534 -0.005113659 -0.005088979 1000
141 0.9799996 4.75 0.6 1 -0.003303393 -0.003401353 -0.003397616 -0.003315397 -0.003512003 1000 -0.002359466 -0.002966858 -0.002878183 -0.00294493 -0.00316845 1000
142 1.219999 5.5 0.6 1 -0.002415692 -0.002625045 -0.002519057 -0.00270185 -0.002704285 1000 -0.008836922 -0.008471646 -0.008589998 -0.008700551 -0.008971477 1000
143 0.8199998 -4.75 0.6 0 -0.004162068 -0.004747228 -0.004770197 -0.005635793 -0.005932353 1000 -0.01101306 -0.01133726 -0.01143053 -0.01062347 -0.0100504 1000
144 1.699999 4.75 1 0 -0.005687385 -0.006126862 -0.006510508 -0.00667933 -0.006823815 1000 -0.005945362 -0.005850049 -0.0063578 -0.006889043 -0.00729632 1000
145 1.02 -4.75 0.5 -1 -0.0117899 -0.009429815 -0.009584641 -0.0115805 -0.01128408 1000 -0.01245782 -0.01284549 -0.01293497 -0.01172781 -0.01094471 1000
146 1.06 -5.5 0.5 1 -0.01070141 -0.01045022 -0.01013547 -0.009932008 -0.01013945 1000 -0.007493333 -0.007752302 -0.007625008 -0.007509212 -0.007590146 1000
147 0.6 -5.5 0.4 0 -0.005997117 -0.00499893 -0.004904704 -0.005131976 -0.005137913 1000 0.007532171 0.006313276 0.006391553 0.006232501 0.006118515 1000
148 0.9799996 5.5 0.5 1 -0.002782871 -0.002677849 -0.002967136 -0.003783206 -0.003978195 1000 0.01020764 0.01041776 0.01030825 0.01020701 0.009609429 1000
149 1.06 4 0.7 1 -0.009105748 -0.00843328 -0.008518966 -0.008828568 -0.008510225 1000 0.007420988 0.006924254 0.007332222 0.007208527 0.007117042 1000
150 1.239999 5.5 1 0 -0.003728786 -0.003736775 -0.004033931 -0.003993507 -0.002492928 1000 0.008985857 0.01005849 0.01181808 0.01358521 0.01345793 1000
151 1.1 4.75 1 0 -0.007920728 -0.008239572 -0.00852168 -0.007836656 -0.007506032 1000 0.01357578 0.01500187 0.0148494 0.01424148 0.01420459 1000
152 0.54 4 0.6 -1 -0.009207889 -0.00927892 -0.00888483 -0.008704809 -0.009153941 1000 0.01126765 0.01144496 0.01116837 0.011213 0.01133589 1000
153 0.22 -5.5 0.1 0 -0.009524961 -0.009764035 -0.01011703 -0.01082357 -0.01058892 1000 0.01157007 0.01148158 0.0116285 0.01186142 0.01220972 1000
154 0.8999997 5.5 0.7 -1 -0.008357868 -0.008805807 -0.008908236 -0.009198608 -0.009521391 1000 0.01438908 0.01431416 0.01362704 0.01303488 0.01252511 1000
155 1.339999 5.5 0.7 -1 -0.00918697 -0.009523943 -0.009346234 -0.00953886 -0.01003392 1000 0.01165694 0.01158249 0.011309 0.01126245 0.01079733 1000
156 1.659999 -5.5 0.9 0 -0.009781057 -0.009090037 -0.009249944 -0.008975683 -0.008517046 1000 0.01115261 0.01100975 0.01078617 0.01071806 0.01104543 1000
157 0.28 -4.75 0.1 0 -0.006781803 -0.006902266 -0.007134976 -0.007167863 -0.007159946 1000 0.01157057 0.01189766 0.01130417 0.01038594 0.01035957 1000
158 1.419999 4 0.9 0 -0.007393439 -0.008738481 -0.008892925 -0.009501983 -0.01017633 1000 0.01030278 0.01011543 0.01016626 0.01033564 0.01013524 1000
159 1.08 5.5 1 0 -0.007028289 -0.007198836 -0.007418886 -0.006523854 -0.006221406 1000 0.006297217 0.006766676 0.007138954 0.006867948 0.006894067 1000
160 1.259999 -4.75 0.9 0 -0.00915327 -0.009432025 -0.009279094 -0.009922671 -0.01035309 1000 0.008726954 0.008182045 0.007348774 0.007892304 0.007671379 1000
161 0.8599997 -5.5 0.7 1 -0.0125247 -0.01345576 -0.01563804 -0.01448264 -0.01425482 1000 0.006539164 0.005834633 0.005360723 0.00491866 0.004982675 1000
162 0.7599998 -4 0.5 0 -0.0132019 -0.01329672 -0.0124219 -0.01231102 -0.01295368 1000 0.008361793 0.007646845 0.006114095 0.005235391 0.005468953 1000
163 0.6799999 -5.5 0.2 0 -0.01343846 -0.01189632 -0.01186413 -0.013109 -0.01328549 1000 0.007607967 0.007310017 0.006501737 0.005707658 0.006024433 1000
164 1.479999 -4 1 0 -0.01220172 -0.01248979 -0.01288406 -0.01234708 -0.01219438 1000 0.01293272 0.0128521 0.01375042 0.01340806 0.01278047 1000
165 0.8599997 -4 0.6 0 -0.01468828 -0.01490312 -0.01530883 -0.01526787 -0.01473123 1000 0.009429945 0.01046319 0.01006282 0.009696294 0.009902237 1000
166 1.359999 4.75 0.7 0 -0.009988605 -0.009565472 -0.009486948 -0.009403898 -0.009639394 1000 0.007116451 0.006864288 0.006461216 0.006123109 0.006247654 1000
167 1.259999 4.75 0.9 0 -0.007808143 -0.008159095 -0.008281114 -0.008332071 -0.008401621 1000 0.007736414 0.009409356 0.009309993 0.008302059 0.008013385 1000
168 1.359999 4.75 0.7 -1 -0.008797437 -0.008888712 -0.008780808 -0.008454458 -0.008064669 1000 0.008652333 0.008717432 0.008963224 0.008690315 0.008473674 1000
169 0.6599999 4.75 0.6 0 -0.008244587 -0.008351872 -0.008614986 -0.008393715 -0.008570738 1000 0.006238436 0.005926482 0.005981662 0.005364341 0.005856584 1000
170 0.6 -4.75 0.3 0 -0.009140532 -0.009062086 -0.009050518 -0.009497874 -0.009546451 1000 0.006246652 0.006171345 0.006117004 0.00659191 0.00679006 1000
171 0.7399998 4 0.6 0 -0.009874498 -0.00970771 -0.009942384 -0.01027524 -0.009943129 1000 0.009857617 0.009634343 0.008577101 0.008245423 0.007708937 1000
172 0.4 -4.75 0.1 0 -0.01046899 -0.01112558 -0.01144508 -0.0112482 -0.01197298 1000 0.005024374 0.005093851 0.005084062 0.004975646 0.00440113 1000
173 0.9199997 5.5 0.6 -1 -0.01206405 -0.01217419 -0.01237283 -0.01307924 -0.01260591 1000 0.00522969 0.0052179 0.00390592 0.002898321 0.002468855 1000
174 1.299999 -4 0.8 0 -0.01187458 -0.01182053 -0.01149495 -0.01163165 -0.01118597 1000 0.004859553 0.006112918 0.006687754 0.006906831 0.007317515 1000
175 1.199999 -5.5 0.5 -1 -0.01379573 -0.0134413 -0.01329947 -0.01320846 -0.01321363 1000 0.008926564 0.008185754 0.007469892 0.007570678 0.006725418 1000
176 0.8199998 -5.5 0.3 0 -0.01258744 -0.01242005 -0.01198608 -0.01147408 -0.01102263 1000 0.009181742 0.009238008 0.00901736 0.009003758 0.008712417 1000
177 1.419999 -4 1 0 -0.01201436 -0.01221965 -0.01212592 -0.01252329 -0.01231859 1000 0.008451737 0.008554936 0.00801113 0.008161452 0.007983899 1000
178 0.8999997 4 0.7 1 -0.01218701 -0.01264254 -0.01306995 -0.01332428 -0.01395361 1000 0.006305365 0.006313813 0.006613343 0.006902912 0.007082598 1000
179 1.359999 4 0.7 0 -0.01391182 -0.01415943 -0.01482074 -0.01528362 -0.01562103 1000 0.006694728 0.006961207 0.006905781 0.007122893 0.006872755 1000
180 1.419999 -4 1 0 -0.01817607 -0.0179588 -0.01787609 -0.01823962 -0.01894324 1000 0.004735846 0.004579645 0.004177215 0.004492485 0.005090925 1000
181 0.6399999 -4.75 0.4 0 -0.00313238 -0.004778263 -0.005619844 -0.005819369 -0.005131392 1000 0.004126065 0.00411777 0.003218346 0.002314796 0.001231163 1000
182 0.24 -5.5 0.1 0 -0.006357006 -0.00659938 -0.006662055 -0.00755834 -0.006950174 1000 0.002580961 0.001661257 0.00150646 0.00169284 0.001882495 1000
183 1.159999 5.5 0.6 0 -0.005493474 -0.005639427 -0.006177292 -0.006281085 -0.005885897 1000 0.003817142 0.003768148 0.003624855 0.003437006 0.003288377 1000
184 0.8799997 -4.75 0.5 -1 -0.00781806 -0.009205882 -0.009816762 -0.008099517 -0.006570846 1000 0.002267014 0.002890514 0.003744307 0.002585901 0.00236057 1000
185 0.7999998 -5.5 0.4 0 -0.006332028 -0.006113559 -0.006603464 -0.005672231 -0.00526418 1000 0.002905915 0.003353627 0.003776107 0.003243419 0.001817293 1000
186 0.56 -4.75 0.2 0 -0.00460531 -0.004236623 -0.003972166 -0.004619498 -0.004792643 1000 0.003949969 0.003609101 0.002696957 0.001964327 0.001948519 1000
187 1.06 4 0.8 0 -0.004815024 -0.004678738 -0.004895557 -0.004766261 -0.004062091 1000 0.003558839 0.003698471 0.003547247 0.002019029 0.001433022 1000
188 0.8799997 -5.5 0.6 0 -0.004721526 -0.006860707 -0.009174 -0.006245075 -0.005498203 1000 0.004313312 0.005072169 0.005248212 0.005647141 0.003477066 1000
189 0.7399998 -4 0.6 1 -0.006507835 -0.006751389 -0.007776148 -0.008232832 -0.007037933 1000 0.005182345 0.005278422 0.004537474 0.003611785 0.004180576 1000
190 0.8199998 -4.75 0.6 0 -0.006620627 -0.006503123 -0.00658798 -0.006892054 -0.007323837 1000 0.005515079 0.005876801 0.005681394 0.006504516 0.005922186 1000
191 0.8199998 -4 0.5 -1 -0.006688033 -0.006998059 -0.006506152 -0.007278894 -0.007181273 1000 0.00894838 0.008550411 0.007864621 0.006405732 0.006023349 1000
192 0.9999996 -4 0.6 0 -0.007390478 -0.007360875 -0.007910043 -0.007321092 -0.00797104 1000 0.005080818 0.005659302 0.005686542 0.006335184 0.005604225 1000
193 1.04 5.5 1 0 -0.009596076 -0.009263723 -0.008980764 -0.00911217 -0.008768085 1000 0.005886963 0.006618813 0.006558959 0.006565197 0.005327866 1000
194 0.7399998 4.75 0.5 -1 -0.008582028 -0.007622347 -0.007346962 -0.00803845 -0.009529219 1000 0.004964685 0.004690697 0.004904881 0.005480338 0.005377614 1000
195 0.4400001 -4.75 0.1 0 -0.009191836 -0.009513054 -0.009951819 -0.009557697 -0.008722153 1000 0.002309045 0.002796531 0.002197436 0.001830968 0.004460522 1000
196 0.36 4 0.1 0 -0.01028633 -0.01064803 -0.01148098 -0.01152361 -0.01229701 1000 0.005526262 0.005798467 0.00579242 0.00537766 0.00486651 1000
197 0.8399997 4.75 0.6 -1 -0.01345606 -0.01335516 -0.01347158 -0.0135053 -0.01272085 1000 0.004507112 0.003982279 0.003687534 0.003392949 0.003533032 1000
198 0.26 4 0.1 0 -0.0142923 -0.01434228 -0.0152724 -0.01592807 -0.01359859 1000 0.003849771 0.002959521 0.00236313 0.0008933258 0.0008248644 1000
199 0.8999997 5.5 0.6 0 -0.01333942 -0.01340351 -0.01326507 -0.01273072 -0.01257002 1000 0.002265853 0.002491977 0.002976736 0.003414787 0.003691949 1000
200 0.8199998 -4 0.6 0 -0.01224409 -0.01224884 -0.01314894 -0.01284222 -0.01241703 1000 0.00684964 0.00757404 0.007579932 0.0070326 0.007500021 1000
201 0.6599999 5.5 0.3 0 -0.01385378 -0.01301911 -0.01417946 -0.01438062 -0.01280801 1000 0.007603394 0.006948759 0.006125179 0.006461354 0.005946053 1000
202 0.4800001 -5.5 0.2 0 -0.01490381 -0.02052758 -0.02249451 -0.01898319 -0.01654685 1000 0.004331714 0.0007777547 0.0008617765 0.002152788 0.002423291 1000
203 0.8199998 4 0.5 0 -0.01737239 -0.01702263 -0.01691594 -0.01705316 -0.01782197 1000 0.002841322 0.002415603 0.002356068 0.003663484 0.003162622 1000
204 0.3 4.75 0.1 0 -0.01814664 -0.01883986 -0.01856526 -0.01774184 -0.01735398 1000 0.001775755 0.002269247 0.003720836 0.003235108 0.001824339 1000
205 0.34 -4.75 0.1 0 -0.01908269 -0.01894095 -0.01880907 -0.01841837 -0.01798511 1000 0.004749851 0.00429107 0.003456564 0.003827943 0.003974205 1000
206 0.36 -4 0.1 0 -0.01802163 -0.01711685 -0.01665523 -0.01591073 -0.01593049 1000 0.00389337 0.003273895 0.002530657 0.005762926 0.005575822 1000
207 0.58 -4.75 0.4 0 -0.01662696 -0.01658253 -0.01647475 -0.01523267 -0.01392406 1000 0.007140391 0.00696286 0.006904795 0.006894744 0.006527571 1000
208 0.6199999 -4.75 0.5 0 -0.01172094 -0.01129191 -0.013764 -0.01436227 -0.01320189 1000 0.00688692 0.007110457 0.00820524 0.008521835 0.007950321 1000
209 0.4600001 -4 0.2 0 -0.01092639 -0.009560011 -0.01102072 -0.01196129 -0.01184295 1000 0.006642401 0.00634105 0.007153204 0.008579979 0.008245953 1000
210 0.6 -5.5 0.5 1 -0.01233365 -0.01194234 -0.01300645 -0.01392635 -0.01211055 1000 0.00712497 0.00654548 0.005416934 0.007196629 0.01010987 1000
211 1.08 4.75 1 0 -0.01462492 -0.01436856 -0.01480137 -0.01294502 -0.01268858 1000 0.01296574 0.01304808 0.01254727 0.01155398 0.0107314 1000
212 0.6399999 4 0.3 0 -0.01590984 -0.01615975 -0.01547765 -0.01501429 -0.01517918 1000 0.003993726 0.004611055 0.006248162 0.006387421 0.005534964 1000
213 0.9999996 4 0.9 0 -0.01061578 -0.01106458 -0.009647523 -0.01100454 -0.01198905 1000 0.01015291 0.01079893 0.01370998 0.01161824 0.009860238 1000
214 0.34 5.5 0.1 0 -0.01244089 -0.01144153 -0.01201211 -0.01257882 -0.01139633 1000 0.007198886 0.007833912 0.007146323 0.008097503 0.008096308 1000
215 1.299999 5.5 0.9 0 -0.01254447 -0.01299481 -0.01236858 -0.01218375 -0.0121032 1000 0.008675384 0.008766846 0.008945655 0.008952545 0.009360052 1000
216 0.4800001 4 0.2 0 -0.01191127 -0.01406593 -0.0138925 -0.01254684 -0.01186988 1000 0.003898166 0.006276277 0.006153682 0.006532973 0.00731481 1000
217 0.9999996 -5.5 0.7 1 -0.01381551 -0.01458497 -0.0139495 -0.01494731 -0.0150981 1000 0.004761245 0.005646336 0.007502339 0.0081852 0.008204024 1000
218 0.7999998 -4 0.5 -1 -0.01341294 -0.01302181 -0.01303315 -0.01409581 -0.01331156 1000 0.01467771 0.01490923 0.01444405 0.01438183 0.01367147 1000
219 1.04 -4 0.7 0 -0.01371469 -0.01304131 -0.01609078 -0.017843 -0.01575701 1000 0.01525191 0.01430514 0.01564343 0.01702947 0.01676858 1000
220 0.9599996 -4.75 0.5 -1 -0.001470919 -0.0004590763 -0.001112031 -0.002949642 -0.003292023 1000 0.02415612 0.0232255 0.02266151 0.02280471 0.0231468 1000
221 1.559999 4.75 0.9 0 -0.006568003 -0.005966871 -0.004792989 -0.005873626 -0.007223409 1000 0.01993182 0.01868111 0.01745871 0.01728676 0.01647472 1000
222 0.8999997 4 0.6 -1 -0.005102201 -0.005853686 -0.008165515 -0.009251107 -0.008617278 1000 0.009834129 0.010384 0.01035655 0.009513559 0.009569894 1000
223 0.9599996 4 0.7 -1 -0.0181877 -0.01814162 -0.02042465 -0.01948714 -0.01985266 1000 0.008079586 0.007194639 0.00553937 0.007783884 0.006770993 1000
224 0.9799996 -4.75 0.7 -1 -0.01778069 -0.01745606 -0.01819251 -0.01938343 -0.01833219 1000 0.00823176 0.008848283 0.009578505 0.009311647 0.011412 1000
225 0.8199998 5.5 0.2 0 -0.01288439 -0.01261257 -0.01534426 -0.01756492 -0.01664628 1000 0.01557053 0.01655697 0.01697436 0.01701169 0.01605767 1000
226 0.7799998 4.75 0.6 -1 -0.01591578 -0.01582072 -0.01538557 -0.01456171 -0.01435654 1000 0.0167431 0.01693756 0.01695277 0.01758232 0.01645387 1000
227 0.7799998 5.5 0.5 -1 -0.01414617 -0.01396108 -0.01360085 -0.01357184 -0.01371069 1000 0.01635249 0.01685222 0.01675828 0.01650555 0.0154972 1000
228 0.9199997 4.75 0.5 1 -0.01815724 -0.01771479 -0.01808799 -0.01941525 -0.01845369 1000 0.01794274 0.01771504 0.01773787 0.01730081 0.01687136 1000
229 1.259999 5.5 0.7 0 -0.01872775 -0.01767141 -0.01824402 -0.01802148 -0.01694114 1000 0.0105262 0.0104439 0.009847132 0.01089711 0.0111785 1000
230 0.7599998 5.5 0.4 0 -0.01689215 -0.01745743 -0.01786189 -0.01758126 -0.01581571 1000 0.01224136 0.01287202 0.01341352 0.01296356 0.01287506 1000
231 1.14 -4 1 0 -0.02094558 -0.02130427 -0.02135426 -0.02007411 -0.01968121 1000 0.01159629 0.01192761 0.01231552 0.01342479 0.01430146 1000
232 0.7399998 -4.75 0.3 0 -0.01655163 -0.01743753 -0.01777707 -0.01776655 -0.01724358 1000 0.01319859 0.01314438 0.01317971 0.01298317 0.01344965 1000
233 0.6 -4 0.4 0 -0.01906793 -0.01905578 -0.01932862 -0.01857394 -0.01886086 1000 0.01327482 0.01306102 0.0130214 0.01345571 0.01355922 1000
234 1.339999 -4.75 0.9 0 -0.01885508 -0.02016265 -0.02019533 -0.01991398 -0.02073308 1000 0.01503073 0.01493039 0.01705175 0.01829434 0.01862499 1000
235 0.6199999 -4 0.3 0 -0.02182802 -0.02160168 -0.02259421 -0.02460741 -0.023164 1000 0.02090806 0.02048423 0.01952191 0.02074185 0.02101404 1000
236 0.4400001 4 0.2 0 -0.02215357 -0.02248077 -0.0217989 -0.02154112 -0.02267594 1000 0.02327853 0.02322968 0.0234439 0.02434216 0.02385737 1000
237 0.4600001 4 0.2 0 -0.0230111 -0.02211168 -0.0232987 -0.02512655 -0.0234448 1000 0.02305569 0.02233146 0.02285581 0.0223141 0.02190031 1000
238 0.8199998 -4 0.6 1 -0.02368133 -0.0236845 -0.02321049 -0.02413445 -0.02432069 1000 0.02319756 0.02313118 0.0230723 0.02263625 0.02441741 1000
239 1.519999 5.5 1 0 -0.01337837 -0.006253584 -0.006127901 -0.008016268 -0.009086829 1000 0.01011529 0.001942377 0.001263326 0.00403035 0.004594261 1000
240 1.159999 5.5 0.8 0 -0.009996823 -0.01015908 -0.01092773 -0.01206208 -0.01032735 1000 0.006060355 0.005781568 0.005425205 0.005478995 0.005657527 1000
241 0.7599998 4 0.6 -1 -0.01094525 -0.01197208 -0.0107622 -0.01029936 -0.01241738 1000 0.007567188 0.008277408 0.009000172 0.01028385 0.008518567 1000
242 0.8599997 -5.5 0.6 0 -0.01489139 -0.0146908 -0.01455927 -0.01442761 -0.01496384 1000 0.008508078 0.007971242 0.008948668 0.009854272 0.009354382 1000
243 1.02 4.75 0.7 -1 -0.01656763 -0.01644086 -0.01811563 -0.01633598 -0.01373547 1000 0.01079038 0.01061744 0.009524513 0.00856425 0.008464915 1000
244 0.6 4 0.4 0 -0.01740048 -0.01749892 -0.01735472 -0.01830576 -0.01792359 1000 0.005293609 0.005538292 0.007609146 0.006570191 0.007279496 1000
245 0.8799997 -4 0.5 -1 -0.01760772 -0.01779504 -0.0185542 -0.01765399 -0.0118667 1000 0.007796609 0.007854851 0.008653071 0.01013665 0.01079067 1000
246 1.379999 -4.75 0.5 0 -0.01236844 -0.01206176 -0.01185052 -0.0136811 -0.01300193 1000 0.01082619 0.01055069 0.009357008 0.01006897 0.009851312 1000
247 1.299999 -4.75 0.6 0 -0.01040982 -0.01086827 -0.01115214 -0.01109554 -0.01100719 1000 0.006906216 0.007191694 0.007391195 0.008004968 0.009585791 1000
248 0.9999996 5.5 0.5 1 -0.01050609 -0.01081527 -0.01258684 -0.01326762 -0.01211322 1000 0.01139876 0.01080542 0.01046103 0.009964362 0.008975421 1000
249 0.9199997 4.75 0.5 1 -0.01105229 -0.01059968 -0.01150096 -0.01126695 -0.008561992 1000 0.006702108 0.007683046 0.007831329 0.00769478 0.01091673 1000
250 0.6799999 -4.75 0.2 0 -0.004495113 -0.003480845 -0.003989546 -0.006182522 -0.006583691 1000 0.01803472 0.01761032 0.01776225 0.01894525 0.01922002 1000
251 0.9599996 4 0.7 -1 -0.01041576 -0.01191227 -0.01199022 -0.0118504 -0.0123871 1000 0.02004622 0.01993066 0.01970001 0.01783313 0.01565791 1000
252 1.04 5.5 0.8 0 -0.01341668 -0.01436805 -0.0154851 -0.01719696 -0.01827926 1000 0.01235886 0.01337917 0.01348008 0.01272285 0.01197405 1000
253 0.9999996 4 0.5 1 -0.01455263 -0.0150491 -0.01535806 -0.01422899 -0.01372932 1000 -0.0002256302 4.095193E-05 -0.0002046834 0.000711923 0.0007591475 1000
254 0.4800001 5.5 0.3 0 -0.0142522 -0.01467874 -0.01545236 -0.01698701 -0.01700769 1000 0.003719299 0.003821712 0.003388359 0.003722593 0.004663185 1000
255 0.8199998 5.5 0.8 0 -0.01633804 -0.01662612 -0.01703937 -0.01704558 -0.01578281 1000 0.004126279 0.00456747 0.00468698 0.00474299 0.006040148 1000
256 0.9999996 4 0.7 -1 -0.01429757 -0.01417737 -0.01481576 -0.01517221 -0.01770666 1000 0.01006385 0.009944545 0.01002178 0.009980156 0.008874133 1000
257 0.4 5.5 0.2 0 -0.01820862 -0.01938784 -0.01998717 -0.02017638 -0.02017913 1000 0.009371898 0.009108991 0.009361838 0.00938049 0.009462029 1000
258 0.9399996 -4 0.5 0 -0.02069881 -0.02074109 -0.02128474 -0.02130899 -0.02151505 1000 0.01118779 0.0107237 0.00983662 0.009275373 0.009774398 1000
259 0.7999998 4 0.5 -1 -0.01825658 -0.01781543 -0.01774493 -0.01791632 -0.0178915 1000 0.0102313 0.009535877 0.008225001 0.007668464 0.008698971 1000
260 1.319999 -4.75 1 0 -0.0210229 -0.02090368 -0.01978133 -0.02156359 -0.02326527 1000 0.01098575 0.01149785 0.01187614 0.01089513 0.009153971 1000
261 0.8799997 4 0.6 1 -0.01973398 -0.01928946 -0.01933819 -0.01937226 -0.01969869 1000 0.008147087 0.007288931 0.006991441 0.006951267 0.007041454 1000
262 1.379999 -4 0.6 0 -0.02139074 -0.02129218 -0.02166722 -0.02213313 -0.02190338 1000 0.004561141 0.004521922 0.004438764 0.004312813 0.004685519 1000
263 1.619999 -4.75 1 0 -0.02365397 -0.02324797 -0.02361127 -0.02242087 -0.02288309 1000 0.01760321 0.01655942 0.01606213 0.01760946 0.01918121 1000
264 0.18 -4 0.1 0 -0.02345139 -0.02088312 -0.01955399 -0.01974362 -0.02021452 1000 0.01768501 0.01696741 0.01497165 0.01397614 0.01498437 1000
265 1.579999 -4 1 0 -0.01981194 -0.01948862 -0.01999091 -0.02013589 -0.01942144 1000 0.01706489 0.01667791 0.01632288 0.01646272 0.0166996 1000
266 0.58 5.5 0.2 0 -0.01414485 -0.01364909 -0.01350705 -0.01403521 -0.01498048 1000 0.01497941 0.01433694 0.01382624 0.0133567 0.01354881 1000
267 1.04 4 0.5 0 -0.01468799 -0.01423769 -0.01375423 -0.01386769 -0.0141133 1000 0.01366418 0.01391339 0.01266858 0.01257684 0.0135841 1000
268 1.04 -4.75 0.8 0 -0.008731632 -0.008556243 -0.008591595 -0.008873109 -0.008730231 1000 0.007107965 0.007241832 0.007357575 0.008053162 0.008454752 1000
269 1.419999 -5.5 0.8 0 -0.007605868 -0.005854592 -0.00598087 -0.008025443 -0.01138111 1000 0.01653642 0.01524717 0.01483949 0.01554676 0.01636624 1000
270 0.6 4.75 0.2 0 -0.007450868 -0.007002393 -0.006641415 -0.006993186 -0.007915126 1000 0.01629449 0.01614981 0.01478927 0.01373348 0.01386618 1000
271 1.06 -4 0.7 1 -0.005273796 -0.00595614 -0.005838515 -0.0056859 -0.006407653 1000 0.0145353 0.01354442 0.01278034 0.01350806 0.01494087 1000
272 0.4 4 0.1 0 -0.00281609 -0.00318991 -0.003733567 -0.005408718 -0.006258628 1000 0.01413299 0.01324198 0.0126388 0.01255619 0.01253361 1000
273 0.9599996 -5.5 0.6 1 -0.00330229 -0.003208354 -0.003278834 -0.004615065 -0.005199339 1000 0.01226782 0.01228725 0.01247951 0.01378321 0.01541323 1000
