trial Response_Time velH Occlusion_Duration velH_Subject xRotations_first0 xRotations_first1 xRotations_first2 xRotations_first3 xRotations_first4 xRotations_first5 yRotations_first0 yRotations_first1 yRotations_first2 yRotations_first3 yRotations_first4 yRotations_first5
1 0.6199999 4.75 0.8 0 0.006232039 0.006681363 0.006817127 0.01352071 0.0160089 1000 -0.005102849 -0.00486862 -0.005472991 -0.005313693 -0.004255517 1000
2 0.28 4 0.5 0 0.01689221 0.01332875 0.01367197 0.01282426 0.01283816 1000 0.01816415 0.01082057 0.005710528 0.003610224 0.004352641 1000
3 0.4400001 4 0.4 0 0.0150676 0.01429464 0.01484748 0.01650616 0.01566632 1000 0.005755398 0.003749066 0.004086493 0.00483252 0.00468149 1000
4 0.8799997 -4.75 0.8 0 0.01069361 0.01069666 0.01505152 0.02008645 0.02782034 1000 0.007838063 0.007735907 0.005705405 0.0007515366 -0.00977099 1000
5 0.42 4.75 0.4 0 0.01004237 0.008800454 0.009653579 0.01135202 0.01018651 1000 -0.01641565 -0.01678433 -0.01698284 -0.01547088 -0.0129292 1000
6 0.56 4 0.7 0 0.01221518 0.01463891 0.01406784 0.01624977 0.01552254 1000 -0.01252611 -0.01194715 -0.01200318 -0.012942 -0.01268937 1000
7 0.4600001 -4.75 0.7 -1 0.0165666 0.01524669 0.01650588 0.01717466 0.01755918 1000 -0.009613505 -0.0101852 -0.01028654 -0.009852563 -0.01015045 1000
8 0.52 -4 0.7 1 0.01590187 0.01647545 0.01621968 0.01662184 0.01731688 1000 -0.01823277 -0.01688824 -0.01564497 -0.01536421 -0.01605467 1000
9 0.02 -4 0.3 0 0.017637 0.01713127 0.017126 0.01831631 0.01826988 1000 -0.007968554 -0.002431953 -0.003198242 -0.006007559 -0.007515596 1000
10 0.4600001 -5.5 0.6 1 0.01603784 0.01508667 0.01487353 0.01458035 0.0142158 1000 -0.01550273 -0.01415817 -0.01383836 -0.01406374 -0.01467851 1000
11 0.4600001 -5.5 0.7 -1 0.01519419 0.01515063 0.01564859 0.01636666 0.01562801 1000 -0.009220303 -0.01155332 -0.01267802 -0.01191264 -0.0122657 1000
12 0.58 -5.5 0.6 0 0.01534157 0.0150555 0.01522197 0.01680969 0.01708831 1000 -0.006401288 -0.001666037 -0.00473376 -0.007597098 -0.008847428 1000
13 0.6599999 -4 1 0 0.01678347 0.01797775 0.01782165 0.0172801 0.01758619 1000 -0.01127849 -0.01233242 -0.01283895 -0.01298797 -0.01339233 1000
14 0.26 4 0.1 0 0.01707264 0.01753181 0.01736083 0.01764961 0.01716413 1000 -0.01737191 -0.0178672 -0.0170423 -0.01663421 -0.01703694 1000
15 0.7599998 4.75 0.9 0 0.01516618 0.0145412 0.0141037 0.01509051 0.01522944 1000 -0.01603712 -0.01628483 -0.01709716 -0.01688466 -0.01518581 1000
16 0.56 5.5 0.6 1 0.01558816 0.0158949 0.01575548 0.01569997 0.01614822 1000 -0.004331289 -0.004347722 -0.003910791 -0.003835998 -0.004144441 1000
17 0.5000001 -4 0.6 1 0.01497876 0.01593034 0.01643871 0.01703129 0.01721243 1000 -0.005163004 -0.005444599 -0.005763677 -0.005646346 -0.006661371 1000
18 0.32 -4.75 0.1 0 0.01680052 0.01624264 0.01669814 0.0167102 0.01622331 1000 -0.01213598 -0.01202546 -0.01112302 -0.01101751 -0.01161818 1000
19 0.42 -4 0.7 1 0.01543292 0.01628294 0.01650656 0.01768652 0.01839298 1000 -0.01220032 -0.01242766 -0.01177392 -0.011727 -0.01258355 1000
20 0.38 4.75 0.5 -1 0.0182494 0.01721766 0.01859375 0.01887607 0.02126844 1000 -0.01548882 -0.01310673 -0.01212044 -0.01001656 0.002296526 1000
21 0.34 -4 0.4 0 0.01446125 0.01382639 0.01538621 0.016125 0.01584603 1000 0.01649592 0.01265446 0.009540745 0.01056174 0.01156673 1000
22 0.16 -4.75 0.1 0 0.01602587 0.01667061 0.017073 0.01765163 0.01739009 1000 0.009163743 0.008665139 0.008771224 0.008718702 0.008844098 1000
23 0.38 -4.75 0.2 0 0.01731103 0.01714371 0.01848297 0.0198734 0.01843938 1000 0.006469405 0.007342136 0.006718391 0.00617619 0.005829015 1000
24 0.52 -4 0.7 1 0.01885101 0.01958646 0.01957921 0.01913522 0.020176 1000 0.003537148 0.00264089 0.002956226 0.001833382 0.0009777336 1000
25 0.6599999 5.5 0.9 0 0.02226895 0.02083564 0.02170033 0.02356307 0.02217678 1000 -0.004885472 -0.004847159 -0.009419002 -0.007758166 -0.004463208 1000
26 0.6399999 -5.5 0.7 1 0.0238791 0.02366558 0.02422546 0.02356351 0.02388977 1000 -1.90773E-05 -0.0002493078 -0.0003265741 0.0001123332 0.0004291831 1000
27 0.52 5.5 0.5 1 0.02347915 0.02365854 0.0230674 0.02286972 0.02235437 1000 -0.001274638 -0.0005813969 0.0001000736 0.0001313266 0.0002802848 1000
28 0.42 4 0.5 0 0.02288851 0.0236166 0.02256093 0.02302655 0.02239008 1000 0.001092004 0.0007828742 0.0005264707 0.0006800769 0.0004054729 1000
29 0.6799999 -5.5 0.7 1 0.02206524 0.02234629 0.02253749 0.02357866 0.02254925 1000 0.001684056 0.0008343571 0.001467603 0.002267294 0.001551399 1000
30 0.7999998 -4 0.7 0 0.01964665 0.0189836 0.01790833 0.0181022 0.01882374 1000 0.000701957 0.0008752063 0.0008686958 0.000512085 0.0007024805 1000
31 0.36 -5.5 0.2 0 0.01919678 0.01893831 0.01886939 0.01915399 0.01903985 1000 0.0009506991 0.001130835 0.001260208 0.0009346305 0.0005477996 1000
32 0.6 4.75 0.6 -1 0.01814269 0.01697061 0.01573553 0.01577543 0.01639899 1000 0.001117072 0.0003309186 0.0005519374 0.00133806 0.001232041 1000
33 0.52 4.75 0.6 1 0.01908048 0.0188223 0.01858369 0.01809534 0.01851506 1000 -0.000626636 -0.0001318707 -0.0007462632 -0.0008502091 -0.0009629895 1000
34 0.6799999 5.5 0.5 1 0.01848903 0.01831956 0.01826759 0.01887085 0.0187311 1000 0.0006155161 -0.0004893449 -4.717488E-05 0.0007051096 2.515492E-05 1000
35 0.6599999 4.75 0.8 0 0.01684694 0.01784024 0.01944563 0.018402 0.01999135 1000 0.001316827 0.001021725 0.0008800286 0.001238768 0.00122539 1000
36 0.4 4 0.5 1 0.01808769 0.01832816 0.01921488 0.02018097 0.02008416 1000 0.002305375 0.001910428 0.00115305 0.001814019 0.00183511 1000
37 0.16 4 0.1 0 0.01915093 0.0188551 0.01851759 0.01943619 0.01959403 1000 0.001691979 0.001840761 0.001548249 0.001684635 0.001971729 1000
38 0.8599997 4 0.9 0 0.01856868 0.01778 0.01741449 0.01629292 0.01663795 1000 0.002558158 0.002036782 0.002565595 0.002419265 0.002333645 1000
39 0.9999996 5.5 1 0 0.01779258 0.01740611 0.01762404 0.01780984 0.01791327 1000 0.002580703 0.002536795 0.002214763 0.002342607 0.002660577 1000
40 0.7999998 -4 0.9 0 0.01726295 0.01702834 0.01653867 0.01748511 0.01782934 1000 0.002997556 0.002672011 0.002373018 0.00230098 0.002496297 1000
41 0.2 5.5 0.1 0 0.01614993 0.01597275 0.01629068 0.0160346 0.01673128 1000 0.000695922 0.000494298 0.0004881656 0.0003306333 0.0007337046 1000
42 0.38 4.75 0.7 -1 0.01668401 0.01599599 0.01688206 0.01693462 0.01725447 1000 0.0003871198 0.0001773398 0.0002163796 0.00067661 0.0009556515 1000
43 0.6 4 0.7 1 0.01468474 0.01501656 0.0161041 0.0155446 0.01551942 1000 0.0001729275 0.0008381556 0.001081626 0.0006593076 0.001075077 1000
44 0.54 -4.75 0.5 -1 0.01610222 0.01655079 0.01731669 0.01743249 0.01859226 1000 0.002701888 0.002376944 0.002273422 0.002144201 0.002050218 1000
45 0.9199997 -5.5 0.9 0 0.01548488 0.01535885 0.01576017 0.01734104 0.01660862 1000 0.001940878 0.001037658 0.00140219 0.00147795 0.0008011206 1000
46 0.26 -5.5 0.2 0 0.01403693 0.01424164 0.0151976 0.01470494 0.01469567 1000 -0.0003876742 -0.0009420774 4.040015E-05 0.0007722144 0.0001958855 1000
47 0.42 4 0.7 0 0.01492507 0.01569424 0.01525018 0.01583021 0.01627109 1000 0.000456164 0.0006051112 0.0006880048 0.0002887543 0.0003711185 1000
48 0.58 -4 0.6 0 0.01546357 0.0154806 0.01382698 0.01629836 0.01682669 1000 0.0002081817 0.0002299643 -0.0005657226 0.0003530194 0.000747273 1000
49 0.6 -4.75 0.6 -1 0.01393229 0.01411357 0.01492145 0.0149997 0.01556923 1000 0.0004470183 -0.0004289358 -0.0006946817 -4.884063E-05 -0.000408546 1000
50 0.18 4 0.1 0 0.01383266 0.01651758 0.01714733 0.01961552 0.02185772 1000 -0.006757007 -0.008278312 -0.005151305 -0.002524421 -0.003290694 1000
51 0.22 5.5 0.1 0 0.02120316 0.02223425 0.02213076 0.02341832 0.02283892 1000 -0.007444801 -0.006492984 -0.006603874 -0.007260681 -0.007317447 1000
52 0.42 -4.75 1 0 0.02160131 0.02190491 0.02173067 0.02215538 0.02255092 1000 -0.007915254 -0.006511977 -0.006385866 -0.008210493 -0.009566562 1000
53 1.08 5.5 0.9 0 0.02112866 0.02093492 0.02074855 0.0211784 0.02091696 1000 -0.00960684 -0.01024416 -0.01126426 -0.01014762 -0.009690306 1000
54 0.7599998 -5.5 0.7 1 0.01739995 0.01702995 0.01855315 0.01869015 0.01912076 1000 -0.007101702 -0.008506614 -0.008879916 -0.008707096 -0.009801084 1000
55 0.38 -5.5 0.6 1 0.01924114 0.02000144 0.01978042 0.01997982 0.01977146 1000 -0.009546423 -0.01033631 -0.009974664 -0.009795556 -0.01001101 1000
56 0.6 -5.5 0.6 -1 0.01979964 0.02019162 0.01956362 0.01958686 0.01932226 1000 -0.01036189 -0.0104417 -0.01007411 -0.01036067 -0.01037931 1000
57 0.4 -4.75 0.6 -1 0.01779768 0.01793692 0.01815273 0.01861776 0.01878373 1000 -0.00989205 -0.01093105 -0.0113656 -0.01042854 -0.01075276 1000
58 0.7199998 5.5 0.7 0 0.01836356 0.01794688 0.01745242 0.0177706 0.0178546 1000 -0.01091766 -0.01120732 -0.01039296 -0.009852733 -0.008605962 1000
59 0.26 4 0.2 0 0.0159141 0.01551973 0.01558661 0.01690505 0.01716167 1000 -0.009950805 -0.01119672 -0.01147605 -0.01078106 -0.01037269 1000
60 0.52 -4.75 0.5 0 0.01737599 0.01673451 0.01705612 0.0161386 0.0168987 1000 -0.01055298 -0.01074047 -0.01065659 -0.01083122 -0.01204013 1000
61 0.6799999 -5.5 0.6 0 0.01658939 0.01710487 0.01596508 0.01633506 0.01684066 1000 -0.01249132 -0.01222915 -0.01334841 -0.01365957 -0.01334631 1000
62 0.6599999 4 0.8 0 0.01684849 0.01705931 0.01695414 0.01744959 0.01723351 1000 -0.01503393 -0.01528491 -0.01550359 -0.01460416 -0.01427776 1000
63 0.52 -4.75 0.7 1 0.01788194 0.01828343 0.01806024 0.0183902 0.01833634 1000 -0.01291951 -0.01325957 -0.01414141 -0.01312244 -0.01462019 1000
64 0.6199999 5.5 0.7 1 0.0165928 0.01647142 0.0169053 0.01760521 0.01689428 1000 -0.01399737 -0.01444561 -0.01437304 -0.01384516 -0.01434292 1000
65 0.4400001 4.75 0.3 0 0.0179358 0.01802703 0.01729796 0.01807221 0.01814846 1000 -0.01326951 -0.01402724 -0.01464447 -0.01440778 -0.01340813 1000
66 0.5000001 -4 0.4 0 0.01918749 0.01898047 0.01965471 0.02133743 0.02197272 1000 -0.01347026 -0.01348474 -0.01402562 -0.01435561 -0.01429171 1000
67 0.56 -5.5 0.4 0 0.02092275 0.02147066 0.02050609 0.02019696 0.01974171 1000 -0.01660416 -0.01774854 -0.01712851 -0.01742785 -0.0194776 1000
68 0.34 -4 0.2 0 0.02050042 0.02116133 0.02092595 0.02169941 0.02113974 1000 -0.01774653 -0.01796841 -0.01853844 -0.01823583 -0.01834534 1000
69 0.4600001 -4.75 0.5 -1 0.01981532 0.0204492 0.02074087 0.02059597 0.02111707 1000 -0.01735913 -0.01676556 -0.0173456 -0.01816003 -0.01791563 1000
70 0.56 -5.5 0.8 0 0.02130617 0.02085144 0.01895714 0.01785991 0.01870718 1000 -0.01753716 -0.01710386 -0.01886127 -0.01875644 -0.01831174 1000
71 0.6799999 5.5 0.5 -1 0.0181175 0.0183179 0.01809554 0.01854929 0.01845351 1000 -0.01950426 -0.02018434 -0.02061875 -0.01992298 -0.01921282 1000
72 0.6799999 -4.75 0.7 1 0.01625936 0.0168525 0.01601429 0.01596426 0.0161033 1000 -0.02216802 -0.02311487 -0.02258459 -0.02273448 -0.02273616 1000
73 0.7199998 -4 0.8 0 0.0165302 0.01737131 0.01719139 0.01707487 0.01717917 1000 -0.02256469 -0.02232303 -0.02212182 -0.02261823 -0.02252298 1000
74 0.6999999 5.5 0.6 -1 0.01645776 0.01736698 0.01750847 0.01838329 0.01819427 1000 -0.02278204 -0.02289718 -0.02322777 -0.02263705 -0.02164854 1000
75 0.6399999 -5.5 0.6 1 0.01697597 0.01607326 0.01643611 0.01658481 0.01647415 1000 -0.02073101 -0.02207197 -0.02275493 -0.0220328 -0.02276766 1000
76 0.56 4.75 0.4 0 0.01453216 0.013121 0.01299474 0.01400038 0.01327063 1000 -0.02437625 -0.0215782 -0.02183037 -0.02229236 -0.02242685 1000
77 0.6799999 -4 0.7 0 0.01159417 0.01228328 0.01350911 0.01439493 0.01333162 1000 -0.02188288 -0.02215279 -0.02223704 -0.0222007 -0.02285946 1000
78 0.6999999 4 0.7 -1 0.01319977 0.01413772 0.01321173 0.01333104 0.01318462 1000 -0.02428388 -0.02264384 -0.02172472 -0.0219951 -0.02171431 1000
79 0.56 -5.5 0.7 0 0.01254476 0.01253851 0.01270044 0.01344385 0.01383942 1000 -0.02094198 -0.02068087 -0.02161173 -0.02124458 -0.02106986 1000
80 0.4400001 5.5 0.1 0 0.0118677 0.01176332 0.0124058 0.0119153 0.01292434 1000 -0.02180723 -0.02195483 -0.02161249 -0.02190299 -0.02232056 1000
81 0.58 4.75 0.5 1 0.01375665 0.01376501 0.01441142 0.0140373 0.01335628 1000 -0.02208741 -0.02231464 -0.02221029 -0.02191582 -0.02192678 1000
82 0.6199999 5.5 0.7 -1 0.01230134 0.01312819 0.01285177 0.01269037 0.01378641 1000 -0.02094006 -0.02069415 -0.02149306 -0.02142357 -0.02071345 1000
83 0.4600001 4 0.5 1 0.009969265 0.009823081 0.01024451 0.01040261 0.01105975 1000 -0.02051319 -0.02063558 -0.02188698 -0.02095336 -0.02058114 1000
84 0.4600001 -4.75 0.6 0 0.01160769 0.01229098 0.01255758 0.01252319 0.01212672 1000 -0.02127069 -0.02090412 -0.02078817 -0.0209762 -0.02091972 1000
85 0.32 -4.75 0.3 0 0.009434145 0.009419743 0.009249678 0.009424995 0.010035 1000 -0.02062088 -0.02113703 -0.0222186 -0.02306894 -0.02166714 1000
86 1.08 -4 1 0 0.01154806 0.01085969 0.0106429 0.01027452 0.01110899 1000 -0.02141257 -0.02119971 -0.02092284 -0.02147876 -0.02131566 1000
87 0.8399997 4.75 0.7 -1 0.01165369 0.0117702 0.01143226 0.01163029 0.01165317 1000 -0.02063359 -0.02016556 -0.02093809 -0.02051641 -0.01943935 1000
88 0.6599999 4 0.5 0 0.01102855 0.01014685 0.01105922 0.01148858 0.01167865 1000 -0.02115918 -0.02185195 -0.02209974 -0.02165897 -0.02129337 1000
89 0.5000001 4.75 0.5 -1 0.01355752 0.01318571 0.01299865 0.01376829 0.01314986 1000 -0.02066232 -0.02109017 -0.02103771 -0.02074212 -0.02050852 1000
90 0.5000001 4 0.4 0 0.01475595 0.01504791 0.01506514 0.01482657 0.01543649 1000 -0.02165452 -0.02136277 -0.02167172 -0.02207651 -0.0213175 1000
91 0.54 4 0.5 -1 0.01470173 0.01369912 0.01504314 0.01496309 0.01507313 1000 -0.02086755 -0.02186793 -0.02177327 -0.02073688 -0.02042683 1000
92 0.5000001 -5.5 0.3 0 0.01581194 0.0154212 0.01583 0.01591471 0.01676673 1000 -0.0214302 -0.02010765 -0.02223096 -0.02213587 -0.02082564 1000
93 0.4400001 5.5 0.5 0 0.01382911 0.01258066 0.01361842 0.01287492 0.01321965 1000 -0.02139813 -0.02203351 -0.02213164 -0.02115456 -0.02137943 1000
94 0.8399997 5.5 0.6 1 0.0138735 0.0143855 0.01420828 0.01369631 0.01440414 1000 -0.02089624 -0.02010386 -0.02094685 -0.02114339 -0.02078011 1000
95 1.1 -4 0.8 0 0.01416161 0.01414208 0.01490636 0.01473393 0.01531341 1000 -0.01926995 -0.01972253 -0.02042902 -0.02052759 -0.0202787 1000
96 1.02 -5.5 0.7 1 0.0103425 0.01043384 0.01108642 0.01082356 0.0115805 1000 -0.01834486 -0.01702134 -0.01766265 -0.01878319 -0.0181219 1000
97 1.02 4 0.6 -1 0.008106358 0.00828237 0.009296305 0.009135712 0.009308524 1000 -0.01887915 -0.01877573 -0.01862882 -0.01861312 -0.01810911 1000
98 0.9199997 -5.5 0.7 -1 0.01087825 0.009784238 0.01281683 0.01273079 0.01370376 1000 -0.01701438 -0.01836905 -0.01751426 -0.01606372 -0.01767704 1000
99 1.179999 4 1 0 0.01411098 0.01442041 0.01377607 0.0145677 0.01470762 1000 -0.0171126 -0.0165652 -0.01816204 -0.0185655 -0.01741992 1000
100 1.199999 5.5 0.7 0 -0.02048899 -0.02259845 -0.01878563 -0.008350264 -0.003187416 1000 -0.01126818 -0.00912034 -0.00709049 -0.004648149 0.001494433 1000
101 0.52 -4.75 0.6 1 -0.007822379 -0.007875293 -0.00726618 -0.007054368 -0.006099676 1000 -0.003564338 -0.003041482 -0.004138015 -0.004645179 -0.004668027 1000
102 0.56 -4 0.7 0 -0.006815174 -0.006984762 -0.006964228 -0.007848032 -0.007874464 1000 -0.007109222 -0.007447897 -0.007030708 -0.007115959 -0.007946055 1000
103 0.58 4.75 0.6 1 -0.008068892 -0.008762854 -0.008658856 -0.007693349 -0.007731805 1000 -0.007336776 -0.006549562 -0.006448704 -0.00703048 -0.006176637 1000
104 0.3 -4 0.3 0 -0.005639961 -0.005747952 -0.00552742 -0.005242731 -0.004919659 1000 -0.00545695 -0.005888844 -0.006114344 -0.006096859 -0.006700852 1000
105 0.38 4 0.5 -1 -0.002596636 -0.004863195 -0.004017467 -0.003147272 -0.004392595 1000 -0.008255179 -0.01138152 -0.01400797 -0.01186152 -0.01345866 1000
106 0.38 -5.5 0.4 0 -0.003099847 -0.003562779 -0.003648616 -0.002974417 -0.002623876 1000 -0.01095006 -0.009402294 -0.008983917 -0.009922952 -0.01036172 1000
107 0.5000001 -4.75 0.2 0 -0.00477093 -0.007040657 -0.006985365 -0.006611057 -0.007136531 1000 -0.01040448 -0.008761282 -0.008541308 -0.00947753 -0.01022518 1000
108 0.6599999 -4 0.5 0 -0.005794663 -0.004902411 -0.001715746 -0.0008851856 -0.00237209 1000 -0.007600205 -0.006424227 -0.007526982 -0.00791823 -0.008677629 1000
109 0.7599998 4 0.7 -1 0.001431551 0.002248218 0.001655768 0.002495813 0.002279981 1000 -0.005376146 -0.00421017 -0.0035434 -0.002077386 0.006037366 1000
110 1.08 -4.75 0.6 -1 0.0003744573 0.001297536 0.0009202159 0.002432644 0.001741551 1000 0.0122024 0.01111612 0.01059862 0.009781695 0.009408888 1000
111 0.4 4 0.6 0 -0.006011324 -0.00566717 -0.006789116 -0.004985465 -0.004533111 1000 -0.008596819 -0.009950049 -0.00955217 -0.005649722 -0.002786185 1000
112 0.26 5.5 0.1 0 0.001634037 0.002023038 0.002911956 0.003367175 0.004294694 1000 -0.005582985 -0.004983315 -0.00550148 -0.006831003 -0.006735843 1000
113 0.6199999 -5.5 0.6 1 0.004262664 0.004793785 0.004277946 0.004920727 0.005740275 1000 -0.006178943 -0.005948215 -0.007763522 -0.01027755 -0.01097179 1000
114 0.9799996 5.5 0.8 0 0.008130405 0.006265973 0.006288184 0.006804952 0.007690234 1000 -0.0102377 -0.01070689 -0.01068083 -0.009632351 -0.007455479 1000
115 0.7199998 -5.5 0.6 0 0.004872654 0.006375834 0.006141546 0.008381253 0.01037917 1000 0.003403869 0.003649277 0.002073823 -0.001693086 -0.004779996 1000
116 0.6 -4 0.6 1 0.01550739 0.01615636 0.01287855 0.01501608 0.01418987 1000 -0.01679703 -0.01438157 -0.01349529 -0.01305594 -0.009388235 1000
117 0.7199998 5.5 0.9 0 0.01853743 0.01713203 0.01710064 0.01703358 0.01693947 1000 -0.008886346 -0.006917068 -0.007999447 -0.007695821 -0.00736996 1000
118 0.6199999 5.5 0.5 0 0.01515848 0.01495469 0.01599705 0.01549986 0.01621508 1000 -0.007712878 -0.006664996 -0.005587731 -0.006179999 -0.006803922 1000
119 0.6199999 -4 0.7 0 0.01606065 0.01584996 0.01624635 0.01619798 0.01656628 1000 -0.005424845 -0.00587846 -0.006471662 -0.005911616 -0.006720432 1000
120 0.4 5.5 0.6 -1 0.02105906 0.02045757 0.02024857 0.01818192 0.01828812 1000 -0.007736955 -0.008393085 -0.006708938 -0.00704189 -0.00723205 1000
121 0.56 -4 0.6 0 0.01538636 0.01513764 0.01479136 0.0153555 0.01545655 1000 -0.002352904 -0.0007157669 -0.002621996 -0.002979035 -0.001541658 1000
122 0.5000001 -5.5 0.6 -1 0.01480062 0.01419399 0.01393405 0.01389503 0.01365116 1000 -0.002690435 -0.002547274 -0.002773979 -0.002164381 -0.002058452 1000
123 0.24 -5.5 0.2 0 0.01395192 0.01344912 0.01287607 0.01270625 0.01407657 1000 -0.003763344 -0.001253565 -0.001337903 -0.001847659 -0.001094281 1000
124 0.38 4.75 0.3 0 0.0155708 0.01561887 0.01579077 0.01562702 0.01670734 1000 -0.002697759 -0.002356057 -0.002752652 -0.003217287 -0.001166653 1000
125 0.54 -4.75 0.5 0 0.01657942 0.01556723 0.01527658 0.01642969 0.0169113 1000 -0.002256185 -0.002017335 -0.003433429 -0.00392459 -0.004065846 1000
126 0.38 4 0.6 -1 0.01569485 0.01502719 0.01453831 0.01437047 0.01330854 1000 -0.003154915 -0.0037689 -0.004684367 -0.003779384 -0.003085767 1000
127 0.4400001 -5.5 0.5 0 0.01568972 0.01489807 0.01516305 0.01541946 0.01570074 1000 -0.00261103 -0.001234257 -0.002210926 -0.002718589 -0.003221918 1000
128 0.36 -5.5 0.2 0 0.01203114 0.01134743 0.01074962 0.01035524 0.01131314 1000 -0.004007222 -0.002217813 -0.003908431 -0.005016505 -0.005307778 1000
129 0.4400001 5.5 0.8 0 0.01111079 0.01157752 0.0124374 0.01298189 0.01388185 1000 -0.003995676 -0.002868154 -0.005229955 -0.005929921 -0.004403729 1000
130 0.6999999 5.5 1 0 0.01201217 0.01125242 0.01111063 0.01128645 0.01164185 1000 -0.001185802 -0.001727497 -0.003072485 -0.002468184 -0.001932487 1000
131 0.8199998 -4.75 1 0 0.009418384 0.007739781 0.007056528 0.00755526 0.007286628 1000 -0.002615107 -0.00241741 -0.004157511 -0.004537363 -0.003386724 1000
132 0.5000001 -4 0.4 0 0.006181837 0.006937995 0.006363196 0.007029483 0.008185596 1000 -0.005801274 -0.003643858 -0.003055074 -0.003900446 -0.003874161 1000
133 0.4400001 -5.5 0.5 1 0.01026005 0.009474031 0.01062017 0.01040796 0.01071307 1000 -0.001027208 -0.003049138 -0.003156529 -0.0027979 -0.00453655 1000
134 0.26 4.75 0.2 0 0.00826193 0.008204274 0.008244153 0.008174027 0.007724505 1000 -0.005133498 -0.004166115 -0.004055818 -0.002912371 -0.003042472 1000
135 0.26 -4 0.2 0 0.0106334 0.008951623 0.008095803 0.007455579 0.007955939 1000 -0.002565145 -0.002785762 -0.002671308 -0.004630085 -0.005280131 1000
136 0.5000001 5.5 0.4 0 0.002527713 0.002925768 0.001646934 0.001144046 0.0007584437 1000 -0.009469433 -0.008563479 -0.008818735 -0.007539235 -0.003132051 1000
137 0.5000001 -4.75 0.7 -1 0.0001981868 -0.001342101 -0.0003106337 0.000135992 0.0004360175 1000 0.0006170509 -0.000871946 -0.001007 -0.001453596 -0.003092033 1000
138 0.54 4 0.5 1 0.0005007124 -0.0002673405 -3.059384E-05 0.001459931 0.001072239 1000 -0.003839833 -0.003027459 -0.004628656 -0.004167508 -0.003958959 1000
139 0.42 4.75 0.5 0 0.002429628 0.001078064 0.0005072336 0.001606783 0.001522 1000 -0.003910779 -0.003967062 -0.005170173 -0.004568336 -0.003263434 1000
140 0.24 -4 0.1 0 0.002263639 0.001348953 0.002123336 0.0020841 0.002634438 1000 0.002175565 0.0008328 0.0002106728 0.0001319715 -0.001516401 1000
141 0.38 -4 0.7 -1 0.003962609 0.002209689 0.001304149 0.001709864 0.001077716 1000 -0.00612233 -0.006017269 -0.006801428 -0.005800754 -0.00564738 1000
142 0.42 -4.75 0.4 0 0.003034246 0.001403763 0.001628533 0.0021935 0.002448072 1000 -0.00643279 -0.005684064 -0.006830429 -0.007550632 -0.008054359 1000
143 0.4 4 0.5 1 -0.0005551183 -0.0001703013 -3.66583E-05 -0.0001288526 -0.0004086789 1000 -0.00697649 -0.007837 -0.00874064 -0.008042766 -0.008262496 1000
144 0.4400001 -5.5 0.7 1 0.0003443622 -0.0001275119 -4.976451E-05 -6.650695E-05 0.0003960847 1000 -0.005275622 -0.004811433 -0.005906112 -0.006149753 -0.006080127 1000
145 0.58 4.75 0.7 -1 -0.001349418 -0.002244529 -0.002424804 -0.002536289 -0.002999638 1000 -0.006433474 -0.006027504 -0.007200868 -0.006206812 -0.005173107 1000
146 0.5000001 5.5 0.5 -1 -0.004267873 -0.005267364 -0.005266272 -0.004927316 -0.005346055 1000 -0.002724152 -0.001890019 -0.00243672 -0.002606814 -0.002281696 1000
147 0.18 -5.5 0.1 0 -0.006488594 -0.006159719 -0.005465702 -0.005304424 -0.004968034 1000 0.0001171695 -0.0001053571 -0.0003471964 -0.0007118498 -0.001236981 1000
148 0.7599998 -4 0.9 0 -0.005335219 -0.005718806 -0.004256812 -0.004096976 -0.003726013 1000 -0.004047682 -0.004176245 -0.004263789 -0.004112293 -0.004695905 1000
149 0.4400001 4 0.3 0 -0.00373661 -0.004764536 -0.00428437 -0.004776668 -0.005092332 1000 -0.003818204 -0.003735495 -0.005031325 -0.004611722 -0.004213119 1000
150 0.18 -4 0.1 0 -0.006434648 -0.004804827 -0.005659984 -0.005640252 -0.006272855 1000 -0.007102487 -0.007802367 -0.006380958 -0.00767858 -0.008666614 1000
151 0.42 -4.75 0.5 1 -0.004790494 -0.00495104 -0.006072985 -0.00520751 -0.005349344 1000 -0.008333181 -0.007409231 -0.009268922 -0.009057567 -0.008123857 1000
152 0.18 -4.75 0.1 0 -0.006057792 -0.006142729 -0.005728493 -0.005847671 -0.005999008 1000 -0.01225965 -0.0116337 -0.01159509 -0.01114244 -0.01153893 1000
153 0.36 5.5 0.3 0 -0.003320148 -0.003852031 -0.003117423 -0.002686772 -0.00260583 1000 -0.01139423 -0.0106649 -0.01062528 -0.0105761 -0.01041459 1000
154 0.54 -5.5 0.6 1 -0.002727461 -0.00313997 -0.00249011 -0.001726755 -0.001425598 1000 -0.009276186 -0.009107317 -0.01073462 -0.01184746 -0.01269949 1000
155 0.52 -4 0.6 -1 -0.002511109 -0.003187623 -0.002973612 -0.00346207 -0.003677737 1000 -0.01162503 -0.01101756 -0.009859853 -0.009333894 -0.009236545 1000
156 0.34 -4 0.3 0 -0.002371897 -0.003334012 -0.00388362 -0.003045782 -0.002763848 1000 -0.01070212 -0.0103016 -0.01154682 -0.01173479 -0.01188478 1000
157 0.52 4.75 0.6 1 -0.003208359 -0.004201816 -0.00486901 -0.004601195 -0.004580799 1000 -0.01116037 -0.01046356 -0.01154828 -0.0111539 -0.009952249 1000
158 0.54 -4 0.7 0 -0.00534058 -0.005120285 -0.00517869 -0.00518874 -0.004922148 1000 -0.008678617 -0.009114309 -0.009705437 -0.009588395 -0.009859306 1000
159 0.58 -4 0.5 -1 -0.002641485 -0.003306085 -0.002460535 -0.002401109 -0.002755774 1000 -0.009116306 -0.01005987 -0.01020631 -0.008919871 -0.009623208 1000
160 0.4600001 5.5 0.3 0 -0.004641205 -0.005755331 -0.006514049 -0.006728464 -0.006485706 1000 -0.00854396 -0.008779191 -0.00993329 -0.008491399 -0.007369701 1000
161 0.6199999 4 0.5 -1 -0.006752747 -0.00705078 -0.006701229 -0.006615906 -0.006315335 1000 -0.006201412 -0.006676545 -0.00877542 -0.007752423 -0.007057436 1000
162 0.6399999 -5.5 0.3 0 -0.005486717 -0.005089602 -0.0055346 -0.005852461 -0.004416643 1000 -0.01106721 -0.009939098 -0.009833343 -0.01044745 -0.01104121 1000
163 0.7199998 5.5 0.5 -1 -0.005304519 -0.004683569 -0.003842724 -0.003706656 -0.003343212 1000 -0.01515217 -0.01509202 -0.01440933 -0.01435739 -0.01329964 1000
164 1.199999 -5.5 0.7 1 -0.001045659 -0.001198098 -0.0007752518 -6.759959E-05 -0.0004075854 1000 -0.01412918 -0.01197077 -0.01260081 -0.01413027 -0.01459847 1000
165 0.8599997 4.75 0.6 -1 0.001820794 0.001759775 0.001279811 0.002053904 0.002277826 1000 -0.01551344 -0.01481279 -0.01594423 -0.01552874 -0.01512479 1000
166 0.3 -4 0.2 0 0.007271986 0.00689994 0.006517905 0.005741523 0.006453569 1000 -0.01663205 -0.01491392 -0.01658377 -0.01692429 -0.01620165 1000
167 0.8799997 -4 0.7 0 0.003657977 0.002899756 0.002286935 0.00175127 0.001621099 1000 -0.01587888 -0.01655785 -0.01759633 -0.0170099 -0.01706728 1000
168 0.9999996 -4.75 0.8 0 0.001990241 0.001685963 0.001514266 0.0007680265 0.001615085 1000 -0.01826608 -0.01544684 -0.01717242 -0.01709331 -0.01712846 1000
169 0.8199998 -4 0.7 1 0.002106105 0.001612577 0.00211427 0.00223772 0.001860821 1000 -0.01635572 -0.0163594 -0.01755363 -0.01707336 -0.01774883 1000
170 0.8199998 4 0.7 1 0.001601889 0.001706034 0.002562732 0.002245064 0.003112775 1000 -0.0162478 -0.01640902 -0.01697284 -0.01654251 -0.01611861 1000
171 1.14 4 0.9 0 0.005578435 0.00465362 0.005177569 0.005992959 0.005832567 1000 -0.01446467 -0.01536391 -0.01563112 -0.0151925 -0.01543727 1000
172 0.9199997 -4.75 1 0 0.00625257 0.005411942 0.005836296 0.005153601 0.005399787 1000 -0.01203886 -0.01316245 -0.01373226 -0.01326813 -0.01367753 1000
173 0.6799999 4.75 0.3 0 0.0009120119 0.0003812112 0.0017465 0.002363236 0.00242266 1000 -0.01646787 -0.01548357 -0.01679118 -0.01564822 -0.01495744 1000
174 0.6 -5.5 0.6 0 0.00141249 0.0003612321 0.0006592855 -9.752552E-05 -0.0004578276 1000 -0.01333932 -0.01378679 -0.01476782 -0.01400794 -0.01501668 1000
175 0.12 -5.5 0.2 0 0.00160224 0.001183698 0.001304726 0.002051368 0.002291431 1000 -0.01500491 -0.01405375 -0.01545358 -0.01460857 -0.0150635 1000
176 0.8399997 4 0.6 0 0.001530216 -0.0002978253 -0.0004071084 -0.0007306759 -0.0006254376 1000 -0.01322189 -0.01445469 -0.01474902 -0.01326322 -0.01276059 1000
177 1.239999 5.5 0.9 0 0.001524088 0.001380753 0.001422561 1.521999E-05 -0.0002412259 1000 -0.01173853 -0.01158254 -0.01264126 -0.01272051 -0.01211839 1000
178 0.4 -4.75 0.4 0 -0.02244537 -0.01993661 -0.01803244 -0.01589036 -0.01549098 1000 -0.007100539 -0.00912809 -0.008453939 -0.007253791 -0.007821307 1000
179 0.6399999 -4.75 0.7 -1 -0.01486339 -0.01496165 -0.01437454 -0.01478166 -0.01435843 1000 -0.009296771 -0.008661048 -0.009245098 -0.008874973 -0.008911212 1000
180 0.4800001 4 0.4 0 -0.01519438 -0.01549696 -0.01613937 -0.01684991 -0.01650881 1000 -0.01138678 -0.011496 -0.01111371 -0.01048794 -0.01069282 1000
181 0.6399999 4.75 0.7 1 -0.01298215 -0.01329148 -0.01281049 -0.01300876 -0.01296791 1000 -0.009270876 -0.009479417 -0.01015973 -0.009409808 -0.009057004 1000
182 0.26 5.5 0.1 0 -0.01250794 -0.01247098 -0.01207531 -0.01185544 -0.01126323 1000 -0.008228272 -0.007239113 -0.008019537 -0.008114196 -0.00733752 1000
183 0.38 -5.5 0.5 1 -0.009232664 -0.009301321 -0.009398161 -0.009633826 -0.00927765 1000 -0.007998763 -0.008174919 -0.008713959 -0.009311252 -0.0095035 1000
184 0.2 -4 0.1 0 -0.009238121 -0.009379582 -0.009767538 -0.00920128 -0.009229809 1000 -0.01002305 -0.01014847 -0.01145883 -0.01081272 -0.01070257 1000
185 0.6 -4 0.6 -1 -0.005367822 -0.006966187 -0.008090466 -0.009332179 -0.009017063 1000 -0.01292591 -0.01253931 -0.01153225 -0.01186747 -0.01273637 1000
186 0.56 -4 0.5 1 -0.01006731 -0.009212525 -0.009310903 -0.009013101 -0.008223711 1000 -0.01331751 -0.01208615 -0.01278366 -0.01360404 -0.0133169 1000
187 0.8599997 -4.75 1 0 -0.0106705 -0.01052018 -0.01008296 -0.009760557 -0.009856299 1000 -0.01463086 -0.0148494 -0.01562171 -0.01468784 -0.0151757 1000
188 0.6999999 -5.5 0.5 1 -0.00924375 -0.01033873 -0.008909846 -0.007999823 -0.007281609 1000 -0.01368508 -0.01428531 -0.01429038 -0.01386446 -0.01483208 1000
189 0.34 -4.75 0.5 1 -0.007983397 -0.007988857 -0.007451358 -0.007883846 -0.007532158 1000 -0.01395058 -0.01389475 -0.01442875 -0.0143711 -0.01496381 1000
190 0.5000001 -4 0.4 0 -0.007705196 -0.008420596 -0.009272772 -0.0094482 -0.009045727 1000 -0.01524764 -0.01577147 -0.01592975 -0.01538586 -0.01528943 1000
191 1.1 -4 1 0 -0.00881711 -0.00986028 -0.010187 -0.009856946 -0.008733245 1000 -0.01431864 -0.01409332 -0.01155721 -0.01401138 -0.01550614 1000
192 0.52 4.75 0.7 0 -0.01041738 -0.01029293 -0.009440963 -0.01002552 -0.009507053 1000 -0.01625183 -0.01568299 -0.01711421 -0.01633609 -0.01515204 1000
193 0.4600001 4 0.3 0 -0.009951415 -0.009541949 -0.009038742 -0.009172477 -0.009078373 1000 -0.01445687 -0.01390815 -0.01520694 -0.01489143 -0.01424726 1000
194 0.3 -4 0.1 0 -0.00698699 -0.007519212 -0.006955042 -0.0078552 -0.007351194 1000 -0.01356297 -0.01469098 -0.01409812 -0.01437834 -0.01532714 1000
195 0.52 4 0.5 1 -0.009440774 -0.008870586 -0.009217445 -0.009599123 -0.009480155 1000 -0.01757377 -0.01702691 -0.01683011 -0.01620418 -0.01545488 1000
196 0.52 -5.5 0.7 0 -0.01163352 -0.01115799 -0.01115032 -0.01066011 -0.01054818 1000 -0.0160829 -0.01482009 -0.01497462 -0.01572241 -0.01621833 1000
197 0.3 -4.75 0.2 0 -0.00950586 -0.009433991 -0.009124889 -0.00965792 -0.009349853 1000 -0.01680532 -0.01523576 -0.01708744 -0.01770253 -0.01702855 1000
198 0.7599998 -4 0.8 0 -0.008285508 -0.009370117 -0.00886352 -0.009649752 -0.00909556 1000 -0.01731098 -0.01822862 -0.01896492 -0.01829745 -0.01866034 1000
199 0.58 4 0.5 0 -0.008056625 -0.00962698 -0.009559456 -0.00999344 -0.009967998 1000 -0.01807448 -0.01744152 -0.01827023 -0.01710295 -0.0161906 1000
200 0.4600001 -5.5 0.6 1 -0.01201094 -0.01273452 -0.00779663 -0.01158302 -0.0147868 1000 -0.0167294 -0.01822458 -0.01950564 -0.01853594 -0.02052963 1000
201 0.36 -5.5 0.7 -1 -0.009533059 -0.00969582 -0.009404302 -0.009754787 -0.01045548 1000 -0.02110708 -0.02242092 -0.02160516 -0.02099434 -0.02123506 1000
202 0.7399998 4.75 1 0 -0.01286827 -0.01382606 -0.01482278 -0.01443105 -0.01504397 1000 -0.02394881 -0.02391952 -0.02400363 -0.02382755 -0.02324469 1000
203 0.7399998 5.5 0.7 1 -0.01559803 -0.01578759 -0.01616101 -0.01580365 -0.01577034 1000 -0.02488171 -0.02448549 -0.02361751 -0.02397864 -0.02474172 1000
204 0.34 -4.75 0.6 0 -0.0132482 -0.0127144 -0.01314278 -0.01323893 -0.0124949 1000 -0.02204478 -0.02216081 -0.02206916 -0.0221078 -0.02217676 1000
205 0.58 5.5 0.5 -1 -0.01285138 -0.01301289 -0.01334006 -0.01245612 -0.01245346 1000 -0.0229819 -0.02263693 -0.02309616 -0.02283075 -0.02242825 1000
206 0.5000001 -4.75 0.6 -1 -0.01190907 -0.01184619 -0.01155575 -0.01217675 -0.01176994 1000 -0.02282113 -0.02286828 -0.0226169 -0.02252903 -0.0227456 1000
207 0.54 4.75 0.9 0 -0.01297294 -0.01306974 -0.01227665 -0.01264506 -0.01283552 1000 -0.02194657 -0.02225908 -0.02257871 -0.02218399 -0.02238068 1000
208 1.259999 5.5 1 0 -0.01213721 -0.01258848 -0.01302819 -0.01288704 -0.0123183 1000 -0.02132066 -0.02171708 -0.0224011 -0.02188149 -0.02180502 1000
209 0.52 -4 0.6 1 -0.01690462 -0.01280537 -0.01223151 -0.01196431 -0.01224573 1000 -0.02299497 -0.02318579 -0.02352392 -0.02377942 -0.02428915 1000
210 0.54 5.5 0.6 0 -0.0006663295 -0.0009101227 -0.001036457 -0.0008091088 -0.001026978 1000 -0.01548562 -0.01578807 -0.01684629 -0.01711924 -0.01692975 1000
211 0.4600001 4.75 0.3 0 -0.006366737 -0.007088026 -0.006641398 -0.007084534 -0.006790557 1000 -0.01760867 -0.01848642 -0.0181777 -0.01760705 -0.01823794 1000
212 0.52 -4 0.7 0 -0.00603228 -0.005953846 -0.006151361 -0.0065644 -0.006049033 1000 -0.01814222 -0.01827922 -0.0179757 -0.0163678 -0.01694324 1000
213 0.6399999 -4 0.7 0 -0.009575129 -0.009746061 -0.009481585 -0.009476983 -0.008972019 1000 -0.01706562 -0.01684125 -0.01653749 -0.01697442 -0.01795319 1000
214 0.52 -4.75 0.2 0 -0.006551465 -0.007792695 -0.008113529 -0.009089266 -0.008681778 1000 -0.02367071 -0.02185605 -0.01937425 -0.019232 -0.02005675 1000
215 0.58 -4.75 0.6 -1 -0.007778164 -0.008058768 -0.007273199 -0.007287797 -0.007442967 1000 -0.01464584 -0.01477745 -0.0146337 -0.01420088 -0.01426188 1000
216 0.8199998 -4.75 0.7 1 -0.008005226 -0.007536675 -0.007018183 -0.006581245 -0.006500925 1000 -0.0156474 -0.01628078 -0.01594013 -0.01595514 -0.01654591 1000
217 0.7199998 -4 0.7 -1 -0.00589351 -0.005883697 -0.005759581 -0.00545127 -0.004739306 1000 -0.0151747 -0.01510006 -0.01520759 -0.01525618 -0.01524745 1000
218 0.9999996 -4 0.6 -1 -0.006085585 -0.005939998 -0.005555776 -0.005296376 -0.005191347 1000 -0.01411726 -0.01358805 -0.01381467 -0.01378427 -0.0145612 1000
219 0.7599998 5.5 0.5 -1 -0.002556213 -0.002854557 -0.002579005 -0.002936019 -0.002987072 1000 -0.01422331 -0.01431666 -0.01407867 -0.0136048 -0.01422979 1000
220 0.7199998 -5.5 0.5 0 -0.003187086 -0.002984988 -0.002885952 -0.002087234 -0.002453439 1000 -0.01293452 -0.01238371 -0.01364809 -0.013014 -0.01290143 1000
221 1.259999 -4 1 0 -0.004448057 -0.00436046 -0.003995806 -0.003324529 -0.003950199 1000 -0.01372746 -0.01429303 -0.01385287 -0.01393016 -0.0148585 1000
222 0.6 -5.5 0.6 1 -0.003106755 -0.003813912 -0.003903893 -0.00302108 -0.004313315 1000 -0.01337225 -0.01341427 -0.0135553 -0.01436561 -0.01381108 1000
223 0.26 4 0.2 0 -0.006235963 -0.005092198 -0.008015956 -0.008262267 -0.006794524 1000 -0.01503223 -0.01751633 -0.0162914 -0.01249032 -0.01441878 1000
224 0.5000001 5.5 0.6 1 -0.005317214 -0.006250567 -0.005843851 -0.005969923 -0.006432754 1000 -0.0108183 -0.01083443 -0.01195106 -0.01166041 -0.01135904 1000
225 0.6399999 4 0.5 -1 -0.006360663 -0.006074205 -0.005607393 -0.005101317 -0.005060326 1000 -0.008763918 -0.008864762 -0.008936619 -0.007961477 -0.007178051 1000
226 0.4800001 5.5 0.3 0 -0.006281879 -0.006304864 -0.006524498 -0.005793504 -0.005648647 1000 -0.007939718 -0.007448171 -0.007428814 -0.007816118 -0.00764843 1000
227 0.6 -4 0.5 1 -0.005760461 -0.00615857 -0.005413815 -0.005722536 -0.006292888 1000 -0.009154178 -0.009681403 -0.009163739 -0.009112583 -0.01015894 1000
228 0.54 -4.75 0.3 0 -0.004565479 -0.004499219 -0.003472884 -0.003558179 -0.002992493 1000 -0.01086486 -0.01069428 -0.01074857 -0.01095186 -0.01114168 1000
229 0.5000001 -4.75 0.5 0 -0.00605985 -0.006484803 -0.008557212 -0.008247492 -0.006275762 1000 -0.01088585 -0.01135612 -0.01102638 -0.01005846 -0.01069835 1000
230 0.34 -4 0.2 0 -0.003423339 -0.003188637 -0.002248975 -0.002286904 -0.002207923 1000 -0.01167599 -0.012005 -0.01144846 -0.01097084 -0.01175057 1000
231 0.4400001 5.5 0.4 0 -0.004492226 -0.003376098 -0.003109761 -0.003101695 -0.003464628 1000 -0.01117997 -0.01172043 -0.01173691 -0.01113882 -0.0107863 1000
232 0.7799998 4 0.7 0 -0.00264876 -0.002722142 -0.0008464949 -0.00153609 -0.001665929 1000 -0.008079284 -0.008435209 -0.008815794 -0.009150019 -0.00872991 1000
233 0.4600001 -4.75 0.4 0 -0.004406298 -0.0032194 -0.00168883 -0.001416075 -0.0006785647 1000 -0.01061859 -0.007737227 -0.0088533 -0.01003418 -0.008932275 1000
234 0.4600001 -5.5 0.2 0 -0.003010423 -0.002400049 -0.0007088691 -0.000402134 -0.0009400205 1000 -0.009665447 -0.009553468 -0.009704549 -0.0107246 -0.01093822 1000
235 0.24 -5.5 0.2 0 -0.00233597 -0.001496394 -0.002562069 -0.002660608 -0.00320391 1000 -0.009837126 -0.008703462 -0.009378611 -0.009451805 -0.009671645 1000
236 0.5000001 -5.5 0.6 1 -0.00361913 -0.004487851 -0.005111565 -0.004463061 -0.004339771 1000 -0.01052787 -0.01025039 -0.01106449 -0.0106992 -0.01082939 1000
237 0.24 -4 0.5 1 -0.00319111 -0.004108931 -0.004496849 -0.003536136 -0.003730531 1000 -0.01223515 -0.009040089 -0.005859921 -0.007070235 -0.0107665 1000
238 0.36 -4 0.5 1 -0.007387517 -0.007597391 -0.00745329 -0.007432715 -0.00723231 1000 -0.01108021 -0.01049816 -0.0110331 -0.0109951 -0.01090454 1000
239 0.2 4.75 0.1 0 -0.006260905 -0.006312396 -0.006152996 -0.005523252 -0.005754148 1000 -0.01007095 -0.01026391 -0.01030832 -0.009868957 -0.009975531 1000
240 0.32 5.5 0.2 0 -0.006832463 -0.0071306 -0.006843522 -0.006876943 -0.006569706 1000 -0.009610113 -0.009568853 -0.01016496 -0.01008834 -0.009063855 1000
241 0.6799999 4 1 0 -0.004872797 -0.005054354 -0.004705862 -0.00382286 -0.004001786 1000 -0.008534382 -0.008561513 -0.008926143 -0.008027781 -0.007683855 1000
242 0.56 -4.75 0.3 0 -0.007740425 -0.007688911 -0.006630249 -0.006106979 -0.00550169 1000 -0.004602681 -0.003716786 -0.004482681 -0.00513763 -0.005744105 1000
243 0.4600001 4 0.6 1 -0.004857346 -0.005140458 -0.005537063 -0.005669965 -0.006053839 1000 -0.008016315 -0.008220586 -0.008176289 -0.008056725 -0.007510373 1000
244 0.58 -4 0.9 0 -0.005495642 -0.005336296 -0.004277039 -0.004002925 -0.003469958 1000 -0.004983147 -0.00532943 -0.005339782 -0.005450782 -0.00604614 1000
245 0.9799996 4 0.9 0 -0.009424366 -0.009456925 -0.007969731 -0.006724947 -0.006400594 1000 -0.01052477 -0.009174969 -0.00947634 -0.008363721 -0.007228994 1000
246 0.8399997 -5.5 0.8 0 -0.004452278 -0.004247884 -0.004142283 -0.00404891 -0.004028831 1000 -0.00816714 -0.008016461 -0.008837589 -0.008345431 -0.009274273 1000
247 0.9199997 4 1 0 -0.007217644 -0.005948354 -0.004421394 -0.003737515 -0.003133147 1000 -0.007164937 -0.007941925 -0.007918043 -0.007134792 -0.006254666 1000
248 0.32 -4 0.2 0 -0.004762176 -0.004678392 -0.004429861 -0.003836085 -0.003490742 1000 -0.006423663 -0.006097206 -0.006774636 -0.006967817 -0.006366006 1000
249 0.42 -4.75 0.6 1 -0.001576213 -0.002207167 -0.002667377 -0.001119045 -0.0006116133 1000 -0.00653228 -0.006938326 -0.007257312 -0.007716832 -0.007525409 1000
250 0.38 4 0.6 1 -0.00397107 -0.003894464 -0.004308086 -0.004799907 -0.001473791 1000 -0.006897609 -0.006379232 -0.006196173 -0.008228095 -0.008299618 1000
251 0.16 4.75 0.1 0 -0.0002728856 -0.00107954 -0.0005842096 0.0004392014 0.0004725994 1000 0.000289844 0.0003539311 -0.0009636497 -0.001401223 -0.001549016 1000
252 0.34 -5.5 0.2 0 0.0005716216 -0.0005380801 6.103706E-05 0.0001360518 0.0004691711 1000 -0.002314775 -0.002213086 -0.003273654 -0.002893741 -0.002853494 1000
253 0.6 -4 0.6 0 -0.0007883366 -0.001986917 -0.0008840704 -0.0005878884 -0.0006847576 1000 -0.003437523 -0.004448439 -0.004430261 -0.003873898 -0.005276659 1000
254 0.56 -4.75 1 0 0.001074752 0.002200453 0.002298113 0.001619657 0.001770496 1000 -0.005215182 -0.004823624 -0.005062632 -0.00442776 -0.005495449 1000
255 0.4800001 -5.5 0.3 0 0.0008388877 0.0007316152 0.001250924 0.001232354 0.002013837 1000 -0.0053476 -0.005536354 -0.005977467 -0.00625615 -0.006465119 1000
256 0.6 4 0.6 1 0.003412722 0.003418313 0.003461228 0.003079141 0.003310918 1000 -0.005464963 -0.006266131 -0.006181187 -0.006267903 -0.006154798 1000
257 0.4800001 -4.75 0.6 -1 0.002216308 0.003160381 0.003030183 0.003295438 0.003980124 1000 -0.005234277 -0.004751529 -0.005041904 -0.005506051 -0.005242989 1000
258 0.6399999 5.5 0.7 1 0.001314801 0.001843036 0.00212591 0.001808583 0.001495623 1000 -0.005818446 -0.006435446 -0.006132684 -0.005463805 -0.005971873 1000
259 0.58 -4.75 0.8 0 0.001059079 0.001187203 0.0018254 0.001918762 0.002712475 1000 -0.003519068 -0.004090386 -0.003512493 -0.004046961 -0.004730886 1000
260 0.6599999 4.75 0.6 -1 -0.001709395 -0.0009729648 0.0001873265 0.0004172031 0.0008274584 1000 -0.005437382 -0.006012058 -0.005669609 -0.004718539 -0.004565537 1000
261 0.4600001 -4.75 0.6 1 0.002320865 0.002820297 0.002837804 0.003184014 0.002373899 1000 -0.004444643 -0.005557803 -0.005723079 -0.005395381 -0.005752244 1000
262 0.6399999 -4.75 0.7 0 0.0002923914 0.000809051 0.001479364 0.001140907 0.002215329 1000 -0.004120582 -0.003694336 -0.003544572 -0.003346723 -0.003775436 1000
263 0.7399998 -4 0.5 -1 -0.0003212833 0.0007309061 0.001170521 0.001163872 0.001654622 1000 -0.00451311 -0.005221002 -0.00506182 -0.005336259 -0.005147933 1000
264 0.4400001 -4 0.5 0 0.001507417 0.00131962 0.002298808 0.002850901 0.002713077 1000 -0.003686399 -0.004535831 -0.004482022 -0.004195427 -0.004647016 1000
265 0.56 5.5 0.9 0 -0.001113273 -0.0009326605 -0.0003817049 -8.148231E-05 -6.768801E-05 1000 -0.005660345 -0.006016505 -0.006276401 -0.004735874 -0.005049554 1000
266 0.3 -4 0.2 0 0.0003854891 4.224505E-05 -7.002868E-05 0.0007357127 0.0005169339 1000 -0.003837535 -0.004155352 -0.006491531 -0.00583549 -0.005821391 1000
267 0.5000001 -4.75 0.5 -1 -0.001891981 -0.00185675 -0.001167443 -0.001095671 -0.0006691162 1000 -0.005954399 -0.005954344 -0.006289816 -0.006145436 -0.005843661 1000
268 0.4600001 -4.75 0.6 0 -0.002720712 -0.002797188 -0.002706005 -0.003029704 -0.001941892 1000 -0.007146342 -0.007012385 -0.006913926 -0.007043834 -0.007551086 1000
269 0.7999998 -4.75 0.9 0 -0.002623278 -0.003261116 -0.00187688 -0.001383158 -0.001198977 1000 -0.006099567 -0.006920879 -0.00682325 -0.006479854 -0.007151879 1000
270 0.8599997 -4 0.7 1 -0.00230992 -0.002860053 -0.002918426 -0.002864979 -0.001982217 1000 -0.009617638 -0.007546592 -0.006529577 -0.007630974 -0.007542262 1000
271 0.56 -4.75 0.6 0 -0.001205928 -0.00161112 -0.001070564 -0.002004598 -0.002108318 1000 -0.007723914 -0.008743955 -0.008867488 -0.008452217 -0.008827542 1000
272 0.4600001 4 0.5 1 -0.003524429 -0.002792223 -0.001807424 -0.002216811 -0.00220399 1000 -0.00932719 -0.01002077 -0.008922459 -0.008732592 -0.009315494 1000
273 0.5000001 4 1 0 -0.001738392 -0.001879286 -0.001973844 -0.001603984 -0.002061774 1000 -0.008701307 -0.008756974 -0.009118512 -0.008473261 -0.008205079 1000
