trial Response_Time velH Occlusion_Duration velH_Subject xRotations_first0 xRotations_first1 xRotations_first2 xRotations_first3 xRotations_first4 xRotations_first5 yRotations_first0 yRotations_first1 yRotations_first2 yRotations_first3 yRotations_first4 yRotations_first5
1 0.58 4.75 0.7 1 -0.003749956 -0.005872207 -0.005368264 -0.01319612 -0.01546615 1000 -0.01059363 -0.0104879 0.0009187597 0.007868237 0.01463043 1000
2 0.02 4.75 0.1 0 -0.01674616 -0.01824564 -0.01942761 -0.02010471 -0.01928047 1000 0.01675862 0.016066 0.01633602 0.01596323 0.01611761 1000
3 0.3 4 0.6 1 -0.02119911 -0.02079677 -0.02062931 -0.02018165 -0.02031057 1000 0.01479052 0.01497504 0.01518534 0.01491069 0.01429318 1000
4 0.7199998 -5.5 0.9 0 -0.02237803 -0.02231762 -0.02182344 -0.02160598 -0.0215216 1000 0.007835548 0.00802827 0.007641832 0.005896167 0.002728968 1000
5 0.6 5.5 0.5 -1 -0.02255187 -0.02273909 -0.02301772 -0.02331755 -0.02368572 1000 2.838305E-05 0.001279113 0.002899478 0.003595572 0.003600615 1000
6 0.7799998 5.5 1 0 -0.02032899 -0.00847737 -0.005503786 -0.003357765 -0.004610119 1000 0.000841619 -0.0005339988 -0.002183263 -0.0004148599 0.0003533128 1000
7 0.28 -4.75 0.2 0 -0.008379084 -0.008623642 -0.008200755 -0.007171893 -0.006705552 1000 0.001557746 0.001708081 0.001598095 0.001516099 -0.0008914227 1000
8 0.7799998 -5.5 0.7 -1 -0.00810054 -0.008666094 -0.008383919 -0.008550935 -0.008125713 1000 0.001005705 0.001696188 0.002111955 0.001312909 0.00121982 1000
9 0.18 -4.75 0.1 0 -0.01164372 -0.01155652 -0.01066193 -0.01054773 -0.01061544 1000 0.00126579 0.001716386 0.00215053 0.002259704 0.00216047 1000
10 0.5000001 5.5 0.5 1 -0.01165618 -0.0115375 -0.01166962 -0.01112701 -0.01143488 1000 0.002111926 0.002037435 0.002156881 0.002681736 0.001971905 1000
11 0.42 4 0.4 0 -0.01385115 -0.01439539 -0.01473985 -0.01435665 -0.01429862 1000 0.0007193917 0.0006895193 0.0009611368 0.001119836 0.001063926 1000
12 0.8399997 -5.5 0.8 0 -0.01477597 -0.01511801 -0.01533426 -0.01532498 -0.01521058 1000 0.002036985 0.002113984 0.001824078 0.001830719 0.001738529 1000
13 0.6599999 4.75 0.7 -1 -0.01729778 -0.01816182 -0.01789386 -0.01769097 -0.01767911 1000 0.0006662972 0.0008562917 0.001456875 0.001636922 0.002249586 1000
14 0.6 4 0.8 0 -0.01776435 -0.01734073 -0.0171462 -0.01692894 -0.01728255 1000 0.002195038 0.002502316 0.002477368 0.002291795 0.002413009 1000
15 0.54 -4 0.6 1 -0.01915208 -0.01987089 -0.02039226 -0.02030035 -0.01955723 1000 0.000862601 0.0008100732 0.0004450513 0.0004371019 0.00122234 1000
16 0.08 5.5 0.1 0 -0.0189254 -0.01908735 -0.01909654 -0.01948887 -0.01883698 1000 0.004902212 0.00544125 0.005969941 0.006917673 0.00749515 1000
17 0.4600001 4 0.5 1 -0.01974872 -0.01980501 -0.01881485 -0.01770917 -0.01760124 1000 0.008079508 0.007549987 0.007515533 0.007386243 0.007183942 1000
18 0.4 5.5 0.5 -1 -0.02046821 -0.020486 -0.01946587 -0.01860353 -0.01834832 1000 0.006295998 0.006224325 0.006810496 0.007018137 0.007053051 1000
19 1.1 5.5 1 0 -0.01961523 -0.01981814 -0.01912135 -0.01799828 -0.01783962 1000 0.006471294 0.006108598 0.00619613 0.006820413 0.006843932 1000
20 0.28 -4 0.5 1 -0.01909771 -0.01893067 -0.01893578 -0.01831777 -0.01774702 1000 0.008592151 0.00892133 0.008142904 0.008472559 0.008724935 1000
21 0.34 4.75 0.5 1 -0.01853582 -0.01886687 -0.01916633 -0.01849903 -0.01790083 1000 0.009678878 0.009672229 0.01005211 0.01037751 0.009992321 1000
22 0.54 -4.75 1 0 -0.01945986 -0.02031182 -0.02018296 -0.02017406 -0.01938233 1000 0.008952765 0.009334346 0.009135739 0.008753088 0.00896252 1000
23 0.04 -5.5 0.1 0 -0.01790145 -0.01802524 -0.01827855 -0.01800787 -0.01799837 1000 0.01021235 0.01083655 0.01132534 0.01148446 0.01045518 1000
24 0.06 -4 0.5 1 -0.01860586 -0.01902589 -0.01830074 -0.01797496 -0.01819706 1000 0.01101617 0.01057813 0.01034467 0.009895773 0.009606581 1000
25 0.3 -4 0.5 0 -0.01971995 -0.01990093 -0.02026334 -0.02000035 -0.01986136 1000 0.01048448 0.01139884 0.01121303 0.01169839 0.01117154 1000
26 0.6199999 -4 0.5 0 -0.01913601 -0.01941116 -0.0195673 -0.01985564 -0.02020911 1000 0.01171922 0.01192936 0.01183916 0.01176495 0.01217616 1000
27 0.4400001 -4.75 0.6 1 -0.02138947 -0.02178022 -0.02196046 -0.02137821 -0.02092992 1000 0.01211322 0.01235353 0.01270767 0.01273621 0.01266977 1000
28 0.7799998 -5.5 0.8 0 -0.02205658 -0.02264912 -0.02353719 -0.02402142 -0.02442047 1000 0.01364512 0.01425441 0.01514975 0.01559581 0.01517851 1000
29 0.3 -5.5 0.5 1 -0.02492839 -0.02434045 -0.02295827 -0.02075627 -0.01783841 1000 0.01713762 0.0167033 0.01689962 0.01581142 0.01447671 1000
30 0.9199997 -4 0.8 0 -0.0206219 -0.02029834 -0.0206362 -0.0202357 -0.02007866 1000 0.01626079 0.01677256 0.01642498 0.01648337 0.01631395 1000
31 0.09999999 5.5 0.2 0 -0.02198748 -0.02184698 -0.02214553 -0.02205732 -0.02208979 1000 0.01760669 0.01776546 0.01809525 0.01880276 0.01855888 1000
32 0.54 4.75 0.9 0 -0.02350164 -0.02284588 -0.02273336 -0.02263435 -0.02264603 1000 0.01924141 0.01977569 0.01988598 0.01991538 0.01980791 1000
33 2.959998 4.75 0.7 0 -0.02394986 -0.02330329 -0.02304725 -0.02222385 -0.02190688 1000 0.02044794 0.02007945 0.0199188 0.01940084 0.01932593 1000
34 0.22 5.5 0.5 -1 -0.01463114 -0.0152194 -0.01523537 -0.01554196 -0.01507754 1000 0.01731683 0.01758265 0.01808801 0.01782309 0.01780433 1000
35 0.14 -4.75 0.2 0 -0.01449127 -0.01528742 -0.01571963 -0.01605613 -0.01589124 1000 0.0192358 0.0192175 0.01890143 0.01840103 0.01896568 1000
36 0.32 4 0.5 -1 -0.01766605 -0.01792892 -0.01718225 -0.01647582 -0.01597289 1000 0.01930919 0.01914596 0.01968948 0.01991665 0.01992912 1000
37 0.4 4 0.6 0 -0.01718408 -0.01747145 -0.01787272 -0.01705792 -0.01617594 1000 0.01907207 0.01935141 0.0187339 0.01904747 0.01922618 1000
38 0.6799999 -4.75 0.6 -1 -0.0192949 -0.01982672 -0.02063087 -0.02044907 -0.01972193 1000 0.01806526 0.01804401 0.01748426 0.01711448 0.01748244 1000
39 0.6599999 -5.5 0.7 1 -0.01960914 -0.01895391 -0.0184746 -0.01849676 -0.01847666 1000 0.01762621 0.01832907 0.01825192 0.01844835 0.01826604 1000
40 0.18 5.5 0.1 0 -0.01733005 -0.01801396 -0.01817849 -0.01776706 -0.01765114 1000 0.006870359 0.005099341 0.006632306 0.007511099 0.008538803 1000
41 0.02 -4 0.5 -1 -0.01704798 -0.01598014 -0.01623791 -0.01528582 -0.01314447 1000 -0.01235048 -0.01245289 -0.01348659 -0.02796838 -0.0553644 1000
42 0.22 5.5 0.2 0 -0.01678236 -0.01444205 -0.01345321 -0.01304279 -0.01342691 1000 0.003128207 0.01124882 0.01513867 0.02619397 0.05159222 1000
43 0.36 5.5 0.6 0 -0.02341521 -0.01812954 -0.0179087 -0.0255865 -0.04976802 1000 -0.00630924 0.004358994 0.007636455 -0.002011993 0.000912867 1000
44 0.8799997 4 0.9 0 -0.02321802 -0.01951646 -0.01866085 -0.02193216 -0.02602773 1000 0.002348019 0.003366575 0.002417622 0.003934664 0.02915314 1000
45 0.42 -4 0.6 -1 -0.02002067 -0.02097972 -0.02065198 -0.02087959 -0.0242896 1000 -0.0009439386 -0.01459325 -0.0137798 -0.009998639 -0.02179134 1000
46 0.8399997 4 0.8 0 -0.02148596 -0.02372755 -0.02408962 -0.02520516 -0.02789707 1000 0.004755727 0.01526531 0.009468932 0.01064305 0.04282942 1000
47 1.08 -5.5 0.7 -1 -0.013627 -0.01433172 -0.0163077 -0.02823521 -0.04123838 1000 0.003511736 0.002678365 0.0009724498 -0.002098135 -0.05453529 1000
48 0.58 -4 0.6 1 -0.02430951 -0.02346154 -0.02260331 -0.0245134 -0.02506504 1000 -0.002077528 0.0003837187 0.007989728 0.02312192 0.03391995 1000
49 0.32 4 0.3 0 -0.02114918 -0.02219487 -0.02320542 -0.02633176 -0.03489121 1000 0.006609962 0.002648434 0.003035139 0.002313721 0.04207296 1000
50 1.699999 -5.5 1 0 -0.02486121 -0.02500656 -0.02426111 -0.0241203 -0.02469217 1000 -0.02000237 -0.01861762 -0.01797071 -0.01782457 -0.01948685 1000
51 0.2 5.5 0.2 0 -0.001953871 -0.005527306 -0.007659253 -0.01059247 -0.01166599 1000 -0.001635748 0.002190731 0.004118292 0.02280527 0.04331227 1000
52 0.4600001 -4 0.4 0 -0.01501839 -0.01691589 -0.01816294 -0.02124988 -0.02263107 1000 -0.01691313 -0.01812374 -0.01336861 -0.02489164 -0.04789558 1000
53 0.6399999 5.5 0.6 0 -0.01661266 -0.01262247 -0.01299285 -0.0165315 -0.02135809 1000 -0.0001629067 0.003234877 0.005646123 0.02969242 0.06624458 1000
54 0.4400001 5.5 0.7 -1 -0.02406355 -0.02627569 -0.02998634 -0.03402466 -0.03503047 1000 0.004224135 0.006492956 0.003296487 -0.01746108 -0.03675924 1000
55 0.22 -4 0.1 0 -0.01763123 -0.01488579 -0.014162 -0.01928037 -0.02620878 1000 0.0007824056 -0.0009236278 -0.001291476 -0.01342964 -0.06012159 1000
56 0.58 -5.5 0.6 -1 -0.02004006 -0.0203133 -0.02758082 -0.03646115 -0.03683707 1000 0.006670767 0.003626315 0.003164771 0.01445604 0.0004374391 1000
57 0.6599999 -4.75 0.7 -1 -0.02340599 -0.02171384 -0.01871189 -0.0245315 -0.03043518 1000 0.02976337 0.0147257 0.002158014 -0.004586445 -0.03223086 1000
58 1.08 -5.5 0.6 -1 -0.009469063 -0.008989156 -0.01074666 -0.01744696 -0.02147699 1000 -0.01476748 -0.00720842 -0.001359577 0.003542697 0.005606872 1000
59 0.9599996 5.5 0.9 0 -0.02468153 -0.02498889 -0.02592882 -0.02812342 -0.02972044 1000 0.005349152 0.002667196 0.001200693 0.00925982 0.03156315 1000
60 0.6199999 4 0.7 1 -0.01916592 -0.0198884 -0.01893616 -0.02253002 -0.02932121 1000 -0.02619365 -0.009755763 0.01073004 0.02114601 0.02459572 1000
61 0.8799997 -4.75 0.8 0 -0.01540047 -0.01554812 -0.01355461 -0.0170806 -0.02265936 1000 -0.003197575 -0.001714256 -0.001189363 -0.004687258 -0.02713788 1000
62 0.7599998 -4.75 0.8 0 -0.0196862 -0.01760943 -0.01728624 -0.02337399 -0.03143363 1000 0.003528966 0.008981603 0.009341999 0.005284816 -0.005735069 1000
63 0.4800001 4 0.6 0 -0.01636756 -0.01220813 -0.01707716 -0.03804033 -0.04690952 1000 -0.005954461 -0.005647381 -0.005822524 -0.006129675 0.009664851 1000
64 0.42 5.5 0.5 0 -0.01906214 -0.0203427 -0.02031913 -0.02563133 -0.0323919 1000 -0.03665889 -0.04139935 -0.03496347 -0.02195946 0.02071346 1000
65 0.38 5.5 0.5 0 -0.02249078 -0.02075194 -0.02016732 -0.02488358 -0.02774217 1000 -0.01284194 -0.01145339 -0.006859519 0.004333301 0.04344045 1000
66 0.32 -4 0.6 -1 -0.01232952 -0.01127236 -0.01284255 -0.01639799 -0.02055362 1000 0.01519512 0.01108058 0.01012077 0.01842859 0.01124202 1000
67 0.6399999 5.5 0.9 0 -0.0243979 -0.02359788 -0.02327416 -0.02548416 -0.02891026 1000 0.03819141 0.04078273 0.03567853 0.03058866 0.03949305 1000
68 0.54 4.75 0.4 0 -0.02371225 -0.0230373 -0.02334581 -0.02688345 -0.02712535 1000 0.01604838 0.01816999 0.02439285 0.02220098 0.03246753 1000
69 0.3 -5.5 0.3 0 -0.01359761 -0.007578125 -0.0124005 -0.02901124 -0.0329499 1000 0.006694294 0.004222816 0.006548426 0.01687892 -0.01027352 1000
70 0.58 4 0.9 0 -0.01545936 -0.004380524 0.001991079 -0.00664819 -0.02806062 1000 0.02521672 0.03353214 0.02807325 0.02204919 0.04073864 1000
71 0.16 -4 0.2 0 -0.007195466 -0.004891895 -0.006114051 -0.01599574 -0.0287355 1000 -0.01032807 -0.008586957 -0.001990242 0.001602504 -0.01809507 1000
72 0.14 -5.5 0.1 0 -0.02113347 -0.01229225 -0.002529518 -0.01673615 -0.04176908 1000 0.02685685 0.02579146 0.02198597 0.02069271 0.002614771 1000
73 0.36 -4.75 0.5 -1 -0.01014403 -0.006787796 -0.007602515 -0.01220904 -0.01642602 1000 0.0009611675 -0.001962461 -0.003629795 -0.01103236 -0.01567867 1000
74 0.7399998 -4.75 0.9 0 -0.01246241 -0.006316411 -0.01093409 -0.03399565 -0.04063993 1000 -0.01720498 -0.006267501 -0.001372846 -0.01549401 -0.03083313 1000
75 0.8599997 4 0.7 -1 -0.008853619 -0.003612857 -0.002262761 -0.007000664 -0.02142241 1000 0.0202561 0.02125072 0.009162058 -0.0008571269 0.01056794 1000
76 0.34 -4.75 0.3 0 -0.01281504 -0.01600546 -0.02346812 -0.035765 -0.04377773 1000 9.992118E-05 0.01469154 0.02395417 0.01665879 -0.001409385 1000
77 0.5000001 5.5 0.5 0 0.006593967 -0.004506297 -0.01832672 -0.03206436 -0.03551967 1000 0.01901993 0.005980288 0.000414148 0.01976124 0.04351012 1000
78 0.06 -4 0.2 0 -0.02184094 -0.01690684 -0.02055352 -0.03563831 -0.0391636 1000 -0.007063606 -0.003349531 -0.004623829 -0.01814738 -0.04122401 1000
79 0.56 -5.5 0.7 0 -0.003198575 -0.006462545 -0.01540136 -0.04064621 -0.05099099 1000 0.02367407 0.01961811 0.01401854 0.01516898 -0.01880603 1000
80 0.6199999 -4 0.5 1 -0.01172399 -0.01265232 -0.01619972 -0.02261284 -0.03124852 1000 -0.005857339 0.0118325 0.02334137 0.01313822 -0.005675399 1000
81 0.4600001 4 0.2 0 -0.01894532 -0.02726742 -0.03268104 -0.03508825 -0.03793858 1000 -0.01274349 -0.009190582 0.003307762 0.001542077 -0.004488195 1000
82 0.38 4 0.5 1 -0.01516507 -0.01568125 -0.05664245 -0.06529622 -0.06266607 1000 -0.004772205 -0.003575609 -0.004525892 -0.007523048 -0.0005126007 1000
83 0.6799999 -4 0.9 0 -0.02176812 -0.01871287 -0.01504821 -0.01299837 -0.01533414 1000 -0.01813735 -0.009544335 -0.0009819824 -0.0002291979 -0.007696075 1000
84 0.22 -4 0.4 0 -0.0164937 -0.01367398 -0.01309139 -0.01400685 -0.0163802 1000 -0.00342044 0.01060798 0.01780876 0.01570748 0.006277698 1000
85 0.9199997 4.75 0.7 0 -0.01496966 -0.01396364 -0.0142024 -0.01437132 -0.01558194 1000 0.01233175 0.01475506 0.01506973 0.01667044 0.02413842 1000
86 1.219999 -4.75 1 0 -0.01017896 -0.009574644 -0.01143528 -0.01165669 -0.01205919 1000 -0.02231207 -0.01150408 -0.0008520273 -0.004968393 -0.0130792 1000
87 0.8799997 -4 0.9 0 -0.01388885 -0.01674355 -0.01479855 -0.01205359 -0.009678566 1000 -0.009432449 0.00472066 0.00461703 0.003772115 0.004521214 1000
88 0.6199999 4 0.7 -1 -0.01681815 -0.0164541 -0.01637618 -0.01596374 -0.01639532 1000 0.001197284 0.0002143808 0.002250029 -0.008631816 -0.01304103 1000
89 0.6199999 4 0.5 1 -0.01040717 -0.01190721 -0.01300807 -0.01528746 -0.01701933 1000 0.009431362 0.02160235 0.01746853 0.0146086 0.02067363 1000
90 0.8399997 -4 0.7 -1 -0.02016348 -0.01594395 -0.0184613 -0.02714513 -0.02918293 1000 -0.003474929 -0.007238864 -0.01221337 -0.02296797 -0.03614974 1000
91 0.8599997 -4 0.5 1 -0.01339216 -0.01264121 -0.01788567 -0.0227057 -0.02811848 1000 0.01530465 0.01327451 0.009219025 0.008070546 0.009073228 1000
92 0.6399999 -5.5 0.5 -1 -0.02247748 -0.03109385 -0.03701262 -0.03988351 -0.04075076 1000 0.01058043 0.01048602 0.002062245 -0.01365072 -0.03631983 1000
93 0.7399998 -4.75 0.5 0 -0.01058532 -0.01133903 -0.01513928 -0.02008919 -0.0269124 1000 0.0018489 0.003228681 0.001627586 -0.002842057 -0.01778705 1000
94 0.38 5.5 0.2 0 -0.02232709 -0.01384001 -0.009064277 -0.01027722 -0.0157213 1000 -0.002587282 -0.003480091 -0.003713324 -0.004373058 0.002541654 1000
95 0.5000001 4.75 0.6 0 -0.009791271 -0.009153618 -0.009873447 -0.01141248 -0.01309324 1000 -0.01246529 -0.01247614 -0.01929709 -0.0190569 -0.01130599 1000
96 0.6 -5.5 0.7 1 -0.008919221 -0.006649872 -0.006781458 -0.006401245 -0.006353315 1000 -0.01450408 -0.01333263 -0.01260837 -0.01227743 -0.01376337 1000
97 0.7799998 4.75 0.5 1 -0.007893415 -0.008177903 -0.008858541 -0.009042468 -0.009591676 1000 -0.01331701 -0.0123328 -0.0120916 -0.0113803 -0.01133875 1000
98 0.3 4 0.1 0 -0.008382541 -0.007702403 -0.007251104 -0.007123022 -0.007062178 1000 -0.01143049 -0.01084147 -0.01100255 -0.01103749 -0.01108166 1000
99 0.58 5.5 0.7 0 -0.007244793 -0.007764564 -0.007105552 -0.006943567 -0.007377863 1000 -0.01111197 -0.01124855 -0.01120926 -0.01103925 -0.01126581 1000
100 1.859999 4.75 0.7 1 -0.01287126 -0.01345213 -0.01429251 -0.01417389 -0.01354583 1000 -0.01191845 -0.01150839 -0.01188442 -0.01144563 -0.01084362 1000
101 0.4600001 -5.5 0.8 0 -0.004996086 -0.005098901 -0.005332096 -0.0050688 -0.004624726 1000 -0.004529804 -0.003929308 -0.004903338 -0.00502547 -0.005042749 1000
102 0.36 5.5 0.6 1 -0.006703064 -0.009980054 -0.01245582 -0.01377758 -0.01566501 1000 -0.003196877 -0.002749194 -0.002475162 0.001428035 0.01624456 1000
103 0.7599998 5.5 0.6 0 -0.02028149 -0.02005822 -0.01927611 -0.01918106 -0.01818951 1000 -0.0009377487 -0.0002590056 0.003329942 0.004530073 0.006701246 1000
104 0.38 -4 0.4 0 -0.01825177 -0.01740782 -0.01724887 -0.01713036 -0.01773858 1000 0.000246003 0.002129487 0.002893049 0.003141881 0.00325656 1000
105 0.4600001 -4.75 0.7 1 -0.01918017 -0.01914751 -0.01869116 -0.01811194 -0.01781095 1000 0.0138891 0.01468592 0.0148537 0.01366579 0.01292714 1000
106 0.9799996 -4.75 1 0 -0.01685008 -0.01678527 -0.01671669 -0.01711461 -0.01700217 1000 0.01644994 0.01689048 0.01679113 0.01634037 0.01621408 1000
107 0.6599999 -4.75 0.5 1 -0.01765829 -0.01795773 -0.0178338 -0.01780876 -0.01748094 1000 0.01791213 0.01760966 0.01803749 0.01744733 0.01716704 1000
108 0.9599996 4 0.7 0 -0.01640413 -0.01662756 -0.01664618 -0.01681169 -0.01637318 1000 0.02033694 0.02090606 0.02110764 0.02145926 0.02212524 1000
109 0.6199999 -4.75 0.6 1 -0.02005974 -0.02000773 -0.01995201 -0.01950835 -0.01945765 1000 0.01752389 0.01737922 0.01735551 0.01724495 0.01777561 1000
110 0.8199998 -4.75 1 0 -0.01930652 -0.01979376 -0.01971059 -0.01982537 -0.01920746 1000 0.02025682 0.02134245 0.02178805 0.0213717 0.02143458 1000
111 0.6199999 4 0.3 0 -0.02114051 -0.02166114 -0.0217665 -0.02194008 -0.02163857 1000 0.02121023 0.0216907 0.02212042 0.02238302 0.02284754 1000
112 0.6 4.75 0.3 0 -0.02094628 -0.02154828 -0.02133277 -0.02154613 -0.02092582 1000 0.0225495 0.02281948 0.02284692 0.02226867 0.02275032 1000
113 0.8599997 4 0.5 1 -0.02339885 -0.02380401 -0.02424563 -0.02407598 -0.02419771 1000 0.02192814 0.02228999 0.02199307 0.02199408 0.0218342 1000
114 0.38 -4.75 0.4 0 -0.02259249 -0.02275802 -0.02255604 -0.02250742 -0.02233143 1000 0.02337246 0.02398157 0.0239151 0.02404738 0.02396268 1000
115 0.9199997 -4 0.5 0 -0.02202901 -0.02236431 -0.02279156 -0.0234648 -0.02350833 1000 0.02432079 0.02437004 0.02403405 0.02391173 0.02405453 1000
116 0.02 -5.5 0.6 1 -0.0223299 -0.02159649 -0.0208815 -0.02129947 -0.0211636 1000 0.02314458 0.02225243 0.02226664 0.02136466 0.02130339 1000
117 1.519999 5.5 0.7 0 -0.02435912 -0.02414992 -0.02418189 -0.02451759 -0.0242825 1000 0.02039129 0.01947397 0.0182183 0.01729438 0.01726233 1000
118 0.6199999 -4 0.6 0 -0.0148196 -0.01437545 -0.01432742 -0.01422537 -0.0143175 1000 0.0110701 0.01087591 0.01075814 0.01127518 0.01134366 1000
119 0.32 -4 0.4 0 -0.01858777 -0.01921304 -0.01941528 -0.01960391 -0.01943 1000 0.01247019 0.01249145 0.01229812 0.01212512 0.0117821 1000
120 0.36 -4 0.7 0 -0.01891195 -0.01848195 -0.01826601 -0.01844424 -0.02130415 1000 0.01355678 0.01426371 0.01416694 0.01371994 0.01248361 1000
121 0.6999999 4 0.8 0 -0.01841455 -0.01830895 -0.01806068 -0.0186717 -0.01862808 1000 0.01339903 0.01354906 0.01372031 0.01328258 0.01322849 1000
122 0.26 5.5 0.7 0 -0.02049027 -0.01999362 -0.01928508 -0.01884689 -0.01865442 1000 0.01289241 0.01305449 0.01339362 0.01314441 0.01326919 1000
123 0.26 -4.75 0.8 0 -0.01653952 -0.01603158 -0.01573379 -0.01466319 -0.01398456 1000 0.01448142 0.01460468 0.01456188 0.01531765 0.01532259 1000
124 0.16 -5.5 0.4 0 -0.0143617 -0.01492179 -0.01537774 -0.01563504 -0.01611458 1000 0.01588084 0.0157613 0.01593965 0.01562226 0.01522688 1000
125 0.02 -4 0.5 1 -0.01715931 -0.01684729 -0.01646675 -0.01606727 -0.01598057 1000 0.0153517 0.01587848 0.01575614 0.01565899 0.01552503 1000
126 0.22 -4.75 0.6 -1 -0.01432435 -0.01453304 -0.0141377 -0.0142457 -0.01345742 1000 0.01666824 0.01706427 0.01703192 0.01683946 0.01750713 1000
127 0.02 4 1 0 -0.009629254 -0.009315343 -0.008889871 -0.008984694 -0.008506029 1000 0.02035974 0.02078062 0.02079373 0.0209916 0.02129569 1000
128 0.02 -4 0.5 0 -0.008054833 -0.008247235 -0.008928248 -0.008761731 -0.009075883 1000 0.02131373 0.02129613 0.02087667 0.02066244 0.02045222 1000
129 0.6199999 5.5 0.7 1 -0.01115378 -0.01088349 -0.01105807 -0.01121069 -0.01126849 1000 0.01909807 0.01917541 0.01885515 0.01869419 0.01852385 1000
130 0.36 -4.75 0.6 0 -0.01074571 -0.01128525 -0.01181695 -0.01231231 -0.01237586 1000 0.01897402 0.01891122 0.01817113 0.01803961 0.01738411 1000
131 0.56 5.5 0.4 0 -0.01029025 -0.01070026 -0.01114137 -0.01170408 -0.01183818 1000 0.01669405 0.01737424 0.01776287 0.01828743 0.0191871 1000
132 0.18 -4 0.3 0 -0.01087425 -0.01073613 -0.01314638 -0.01774125 -0.02205455 1000 0.0185181 0.02068446 0.01645176 0.004403203 -0.01331835 1000
133 0.38 4 0.6 -1 -0.006668786 -0.01505378 -0.02844128 -0.03252089 -0.03233963 1000 0.002298361 0.01039328 0.02937032 0.05731167 0.08348802 1000
134 0.8399997 -5.5 0.7 -1 -0.005428051 -0.0110879 -0.02718068 -0.03196492 -0.03367899 1000 0.02908378 0.03161157 0.01914327 0.00685116 -0.009483156 1000
135 1.239999 5.5 0.9 0 0.008550265 -0.01017027 -0.02467266 -0.03590278 -0.03937113 1000 0.005799965 0.009051204 0.001243587 -0.00189301 0.0133678 1000
136 0.32 -4.75 0.6 0 -0.02513435 -0.02512113 -0.02834319 -0.03298248 -0.03717276 1000 0.007505151 -0.01627206 -0.03902431 -0.05035457 -0.06874107 1000
137 0.4800001 5.5 0.5 0 -0.01441393 -0.02260149 -0.03171635 -0.03627783 -0.04301704 1000 -0.0007149149 0.01462846 0.02512834 0.02164689 0.04217561 1000
138 0.58 4.75 0.4 0 -0.02372682 -0.02526012 -0.0327398 -0.0416031 -0.04607289 1000 -0.02052768 -0.01892085 -0.01238235 -0.01288755 -0.009769681 1000
139 0.8399997 4.75 0.6 1 -0.009419466 -0.01569548 -0.03457198 -0.04675557 -0.04493444 1000 0.009228922 0.007455248 0.002480647 -0.01300601 -0.01790957 1000
140 0.42 5.5 0.5 0 -0.02322646 -0.02826162 -0.03754022 -0.04366251 -0.04224561 1000 -0.008529719 -0.001360743 0.006550173 0.001684172 -0.001290645 1000
141 0.6599999 -5.5 0.6 0 -0.0182405 -0.001231576 -0.0009562111 -0.01471525 -0.02312001 1000 0.006036567 0.006120603 0.004947466 0.00123771 -0.01861319 1000
142 0.7199998 4 0.6 0 -0.0105471 -0.01001712 -0.007944551 -0.009720604 -0.0184998 1000 0.01800537 0.02045681 0.01754751 0.01133156 0.01586303 1000
143 0.6799999 -4 0.7 -1 0.002223518 -0.006160611 -0.01709504 -0.03275125 -0.03970379 1000 -0.01648503 -0.008924707 -0.0007360652 -0.003104159 -0.01892927 1000
144 0.3 4.75 0.3 0 -0.01652167 -0.03302095 -0.05478558 -0.06165735 -0.05623266 1000 0.008282256 0.01105555 0.01326714 0.01963869 0.02683719 1000
145 0.9999996 -5.5 0.6 -1 -0.02216299 -0.02157666 -0.02199415 -0.02392364 -0.02369891 1000 -0.008308133 -0.009343738 -0.008457202 -0.007695805 -0.008135548 1000
146 0.02 4 0.4 0 -0.02979497 -0.03619848 -0.03285566 -0.03053002 -0.02954364 1000 -0.02233309 -0.02686682 -0.03043154 -0.02859359 -0.02053911 1000
147 0.54 -4.75 0.5 0 -0.01797715 -0.01693553 -0.01558245 -0.01567617 -0.01700802 1000 0.02214649 0.02220427 0.02041309 0.01595412 0.008660793 1000
148 0.58 -4.75 0.5 0 -0.02295899 -0.02301865 -0.02297424 -0.02389034 -0.02404308 1000 0.02401421 0.02479394 0.02420856 0.02375201 0.01631995 1000
149 0.6599999 4.75 0.6 1 -0.01935042 -0.01902621 -0.01995334 -0.0219647 -0.02356757 1000 -0.00194656 0.003605467 0.006127392 0.01321837 0.02202344 1000
150 0.09999999 -5.5 1 0 -0.01620954 -0.01746792 -0.01828841 -0.01704666 -0.0159415 1000 -0.01020783 -0.01106247 -0.0119898 -0.01231065 -0.01375856 1000
151 0.4 -4 0.6 1 -0.01071233 -0.00971959 -0.007152556 -0.006755403 -0.006768631 1000 -0.01829798 -0.01558497 -0.01510521 -0.01579684 -0.01555428 1000
152 0.6399999 -5.5 0.5 1 -0.008642459 -0.009075969 -0.008363374 -0.008194041 -0.008246727 1000 -0.01031824 -0.0103355 -0.009965858 -0.01031804 -0.01072324 1000
153 0.8599997 5.5 1 0 -0.01011965 -0.01070993 -0.01079884 -0.01091062 -0.01037916 1000 -0.0055951 -0.005179885 -0.004834117 -0.004754242 -0.003949239 1000
154 1.179999 4.75 0.8 0 -0.00868318 -0.008668745 -0.007992028 -0.008122955 -0.008105837 1000 -0.002625958 -0.003227265 -0.002828531 -0.003088925 -0.003241583 1000
155 0.9399996 -4 1 0 -0.01367807 -0.01348263 -0.01294446 -0.01269939 -0.01232715 1000 -0.005263526 -0.005371405 -0.004909012 -0.005060519 -0.005345264 1000
156 0.22 -4 0.2 0 -0.01129816 -0.01117522 -0.01130321 -0.01046755 -0.009832073 1000 -0.005228811 -0.004735117 -0.00553978 -0.005377354 -0.004518091 1000
157 0.14 -4 0.7 0 -0.01104187 -0.01149902 -0.01257306 -0.01260563 -0.0125473 1000 -0.005887866 -0.006182343 -0.006417498 -0.006396539 -0.006678208 1000
158 0.08 -5.5 0.5 -1 -0.01028373 -0.009116064 -0.008290853 -0.007886764 -0.007466235 1000 -0.004735997 -0.00396399 -0.003170306 -0.003031672 -0.003075514 1000
159 0.02 4.75 0.7 0 -0.003837019 -0.003773438 -0.003457695 -0.002961417 -0.001995225 1000 -0.001304147 -0.001139221 -0.0006437582 -0.0007419148 -0.0004855041 1000
160 0.7799998 -5.5 0.3 0 0.00125338 0.0009039563 0.001642132 0.001645602 0.001381084 1000 0.0004673564 -0.0001906652 1.86776E-05 -2.806378E-05 -0.0002004638 1000
161 0.6799999 -4.75 0.7 0 0.001011946 0.001649876 0.001773838 0.002448473 0.002532674 1000 -0.0009644924 -0.0008633321 -0.0009572271 -0.0006905563 -0.001251077 1000
162 0.06 4 0.1 0 0.007584839 0.007021537 0.007261684 0.007869756 0.007646043 1000 0.0004171096 -0.0002652371 -0.0003895414 0.0002233095 0.0002865448 1000
163 0.34 -4.75 0.6 1 0.005396691 0.005522396 0.005261856 0.005856642 0.00580552 1000 -0.001011862 -0.001189185 -0.001287461 -0.0006587555 -0.0005044288 1000
164 0.02 -4.75 0.1 0 0.01233002 0.01314674 0.01381754 0.01461947 0.01477188 1000 0.002507929 0.002648434 0.00302743 0.003603245 0.003926737 1000
165 2.059999 -4 0.7 -1 0.02055879 0.02140632 0.02245682 0.02371104 0.02378706 1000 0.007021112 0.008093415 0.008305612 0.008746738 0.009010818 1000
166 1.339999 -4.75 1 0 0.01596177 0.01522227 0.01513027 0.01471092 0.01539666 1000 0.004447915 0.004708139 0.004693792 0.003786185 0.003971395 1000
167 0.7199998 4.75 0.6 1 0.01411788 0.01471725 0.01478735 0.0147702 0.01505278 1000 0.00133877 0.00224004 0.002585866 0.002600987 0.002690206 1000
168 0.8399997 4.75 0.7 1 0.01436053 0.01432773 0.01466284 0.01496373 0.01534676 1000 0.003929757 0.003652569 0.003778619 0.003292673 0.002489167 1000
169 0.9399996 -4 0.9 0 0.0124173 0.01278954 0.0129992 0.01298828 0.0133096 1000 0.001261683 0.002105537 0.002154129 0.001877195 0.001995546 1000
170 0.8399997 5.5 0.9 0 0.01577061 0.01570848 0.01544828 0.01524357 0.01582832 1000 0.003234443 0.00309853 0.002927767 0.002302813 0.002816733 1000
171 0.38 -5.5 0.3 0 0.01346886 0.01358155 0.01385013 0.01371848 0.01412947 1000 0.001920506 0.001874217 0.001803663 0.001774735 0.002346697 1000
172 0.3 -4 1 0 0.01730129 0.0171033 0.01703984 0.01655068 0.01664989 1000 0.003624365 0.003165472 0.003111588 0.002789213 0.0027462 1000
173 1.379999 -5.5 0.6 1 0.01624766 0.0162147 0.01595278 0.01594925 0.01567221 1000 0.001071889 0.001237042 0.001097088 0.001090945 0.00141006 1000
174 0.38 -4 0.9 0 0.02333862 0.02338745 0.02315535 0.02373747 0.02376444 1000 0.004748512 0.00464645 0.004820775 0.004772372 0.004152484 1000
175 1.06 -4.75 1 0 0.02239329 0.02015219 0.01971246 0.01967701 0.02064184 1000 0.002141647 0.002157381 0.002286561 0.00208977 0.002346828 1000
176 1.159999 4.75 0.7 -1 0.01880717 0.0187099 0.01918039 0.01897727 0.01900555 1000 0.002496898 0.002494885 0.003080183 0.002435813 0.002276697 1000
177 1.1 -4 0.7 1 -0.002242736 -0.001871156 -0.001609814 -0.000776022 0.0006490147 1000 -0.003171362 -0.002223074 -0.002149877 -0.002439945 -0.001350697 1000
178 0.02 -4 0.7 0 -0.001879584 -0.002041244 -0.001827636 -0.0008891618 -0.0008117551 1000 -0.003336621 -0.003374409 -0.003241506 -0.003512312 -0.00346833 1000
179 0.02 4 0.7 -1 0.0002189986 -0.0002838847 0.0002181094 0.0008883873 0.0004720825 1000 -0.002692915 -0.002987125 -0.003005486 -0.002337392 -0.00259501 1000
180 0.02 -5.5 0.6 -1 0.0005284397 0.0006392581 0.0004975425 -0.002403941 -0.006484282 1000 -0.002034648 -0.00216274 -0.001903769 -0.001697972 -0.002388673 1000
181 0.02 -4.75 0.9 0 -0.0001834195 -0.001743635 -0.00251134 -0.003417539 -0.003063974 1000 -0.001615351 -0.001015342 -0.0007862517 -0.0004084485 -0.0001791585 1000
182 0.02 5.5 0.8 0 -0.005448982 -0.004778191 -0.004352096 -0.003852006 -0.00364428 1000 -0.001134881 -0.0005991434 -0.0005153718 -0.0008553619 -0.0009894709 1000
183 0.9799996 4.75 0.8 0 -0.002673828 -0.002993189 -0.002796428 -0.003440273 -0.003192962 1000 -0.0002818858 -0.0001523714 -1.229298E-05 -0.0003604846 -0.0003008905 1000
184 0.34 5.5 0.3 0 -0.006421848 -0.006694172 -0.006163127 -0.006268612 -0.005807633 1000 -0.002106332 -0.001852293 -0.001760602 -0.001898073 -0.001106632 1000
185 0.6 5.5 0.6 1 -0.005175917 -0.005197464 -0.004960363 -0.005058612 -0.005593081 1000 -0.0002401178 -9.467542E-05 -0.0002123837 -0.0001692289 -2.510094E-05 1000
186 0.6599999 4 0.7 1 -0.007201563 -0.008178802 -0.00989925 -0.009967123 -0.01043934 1000 -0.001621875 -0.001406839 -0.001671111 -0.001748554 -0.002061209 1000
187 0.02 -4 0.6 0 -0.007465053 -0.00748037 -0.007729183 -0.007219731 -0.005893718 1000 0.001177498 0.001338702 0.0008837546 0.001203239 0.001876018 1000
188 0.02 -4.75 0.8 0 -0.005567685 -0.004762397 -0.004943884 -0.005298621 -0.006109905 1000 0.002681827 0.00290359 0.002434906 0.00202419 0.001560619 1000
189 0.3 -4.75 0.5 1 -0.008303905 -0.008998178 -0.00937013 -0.009369897 -0.009393554 1000 0.0002488568 0.0001729105 -0.00036358 -0.0003966387 -0.0007380079 1000
190 0.8199998 -4.75 0.7 1 -0.00917438 -0.009627178 -0.009813942 -0.01052207 -0.01038005 1000 0.001017214 0.001333213 0.001140125 0.001121691 0.001220768 1000
191 0.7999998 5.5 0.8 0 -0.01327897 -0.01374655 -0.01385765 -0.01416024 -0.01406204 1000 -0.0006615531 -0.000373123 -0.0001716561 -0.0004809987 -0.0006415867 1000
192 0.24 5.5 0.5 -1 -0.01179939 -0.01231914 -0.01203314 -0.01202292 -0.01063424 1000 0.001442382 0.001836941 0.001974708 0.001755328 0.002674277 1000
193 0.8999997 5.5 0.9 0 -0.008214231 -0.008448411 -0.008901236 -0.009866613 -0.009824682 1000 0.005636845 0.005793434 0.005517142 0.005492833 0.005441194 1000
194 0.02 4.75 0.4 0 -0.002088693 -0.000914357 -0.001555213 -0.001765767 -0.002216441 1000 0.01102367 0.01156205 0.01142731 0.0110709 0.01092734 1000
195 0.9999996 4 0.6 0 -0.005890311 -0.005496241 -0.005663699 -0.006052786 -0.00648586 1000 0.009332735 0.009357016 0.009528947 0.00902366 0.008134768 1000
196 0.8599997 5.5 0.9 0 -0.01271903 -0.01252241 -0.01256056 -0.01194865 -0.01168314 1000 0.005894131 0.00624877 0.005973508 0.006417249 0.006809006 1000
197 0.16 -4 0.1 0 -0.01053618 -0.0103993 -0.01022479 -0.01002691 -0.01053546 1000 0.00794416 0.007906296 0.008022266 0.007803022 0.006881672 1000
198 1.12 -4 0.7 0 -0.01468984 -0.01456283 -0.0147054 -0.01444298 -0.01445515 1000 0.006616283 0.007177921 0.007125158 0.006845362 0.006657089 1000
199 0.06 -4 0.7 0 -0.01193738 -0.01200074 -0.01112113 -0.01089275 -0.01080484 1000 0.009091292 0.009255061 0.009949598 0.009829544 0.009958367 1000
200 0.02 -5.5 0.5 1 -0.01633946 -0.01534999 -0.01394706 -0.01312759 -0.01352014 1000 0.00962558 0.009680435 0.009664426 0.009515508 0.009554466 1000
201 0.02 -4 0.3 0 -0.0130384 -0.01294622 -0.01335224 -0.01336178 -0.01347504 1000 0.01029695 0.01047776 0.01050656 0.01060753 0.01074032 1000
202 0.02 -4.75 0.5 1 -0.01159319 -0.01209826 -0.01188739 -0.01207981 -0.01199771 1000 0.01154491 0.0113238 0.01162655 0.01095401 0.01057207 1000
203 0.02 5.5 0.5 -1 -0.01357826 -0.01394985 -0.01381661 -0.01462937 -0.0152966 1000 0.01220302 0.01432609 0.01247713 0.01201037 0.01303916 1000
204 0.02 4.75 0.6 1 -0.01478614 -0.0137729 -0.01338061 -0.0119754 -0.01142616 1000 0.01365386 0.01383284 0.01402851 0.01457356 0.01445041 1000
205 0.02 4.75 0.7 1 0.0001535764 0.0004597659 0.001223487 0.002755245 0.003915528 1000 0.01552044 0.01628289 0.01709302 0.01878524 0.02163121 1000
206 0.02 4 0.3 0 0.006500929 0.005531123 0.004350858 0.003569361 0.003053216 1000 0.02455796 0.02477838 0.02439208 0.02406738 0.023825 1000
207 0.7399998 -5.5 0.8 0 1.371203E-05 -4.840919E-05 -0.0006067508 -0.0006381242 -0.001376411 1000 0.02228875 0.02188711 0.02190857 0.02192538 0.02138115 1000
208 0.54 5.5 0.7 0 -0.00432008 -0.005543208 -0.005961747 -0.00627719 -0.006403254 1000 0.01959889 0.01917653 0.01883533 0.01879624 0.01898001 1000
209 0.8599997 5.5 0.7 1 -0.008109081 -0.007233193 -0.007569178 -0.007666939 -0.008360231 1000 0.01880739 0.01944708 0.01909111 0.01910833 0.01893575 1000
210 0.02 5.5 0.6 0 -0.0112873 -0.01202708 -0.01317536 -0.01348228 -0.01329606 1000 0.01575132 0.0159582 0.01585659 0.01613699 0.01639896 1000
211 0.4600001 -4 0.5 1 -0.01333441 -0.01286466 -0.01310097 -0.01288846 -0.01252647 1000 0.01732051 0.01816224 0.01792614 0.01772927 0.01762155 1000
212 0.38 -4.75 0.6 0 -0.01232189 -0.01291104 -0.01237728 -0.01212807 -0.0127134 1000 0.0191705 0.01840739 0.01852182 0.0182418 0.01775699 1000
213 0.7199998 4 0.5 1 -0.01656086 -0.01660034 -0.01708308 -0.0165474 -0.01558146 1000 0.01745334 0.01800663 0.01801357 0.01808911 0.01856483 1000
214 0.02 -4.75 0.7 -1 -0.01322822 -0.01332139 -0.01267743 -0.01240685 -0.0127514 1000 0.01947745 0.01915435 0.01934427 0.01950772 0.0190756 1000
215 0.02 4 0.5 0 -0.01042224 -0.01112067 -0.01205284 -0.01316621 -0.01376611 1000 0.01905435 0.01903448 0.01866257 0.01819463 0.01827684 1000
216 0.02 -5.5 0.6 -1 -0.01423907 -0.01402576 -0.01395012 -0.01321391 -0.01261721 1000 0.01849456 0.01908175 0.01901536 0.01917732 0.01994508 1000
217 0.02 4 0.5 1 -0.01098218 -0.009957983 -0.009564854 -0.009566666 -0.009785239 1000 0.02084655 0.02172158 0.02172709 0.02202093 0.0220573 1000
218 0.02 -5.5 0.3 0 -0.007041148 -0.007551436 -0.007671684 -0.007902337 -0.007225887 1000 0.0242267 0.02417007 0.02446304 0.02397308 0.023904 1000
219 2.979998 -5.5 0.6 0 0.008624416 0.007139223 0.004836009 0.002165639 -0.0009933712 1000 0.01867897 0.01062901 0.003832672 -0.006042638 -0.01915668 1000
220 0.6799999 4 0.7 1 -0.00745718 -0.01096994 -0.01563392 -0.0198804 -0.02380232 1000 -0.0111961 -0.004708942 -0.001659791 0.004864264 0.03126916 1000
221 0.4800001 4.75 0.4 0 -0.01657155 -0.02106913 -0.02530237 -0.02869266 -0.0271475 1000 0.006945837 0.0092851 0.004736431 -0.002648703 0.01042743 1000
222 0.7599998 -5.5 0.7 0 -0.01105785 -0.01236973 -0.01567222 -0.02831366 -0.04335058 1000 -0.01096633 -0.004498236 -0.002903507 -0.005825883 -0.02956107 1000
223 0.3 5.5 0.1 0 -0.0248741 -0.02497102 -0.02186402 -0.02473225 -0.0246679 1000 -0.01199213 -0.01847778 -0.01701157 -0.001908807 0.02472544 1000
224 0.56 4.75 0.7 0 -0.01606937 -0.02525791 -0.02856684 -0.03253863 -0.03408605 1000 -0.01252768 -0.005607809 -0.004369535 -0.003534561 0.03948754 1000
225 0.6399999 4.75 0.7 -1 -0.01243842 -0.01686977 -0.02006157 -0.02251941 -0.02433768 1000 0.01915405 0.01131561 0.001353859 -0.009774352 -0.01720043 1000
226 0.7599998 4 1 0 -0.01922489 -0.01882179 -0.01891378 -0.01854686 -0.01875571 1000 -0.00197011 -0.001973946 -0.002579984 -0.002694794 -0.00243255 1000
227 0.7999998 -4.75 0.5 -1 -0.02116375 -0.02117441 -0.02096601 -0.0204342 -0.01996268 1000 0.000432337 0.0006087344 0.0005311846 -0.0001327706 0.0001228183 1000
228 0.6199999 -4.75 0.6 1 -0.02130716 -0.02095137 -0.02138071 -0.02160332 -0.02212704 1000 -3.694293E-05 0.0008174892 0.0001761686 -0.0005773471 -0.0007809682 1000
229 0.5000001 -4.75 0.4 0 -0.0235388 -0.02383827 -0.02501371 -0.02516876 -0.02568203 1000 0.01274315 0.01334466 0.01266433 0.01248959 0.01070383 1000
230 0.54 -4 0.4 0 -0.02479149 -0.02564579 -0.02606048 -0.02655211 -0.02656695 1000 0.008912434 0.009334333 0.009646127 0.009185914 0.008575672 1000
231 0.8999997 4 0.7 0 -0.02456084 -0.02421637 -0.02441892 -0.02425797 -0.02411801 1000 0.007044367 0.006883376 0.006515961 0.006961425 0.00745584 1000
232 0.7799998 -4 0.6 0 -0.02060197 -0.01804532 -0.01814608 -0.0186786 -0.01961816 1000 0.006556754 0.006424804 0.004671026 0.003672085 0.003795997 1000
233 0.9999996 -4.75 0.6 0 -0.0239732 -0.02300795 -0.02243418 -0.02248914 -0.02193646 1000 0.004453934 0.004290567 0.004191517 0.003640805 0.003832226 1000
234 0.7599998 4 0.9 0 -0.02368716 -0.02439398 -0.02470099 -0.02372659 -0.02339226 1000 0.004065637 0.004129772 0.004014124 0.004089329 0.004135665 1000
235 0.28 5.5 0.3 0 -0.01887999 -0.01919795 -0.01816783 -0.01755318 -0.01777447 1000 0.005856668 0.005394373 0.005873445 0.006166351 0.006252608 1000
236 3.159998 -4.75 0.9 0 -0.0191501 -0.0197401 -0.01947709 -0.0203356 -0.02026381 1000 0.005941843 0.005911466 0.006152537 0.005672477 0.005833075 1000
237 0.7999998 -4 0.5 -1 -0.01893799 -0.01993166 -0.02045997 -0.02057143 -0.01958208 1000 0.007365077 0.007111692 0.006919036 0.006859111 0.007157593 1000
238 0.5000001 4 0.2 0 -0.01835426 -0.01858935 -0.01788871 -0.01679492 -0.0169074 1000 0.007755831 0.007135393 0.007184024 0.007437881 0.007320708 1000
239 0.7799998 4 0.6 0 -0.02052209 -0.02090051 -0.01969454 -0.01869748 -0.01858342 1000 0.007363227 0.007093113 0.007219168 0.007510041 0.007811424 1000
240 0.9799996 4.75 0.5 1 -0.01360502 -0.01361216 -0.01356915 -0.01352333 -0.01373417 1000 0.01314556 0.01354521 0.01382081 0.01488946 0.01578443 1000
241 0.6599999 -5.5 0.9 0 -0.00963662 -0.008953888 -0.008483962 -0.008670359 -0.008312279 1000 0.02160935 0.0176909 0.01722929 0.01782667 0.01700528 1000
242 0.38 -4.75 0.7 1 -0.008906926 -0.008497366 -0.008439112 -0.008302106 -0.008858641 1000 4.236011E-05 0.002130234 0.004838768 0.006274693 0.005401019 1000
243 0.26 4 0.1 0 -0.01134221 -0.01169753 -0.01175703 -0.01191382 -0.01167507 1000 0.007132885 0.007092999 0.006950032 0.006887918 0.007476328 1000
244 0.14 4.75 0.5 0 -0.009102585 -0.008844846 -0.007903687 -0.007557123 -0.007242722 1000 0.007510578 0.007137944 0.007951912 0.008080061 0.008114801 1000
245 0.02 -4 0.6 -1 -0.004380357 -0.004548116 -0.004941714 -0.005690492 -0.005797942 1000 0.01347478 0.01337391 0.01311516 0.01326375 0.01337528 1000
246 0.02 -5.5 0.7 1 -0.006405124 -0.006500255 -0.006111547 -0.005853069 -0.005257465 1000 0.01394617 0.01419513 0.01371813 0.01358585 0.01426452 1000
247 0.02 -4.75 0.7 -1 -0.002327315 -0.001393665 -6.752912E-05 0.0006303468 0.001724419 1000 0.01528654 0.0157619 0.01645469 0.01642108 0.01671849 1000
248 0.02 -5.5 0.6 1 0.008643252 0.01014237 0.0118939 0.01328386 0.01563811 1000 0.02054533 0.02241059 0.02391427 0.02475999 0.02533763 1000
249 0.36 -5.5 0.4 0 0.01316972 0.01326839 0.01312941 0.01255677 0.01116119 1000 0.02462988 0.02444497 0.02495651 0.0249068 0.0248282 1000
250 0.38 4.75 0.7 -1 -0.006551201 -0.006378279 -0.006457706 -0.007063201 -0.006391048 1000 0.0170545 0.0178078 0.01694131 0.01727206 0.01689714 1000
251 0.4600001 -4 0.6 -1 -0.006252661 -0.006092395 -0.006089498 -0.005377994 -0.005572889 1000 0.01675959 0.01673108 0.01649287 0.01646638 0.0159792 1000
252 0.7199998 4 0.7 -1 -0.008688439 -0.008943666 -0.008496384 -0.008753973 -0.008306147 1000 0.01486037 0.01520607 0.01517315 0.01549022 0.01578776 1000
253 0.28 4 0.3 0 -0.008659115 -0.008565906 -0.008541263 -0.00841891 -0.00866235 1000 0.01289954 0.01301738 0.0127312 0.01249964 0.012508 1000
254 0.22 -4.75 0.2 0 -0.008133727 -0.00908287 -0.009891028 -0.00924034 -0.009089747 1000 0.0118464 0.01205126 0.01161273 0.01160031 0.01155183 1000
255 0.32 4 0.5 -1 -0.009513982 -0.009987564 -0.00922729 -0.008839725 -0.00892203 1000 0.01396577 0.01389653 0.01429943 0.01452301 0.01439307 1000
256 0.56 -4 0.3 0 -0.01174547 -0.01226631 -0.01202182 -0.01246813 -0.01221382 1000 0.01298124 0.01275859 0.01231906 0.01189753 0.01179901 1000
257 0.9199997 4 0.7 0 -0.01324687 -0.01264238 -0.01249147 -0.01138987 -0.01089359 1000 0.01332767 0.01389362 0.01351735 0.01383547 0.01409201 1000
258 1.399999 4.75 0.7 0 -0.0130151 -0.0136782 -0.01433086 -0.01547227 -0.01506908 1000 0.0121266 0.01196266 0.01196143 0.01198983 0.01200864 1000
259 0.14 -4.75 0.1 0 -0.01530858 -0.01599859 -0.01562737 -0.01600309 -0.01549831 1000 0.01273536 0.01307791 0.01299705 0.01228055 0.0125175 1000
260 1.479999 -4 0.9 0 -0.01796363 -0.01857005 -0.01922 -0.02005714 -0.02055548 1000 0.01215072 0.01222349 0.01195112 0.01156989 0.01128084 1000
261 2.319999 4 0.5 0 -0.01813517 -0.01886407 -0.0188485 -0.01913689 -0.01814206 1000 0.01135145 0.01145483 0.01136535 0.01127944 0.01150811 1000
262 0.52 -4.75 0.6 0 -0.01560135 -0.01525038 -0.0158074 -0.01596583 -0.01598418 1000 0.01148883 0.01206378 0.01168294 0.01163338 0.0114682 1000
263 1.02 -5.5 0.5 1 -0.01953142 -0.01931199 -0.02003477 -0.0209563 -0.02208634 1000 0.01060382 0.01118603 0.01076302 0.01077339 0.01027992 1000
264 1.819999 -4.75 1 0 -0.01937366 -0.0192318 -0.01802456 -0.01746134 -0.01733741 1000 0.0113067 0.01111336 0.01176167 0.0117009 0.01171647 1000
265 0.02 -5.5 0.4 0 -0.01159865 -0.010662 -0.01097331 -0.01048416 -0.01068053 1000 0.02072989 0.02106491 0.02180732 0.02195208 0.02120088 1000
266 0.02 -5.5 0.7 -1 -0.007777297 -0.007393485 -0.006844182 -0.005767727 -0.005056527 1000 0.02207831 0.02170562 0.02155582 0.02245344 0.02221732 1000
267 0.09999999 -4 0.8 0 -0.003010656 -0.001988289 -0.001659894 -0.001269619 -0.0006944169 1000 0.02262366 0.02286526 0.0231392 0.02310626 0.02323928 1000
268 0.02 -5.5 0.1 0 0.005068951 0.003363145 0.001861825 0.0001102997 -0.001021122 1000 0.0242655 0.02397745 0.02257037 0.0215542 0.02128531 1000
269 1.339999 -4.75 0.7 0 -0.002559284 -0.002222984 -0.001564873 -0.001840702 -0.001840746 1000 0.01971293 0.01992938 0.02029683 0.01987862 0.01972219 1000
270 0.32 -4.75 0.5 0 -0.01026895 -0.01119028 -0.01101067 -0.011403 -0.0105464 1000 0.01352708 0.01353525 0.01342255 0.01364825 0.01420395 1000
271 0.6799999 4.75 0.5 0 -0.008632128 -0.008183084 -0.008219834 -0.0083004 -0.008793928 1000 0.01798741 0.01910032 0.0192084 0.01939094 0.01974598 1000
272 1.04 5.5 0.5 0 -0.0177621 -0.0153831 -0.01369918 -0.01368861 -0.01402502 1000 0.01130001 0.01130107 0.01081553 0.01044643 0.01166235 1000
273 0.7999998 -5.5 0.6 1 -0.01304784 -0.01291394 -0.0117315 -0.01155033 -0.01138593 1000 0.007083783 0.007539177 0.008218773 0.007661389 0.007664244 1000
