trial Response_Time velH Occlusion_Duration velH_Subject xRotations_first0 xRotations_first1 xRotations_first2 xRotations_first3 xRotations_first4 xRotations_first5 yRotations_first0 yRotations_first1 yRotations_first2 yRotations_first3 yRotations_first4 yRotations_first5
1 1.579999 5.5 1 0 0.007345155 0.00671378 0.007601433 0.009630345 0.01253287 1000 -0.0145068 -0.008132313 -0.00216381 0.002908804 0.01058621 1000
2 0.8399997 -4 0.5 -1 0.01399347 0.01386114 0.01443171 0.01426328 0.01401897 1000 -0.001597922 -0.001921841 -0.002933147 -0.00308764 -0.004028107 1000
3 0.4400001 5.5 0.2 0 0.01284376 0.01288682 0.01274362 0.01286243 0.01357876 1000 -0.01313435 -0.01396877 -0.01376041 -0.01374664 -0.01331953 1000
4 0.6 5.5 0.4 0 0.01277879 0.01284392 0.01231886 0.01264883 0.01260936 1000 -0.01416477 -0.014533 -0.01479558 -0.01491788 -0.01472143 1000
5 0.9999996 4.75 0.6 -1 0.01174516 0.01233285 0.01239963 0.01224064 0.01239866 1000 -0.01625214 -0.01657716 -0.01634209 -0.01674601 -0.01671067 1000
6 1.14 5.5 0.6 0 0.01062169 0.01068945 0.01090275 0.0108062 0.01051386 1000 -0.02211083 -0.02221293 -0.02227895 -0.02247856 -0.0224806 1000
7 0.4 4 0.3 0 0.009351144 0.008154256 0.007569888 0.007766089 0.008686125 1000 -0.006757211 -0.004467417 -0.003542729 -0.004766872 -0.006133729 1000
8 0.7199998 4 0.5 1 0.006945354 0.006810545 0.006766899 0.007004363 0.007600504 1000 -0.01085068 -0.01076042 -0.0113771 -0.0111992 -0.01172144 1000
9 0.9199997 -5.5 0.4 0 0.007160288 0.007445063 0.007083242 0.007509125 0.007929355 1000 -0.01538058 -0.01593752 -0.01605255 -0.01632717 -0.01647259 1000
10 1.419999 4 1 0 0.005585394 0.00599669 0.006567813 0.005942291 0.00596337 1000 -0.01715234 -0.01771155 -0.01805061 -0.01799057 -0.01776723 1000
11 0.9599996 4 0.7 1 0.005154008 0.005542018 0.005818436 0.006006651 0.006017454 1000 -0.01872283 -0.01901072 -0.0189568 -0.01933482 -0.0193655 1000
12 1.219999 4.75 0.7 0 0.005450423 0.005006257 0.005621137 0.00568036 0.005535815 1000 -0.02043037 -0.02038161 -0.02040992 -0.02025872 -0.0203226 1000
13 1.599999 5.5 1 0 0.004437808 0.004174641 0.004150978 0.004453507 0.005124757 1000 -0.01950517 -0.01902492 -0.02000348 -0.02011568 -0.02062629 1000
14 1.259999 -5.5 0.7 0 0.004755516 0.004566679 0.004595082 0.005340648 0.005667324 1000 -0.02099006 -0.02120339 -0.02120916 -0.02089121 -0.02099912 1000
15 0.7599998 5.5 0.6 0 0.006169927 0.005655704 0.00486362 0.005177054 0.005266477 1000 -0.01839332 -0.01621324 -0.01465113 -0.01475245 -0.01530181 1000
16 0.52 4 0.5 1 0.005040687 0.0052474 0.005787953 0.005793204 0.005630816 1000 -0.01511967 -0.01557384 -0.01540968 -0.01563227 -0.01593523 1000
17 1.279999 4 0.8 0 0.006341596 0.005823259 0.006468507 0.006323377 0.006097357 1000 -0.01665582 -0.01624556 -0.01631529 -0.0162068 -0.01658189 1000
18 0.2 -4.75 0.1 0 0.005768248 0.005819256 0.005791572 0.005357891 0.005978045 1000 -0.01465951 -0.01461644 -0.01488755 -0.01542819 -0.01580944 1000
19 0.6999999 4 0.5 1 0.006181356 0.006614461 0.006685705 0.006021058 0.006254891 1000 -0.0173865 -0.01733934 -0.01764368 -0.01792744 -0.01776058 1000
20 0.8599997 4.75 0.5 1 0.006109528 0.006142629 0.006646688 0.006713826 0.006129064 1000 -0.01764862 -0.01797311 -0.01778073 -0.01821985 -0.0185644 1000
21 0.7799998 4.75 0.6 0 0.004645998 0.004674144 0.005427045 0.005467964 0.005325747 1000 -0.01995123 -0.0200541 -0.01980327 -0.01973707 -0.02037899 1000
22 0.22 -4 0.1 0 0.003258586 0.003119403 0.003082791 0.003133512 0.002742543 1000 -0.02224775 -0.02259005 -0.02258194 -0.02321871 -0.02365592 1000
23 0.38 4 0.3 0 0.001547623 0.001714493 0.002275193 0.002878659 0.00313505 1000 -0.0241952 -0.02394372 -0.02339756 -0.02287685 -0.02150542 1000
24 0.38 5.5 0.2 0 0.00749745 0.007895524 0.007381973 0.007329035 0.006899093 1000 -0.01444517 -0.01477554 -0.01515092 -0.01526331 -0.01542661 1000
25 0.6 4 0.5 1 0.007271186 0.00780437 0.00767466 0.007765104 0.007970522 1000 -0.01646058 -0.01655956 -0.01644581 -0.01633178 -0.01675124 1000
26 0.8599997 -5.5 0.6 1 0.007372797 0.00751314 0.008424019 0.008496223 0.008498535 1000 -0.01848309 -0.01849864 -0.01870999 -0.01874117 -0.01933196 1000
27 1.459999 -5.5 0.8 0 0.006577332 0.006689494 0.007049427 0.006847988 0.007106812 1000 -0.02053443 -0.01997442 -0.0199569 -0.02026126 -0.02025309 1000
28 0.26 -5.5 0.2 0 0.005780219 0.005844495 0.006556989 0.007197368 0.007363962 1000 -0.01823733 -0.01858212 -0.01865184 -0.01943022 -0.01986897 1000
29 0.36 -4.75 0.3 0 0.006108654 0.006490917 0.006940639 0.007146478 0.007381162 1000 -0.02094205 -0.02087391 -0.02053847 -0.02065396 -0.02061079 1000
30 1.219999 5.5 0.6 1 0.006551207 0.00685697 0.007443259 0.007298296 0.007617698 1000 -0.02100087 -0.02109252 -0.02118085 -0.0210062 -0.02102563 1000
31 1.199999 -4 0.6 0 0.007157881 0.007044893 0.006920987 0.007180834 0.007254082 1000 -0.02174843 -0.02203958 -0.02222466 -0.02253654 -0.02212498 1000
32 1.359999 -4 0.6 0 0.007173881 0.006666117 0.006981963 0.006612574 0.0061102 1000 -0.02273478 -0.02187928 -0.02174214 -0.02176988 -0.02206532 1000
33 1.499999 -4 0.6 -1 0.007553267 0.007991788 0.008117681 0.007308302 0.007462878 1000 -0.02270404 -0.02259034 -0.02293487 -0.02244948 -0.02283379 1000
34 1.659999 5.5 1 0 0.008487075 0.008443031 0.008287074 0.008474372 0.008316399 1000 -0.02133501 -0.02139398 -0.02158791 -0.02193063 -0.02275784 1000
35 1.02 4.75 0.6 0 0.008313419 0.008495799 0.008614603 0.008916564 0.008383492 1000 -0.02168337 -0.02196508 -0.02194034 -0.02233953 -0.02226983 1000
36 0.6799999 4.75 0.4 0 0.008621664 0.009031144 0.009452679 0.008904718 0.009063489 1000 -0.02310101 -0.0230006 -0.02328093 -0.02301784 -0.0231288 1000
37 0.42 -4.75 0.2 0 0.008445481 0.008813994 0.008773373 0.009309247 0.00993796 1000 -0.02311168 -0.02344029 -0.02303735 -0.02334959 -0.02315328 1000
38 0.16 5.5 0.1 0 0.008799492 0.009216828 0.009652209 0.0101377 0.01049587 1000 -0.02374814 -0.02366691 -0.02316602 -0.02358781 -0.02306018 1000
39 0.7999998 4.75 0.6 0 0.01017663 0.009651246 0.01011785 0.01004671 0.009807731 1000 -0.02357243 -0.02333621 -0.02349119 -0.02301781 -0.02312036 1000
40 0.9399996 -4 0.5 0 0.0101388 0.01051098 0.009699811 0.009626016 0.009827751 1000 -0.02304774 -0.02347453 -0.02365083 -0.0237299 -0.02345949 1000
41 0.8599997 5.5 0.6 -1 0.008750067 0.009280547 0.009098598 0.009232213 0.009480949 1000 -0.02391723 -0.02445452 -0.02441447 -0.02435155 -0.02420884 1000
42 1.739999 -4 0.9 0 0.008842484 0.008408734 0.008836646 0.009250924 0.008777114 1000 -0.02414951 -0.02425232 -0.02384604 -0.02436641 -0.02400754 1000
43 1.14 5.5 0.6 -1 0.01718739 0.01750862 0.01749627 0.01782954 0.01729348 1000 -0.006232827 -0.006919143 -0.006748574 -0.00658134 -0.007053621 1000
44 0.6999999 -4.75 0.5 1 0.01619839 0.01643744 0.01672354 0.0165487 0.01657721 1000 -0.008426008 -0.007354461 -0.008463303 -0.008649688 -0.008788227 1000
45 1.339999 -5.5 0.6 -1 0.01540956 0.01524468 0.0153261 0.01528936 0.01535528 1000 -0.01103408 -0.01129723 -0.01119126 -0.01142561 -0.0115756 1000
46 1.04 5.5 0.7 -1 0.01578806 0.01577429 0.01593653 0.01647202 0.01589093 1000 -0.01376656 -0.01319885 -0.01315805 -0.01379354 -0.01366779 1000
47 1.12 -4 0.7 -1 0.01421545 0.01417711 0.01427798 0.01473587 0.01473785 1000 -0.01366331 -0.01437851 -0.01406835 -0.01455526 -0.01506937 1000
48 1.04 -4 0.7 -1 0.01471984 0.01477512 0.01488762 0.01547354 0.01531787 1000 -0.0141404 -0.014173 -0.01387735 -0.0144076 -0.01441641 1000
49 0.7599998 -4 0.6 -1 0.01666391 0.01656136 0.0165969 0.01597069 0.01566304 1000 -0.0122354 -0.01157326 -0.01229366 -0.01306089 -0.01352693 1000
50 0.36 5.5 0.2 0 -0.0126034 -0.0111422 -0.01097415 -0.01077789 -0.01017409 1000 -0.004093271 -0.004321681 -0.005026341 -0.005303301 -0.005904734 1000
51 0.2 4.75 0.1 0 -0.001595354 -0.0004304533 -0.0001551003 -0.0003867534 -0.0004093855 1000 -0.003352363 -0.002400735 -0.002223008 -0.002179088 -0.002485818 1000
52 0.4600001 -4 0.4 0 0.0001093413 0.0003973069 0.0009964918 0.001796221 0.002280879 1000 -0.005123803 -0.005070751 -0.005577439 -0.005464982 -0.006017558 1000
53 1.1 5.5 0.8 0 0.003301517 0.00370779 0.003560656 0.003778486 0.004038867 1000 -0.007005821 -0.007150069 -0.00725576 -0.007416122 -0.007535692 1000
54 0.6 -4 0.4 0 0.002577805 0.00326095 0.003423254 0.003626822 0.004224263 1000 -0.008690143 -0.009238085 -0.009258449 -0.009625978 -0.009045066 1000
55 0.8599997 4 0.5 0 0.003926185 0.004695951 0.004451384 0.004344583 0.004692167 1000 -0.009530097 -0.009933635 -0.01030403 -0.01012515 -0.009982124 1000
56 0.42 -4.75 0.2 0 0.00446507 0.004957473 0.00487207 0.004260878 0.004663675 1000 -0.01004958 -0.009903442 -0.01047639 -0.0100432 -0.01024308 1000
57 0.6599999 -4.75 0.5 1 0.004749618 0.004537297 0.004360515 0.004867083 0.005300251 1000 -0.01099207 -0.01126827 -0.01118074 -0.01125017 -0.01121771 1000
58 0.7399998 -4.75 0.5 -1 0.004190322 0.004216322 0.004487956 0.004893871 0.004784105 1000 -0.01163821 -0.01219938 -0.01215151 -0.01256882 -0.01247171 1000
59 0.24 5.5 0.1 0 0.003994404 0.004348875 0.004563024 0.004455234 0.004421762 1000 -0.01180826 -0.01177257 -0.01165188 -0.01190983 -0.0115963 1000
60 1.319999 -4.75 0.9 0 0.005003273 0.005039005 0.005419287 0.005663821 0.005649833 1000 -0.01270742 -0.01221753 -0.01209716 -0.01210784 -0.0122263 1000
61 0.16 -4.75 0.1 0 0.004726341 0.004728068 0.005007908 0.005082472 0.005610774 1000 -0.01209237 -0.01172265 -0.01178906 -0.01169988 -0.01189303 1000
62 0.7399998 -4 0.6 1 0.004063583 0.003747615 0.004764111 0.005266918 0.005362517 1000 -0.01252961 -0.01230682 -0.01239089 -0.01238771 -0.01282039 1000
63 0.9999996 5.5 0.5 1 0.005529026 0.006279697 0.006781259 0.006548829 0.006681229 1000 -0.01396364 -0.01388239 -0.01419882 -0.01365812 -0.01359035 1000
64 1.02 4.75 0.6 0 0.006599785 0.00709423 0.007109864 0.007397132 0.00704627 1000 -0.01497042 -0.0151167 -0.01514294 -0.01503454 -0.01506659 1000
65 1.179999 5.5 0.6 1 0.006193978 0.006058673 0.006404254 0.006219448 0.006351672 1000 -0.01538081 -0.0153667 -0.01536862 -0.01529609 -0.01505463 1000
66 1.439999 -4.75 0.9 0 0.005830049 0.005536939 0.005267286 0.005861953 0.005595078 1000 -0.01410397 -0.01460576 -0.0143942 -0.01498182 -0.01529923 1000
67 0.7799998 -5.5 0.4 0 0.005378257 0.004918909 0.005158699 0.005095331 0.005309171 1000 -0.01552634 -0.01495744 -0.01541776 -0.01541307 -0.01583394 1000
68 1.399999 -5.5 0.7 0 0.004238123 0.005009686 0.005282833 0.005129759 0.005673996 1000 -0.01600712 -0.01569679 -0.01649761 -0.01624034 -0.01628818 1000
69 1.199999 -4 0.7 -1 0.00611586 0.005257781 0.00484632 0.005057016 0.006062457 1000 -0.01647067 -0.01596344 -0.01610128 -0.01589803 -0.01681937 1000
70 1.299999 -5.5 0.7 -1 0.005135816 0.005276106 0.005621081 0.005979761 0.005349697 1000 -0.01782702 -0.0178598 -0.01733996 -0.01796957 -0.01794185 1000
71 0.52 -4 0.3 0 0.005394355 0.005505919 0.005141895 0.005435254 0.00576093 1000 -0.01678613 -0.01719596 -0.01711232 -0.01726327 -0.01718435 1000
72 0.58 4 0.4 0 0.005365887 0.005794603 0.006014775 0.005933611 0.005689749 1000 -0.01638778 -0.01619667 -0.01673299 -0.01670123 -0.0170223 1000
73 1.319999 -5.5 0.8 0 0.004818503 0.004684927 0.00508135 0.005482376 0.00562364 1000 -0.01665918 -0.01687453 -0.01664979 -0.01744168 -0.0172167 1000
74 0.7999998 5.5 0.6 0 0.004947984 0.005399684 0.005170075 0.005234089 0.005561789 1000 -0.01802257 -0.01797984 -0.01788323 -0.01803081 -0.01785409 1000
75 0.6399999 4.75 0.5 1 0.005826255 0.005255278 0.0050166 0.005559102 0.005561289 1000 -0.01923445 -0.01919645 -0.01934641 -0.01924095 -0.01937884 1000
76 0.9799996 5.5 0.6 1 0.003350756 0.003273551 0.00346446 0.004205061 0.004321886 1000 -0.01890844 -0.01877779 -0.01846334 -0.01896361 -0.01941333 1000
77 0.8399997 4 0.6 0 0.004724713 0.005118179 0.00455622 0.004186372 0.004175177 1000 -0.01994823 -0.01972405 -0.0197792 -0.01989951 -0.01999658 1000
78 0.52 4.75 0.5 -1 0.004841946 0.004847984 0.00461801 0.005197193 0.005135516 1000 -0.02294393 -0.02275296 -0.02204972 -0.02198296 -0.02167853 1000
79 0.3 -4 0.2 0 0.003938538 0.003924551 0.004396142 0.00491374 0.004884412 1000 -0.02329271 -0.02338575 -0.0237322 -0.02361503 -0.02387544 1000
80 1.219999 -4 0.6 0 0.004339091 0.004047866 0.004780496 0.005024403 0.004344616 1000 -0.02463077 -0.02449821 -0.02416655 -0.02426303 -0.02400725 1000
81 1.359999 -4.75 0.7 0 0.01129445 0.01169854 0.01135159 0.01055308 0.01047125 1000 -0.01165624 -0.01126413 -0.01079358 -0.01067382 -0.01075586 1000
82 1.02 -4.75 0.6 -1 0.0127467 0.01230808 0.01254858 0.01244525 0.01211635 1000 -0.0126759 -0.0128668 -0.01292827 -0.01299046 -0.01324839 1000
83 1.06 4.75 0.7 1 0.01080505 0.01088761 0.01065733 0.01123275 0.01172779 1000 -0.0129702 -0.01287624 -0.0135914 -0.01392003 -0.01430063 1000
84 0.8999997 4.75 0.4 0 0.01052945 0.01102287 0.01136184 0.01078075 0.01119152 1000 -0.0159134 -0.01539047 -0.01587824 -0.01560051 -0.01586735 1000
85 1.06 4.75 0.5 0 0.01048738 0.01066982 0.0105426 0.01066011 0.01070699 1000 -0.01604812 -0.01614656 -0.01625894 -0.01572791 -0.0156103 1000
86 1.06 -4 0.6 1 0.01047627 0.01085219 0.01104245 0.01088073 0.01111512 1000 -0.01579452 -0.01592286 -0.01593419 -0.0163207 -0.01627799 1000
87 1.08 -4.75 0.6 0 0.0113262 0.01083548 0.01068056 0.01124445 0.0113224 1000 -0.0191129 -0.01927039 -0.01934885 -0.01924168 -0.01967728 1000
88 0.8399997 -5.5 0.4 0 0.01265523 0.0126218 0.01298175 0.012528 0.01292878 1000 -0.01921136 -0.01904544 -0.01946166 -0.01926441 -0.01953029 1000
89 0.6799999 5.5 0.3 0 0.01324527 0.0129575 0.01316887 0.01384614 0.0135904 1000 -0.01920513 -0.01928161 -0.01921882 -0.01964573 -0.01987261 1000
90 0.9999996 -4.75 0.6 -1 0.0125076 0.01248101 0.01256197 0.01294694 0.01357474 1000 -0.02007835 -0.02035143 -0.02035773 -0.02109751 -0.02074997 1000
91 1.04 -4 0.6 0 0.01401367 0.01403405 0.01407597 0.01480094 0.01476995 1000 -0.02066706 -0.02082653 -0.02092559 -0.02055044 -0.02087816 1000
92 1.02 -4.75 0.5 1 0.01436323 0.01412397 0.01436647 0.01393325 0.01449521 1000 -0.02143045 -0.02100858 -0.02181048 -0.02172245 -0.02162144 1000
93 1.299999 5.5 0.6 0 0.01586984 0.01588445 0.01620774 0.0155217 0.01562107 1000 -0.0226686 -0.02268377 -0.02316898 -0.02323357 -0.02296925 1000
94 0.9599996 -5.5 0.6 0 0.01457205 0.01464294 0.01489246 0.01511845 0.01517022 1000 -0.02359706 -0.02390901 -0.02394942 -0.02420142 -0.02432295 1000
95 0.52 -4 0.5 1 0.0154557 0.01567915 0.01597194 0.0161606 0.01683043 1000 -0.02062275 -0.01991743 -0.01994072 -0.02027838 -0.01963863 1000
96 0.6199999 -4 0.6 1 0.01631747 0.01665799 0.01697291 0.01646572 0.01711682 1000 -0.02212928 -0.02186362 -0.02227524 -0.02260966 -0.0230446 1000
97 0.7999998 4.75 0.6 0 0.01624629 0.01625189 0.01659461 0.01689092 0.01720451 1000 -0.02415659 -0.02447123 -0.02496715 -0.02490067 -0.02463208 1000
98 0.9399996 5.5 0.6 -1 0.01693266 0.01781231 0.01818464 0.01815277 0.01809047 1000 -0.01869972 -0.01970003 -0.01954114 -0.01915821 -0.01900898 1000
99 1.02 -4 0.6 -1 0.01854182 0.01857901 0.01812207 0.01785618 0.01807526 1000 -0.02089068 -0.02111419 -0.02138162 -0.02169554 -0.02177454 1000
100 0.9599996 -4 0.9 0 -0.01496998 -0.01328021 -0.01105113 -0.01008087 -0.009567628 1000 -0.01636199 -0.0165106 -0.01718043 -0.01789662 -0.01754591 1000
101 0.8799997 -5.5 0.5 1 0.00188349 0.002126411 0.002323982 0.002276849 0.002531035 1000 -0.01584761 -0.01596227 -0.0165274 -0.01694888 -0.01723982 1000
102 1.06 -5.5 0.5 1 0.005531877 0.005117728 0.005363783 0.005516801 0.005607201 1000 -0.0205359 -0.02020102 -0.0204174 -0.02044479 -0.02077459 1000
103 1.199999 -4.75 0.7 1 0.005987077 0.005750681 0.005659062 0.005533245 0.006178152 1000 -0.02172325 -0.02147606 -0.02208222 -0.02206734 -0.02211422 1000
104 1.279999 5.5 0.7 -1 0.006044467 0.005982914 0.006664899 0.006807846 0.006317975 1000 -0.02337611 -0.0231606 -0.02352177 -0.02371923 -0.02370926 1000
105 1.359999 -5.5 0.7 1 0.007406572 0.006578426 0.006916954 0.007017791 0.006965501 1000 -0.01993047 -0.01632089 -0.01817274 -0.01920744 -0.02014157 1000
106 0.9999996 4.75 0.6 1 0.009745506 0.01028007 0.01048334 0.01119528 0.01121023 1000 -0.01566737 -0.01641432 -0.01623412 -0.01632223 -0.01683033 1000
107 1.219999 -4.75 0.7 0 0.009229207 0.009300893 0.009448083 0.01037493 0.01019709 1000 -0.01854042 -0.01888029 -0.01872213 -0.01931337 -0.01882746 1000
108 0.8399997 4.75 0.4 0 0.0101621 0.009959307 0.01042645 0.01029651 0.009796718 1000 -0.01967695 -0.01916177 -0.01914534 -0.01899931 -0.01915498 1000
109 0.9199997 4 0.6 1 0.009781939 0.009602147 0.009873415 0.009805822 0.009675051 1000 -0.01963952 -0.01961851 -0.01945422 -0.01924123 -0.0196641 1000
110 1.02 5.5 0.5 -1 0.01058033 0.009993289 0.01012561 0.01046245 0.01030386 1000 -0.01999705 -0.01991668 -0.02010552 -0.0196669 -0.01941287 1000
111 0.56 4 0.5 -1 0.009878268 0.01003592 0.01056897 0.01049226 0.01067489 1000 -0.02027757 -0.02003104 -0.01975444 -0.01961408 -0.0197332 1000
112 1.499999 -4 1 0 0.0106847 0.01062737 0.01085632 0.01057303 0.01067728 1000 -0.02013874 -0.01989056 -0.02007663 -0.02007502 -0.01987156 1000
113 0.16 -4 0.1 0 0.01098095 0.01089077 0.01131352 0.01129025 0.01091652 1000 -0.02008129 -0.02001203 -0.02018321 -0.02042571 -0.02035692 1000
114 1.259999 -4 1 0 0.009727181 0.009457376 0.009599713 0.009963269 0.009697087 1000 -0.01984519 -0.02025802 -0.0200092 -0.02009811 -0.02045074 1000
115 1.399999 -5.5 0.6 -1 0.01033592 0.009919137 0.0101546 0.01096204 0.01107289 1000 -0.020967 -0.02125539 -0.0210942 -0.02064812 -0.02090544 1000
116 0.8199998 4 0.7 -1 0.01215257 0.01243154 0.01215836 0.01256803 0.01251797 1000 -0.0196785 -0.02031394 -0.02022616 -0.0201873 -0.02001409 1000
117 1.02 4.75 0.5 0 0.01152661 0.01167538 0.0111964 0.01138893 0.01131971 1000 -0.02098418 -0.02130483 -0.02121639 -0.02128917 -0.0211498 1000
118 0.8799997 4.75 0.5 -1 0.01082412 0.01100464 0.01127565 0.01152805 0.01174269 1000 -0.02201596 -0.02217869 -0.02203289 -0.02183143 -0.02130206 1000
119 0.6999999 -4 0.3 0 0.01110585 0.01074217 0.01043792 0.01039147 0.0111261 1000 -0.02277025 -0.02277112 -0.02279877 -0.02272939 -0.02286477 1000
120 1.659999 4.75 1 0 0.01029419 0.00980504 0.009855433 0.009975681 0.009933148 1000 -0.02298387 -0.02307803 -0.02328698 -0.02337651 -0.02368969 1000
121 0.2 5.5 0.1 0 0.01045391 0.009826954 0.01003596 0.01000697 0.009788428 1000 -0.02417541 -0.02373757 -0.0238622 -0.02385554 -0.02425588 1000
122 1.02 -5.5 0.5 0 0.009896774 0.009357976 0.008697823 0.008356025 0.008120147 1000 -0.02435669 -0.02129327 -0.01904036 -0.01734341 -0.01790114 1000
123 0.9599996 4 0.7 -1 0.008351291 0.008306886 0.008346415 0.008254482 0.008906302 1000 -0.02155705 -0.0216113 -0.02167074 -0.02158175 -0.02137059 1000
124 1.519999 4 1 0 0.007298297 0.007416131 0.007344057 0.007893202 0.008309271 1000 -0.02314025 -0.02308783 -0.02320531 -0.02268512 -0.02324305 1000
125 0.6999999 -5.5 0.4 0 0.008350807 0.008593088 0.008332583 0.008992599 0.009267683 1000 -0.02416223 -0.02440838 -0.02431262 -0.02450159 -0.02396486 1000
126 1.08 -4.75 0.7 0 0.009000283 0.008756783 0.008656845 0.009268519 0.00969265 1000 -0.02226499 -0.021462 -0.02203498 -0.02217195 -0.02264098 1000
127 0.8799997 -5.5 0.5 0 0.007981305 0.008634068 0.008610176 0.008292686 0.008761144 1000 -0.02206692 -0.02221401 -0.02253001 -0.02246291 -0.02228601 1000
128 0.5000001 5.5 0.3 0 0.007793389 0.008231406 0.008167998 0.008812763 0.0092101 1000 -0.02264776 -0.02294292 -0.0229639 -0.02278785 -0.02235539 1000
129 0.6 -5.5 0.5 1 0.008055611 0.008408006 0.00814093 0.007424367 0.008316033 1000 -0.02274012 -0.02288446 -0.02258013 -0.02310873 -0.02215149 1000
130 1.539999 4.75 0.9 0 0.007286082 0.007379865 0.007219737 0.00778825 0.007833858 1000 -0.02278718 -0.02325384 -0.02317551 -0.02339641 -0.02320413 1000
131 0.7799998 4.75 0.5 0 0.007850006 0.007255025 0.007701195 0.007878404 0.008036896 1000 -0.02366365 -0.02339259 -0.02361474 -0.02346277 -0.02361418 1000
132 0.9799996 4 0.5 0 0.008900424 0.008207042 0.008424137 0.008170695 0.00795542 1000 -0.0235485 -0.02343174 -0.02342882 -0.02335232 -0.02351853 1000
133 0.8999997 4 0.5 1 0.008799455 0.008450207 0.008263757 0.008484866 0.008453275 1000 -0.02296434 -0.02280781 -0.02315528 -0.02299481 -0.02309505 1000
134 1.12 -5.5 0.6 1 0.006485009 0.00691206 0.007053622 0.007801686 0.00733876 1000 -0.0235275 -0.02355671 -0.02363264 -0.02370242 -0.02365524 1000
135 1.1 -4.75 0.6 1 0.006896397 0.006885207 0.007221357 0.007520407 0.007548396 1000 -0.02402304 -0.02409894 -0.02426685 -0.02393148 -0.02377191 1000
136 1.379999 -5.5 0.8 0 0.006264997 0.006266575 0.006810692 0.007094907 0.006417213 1000 -0.0237883 -0.02419572 -0.02372136 -0.02395309 -0.02399751 1000
137 1.219999 -4 0.8 0 0.006325935 0.006242383 0.006405927 0.006695157 0.006336945 1000 -0.02378367 -0.02403874 -0.02377425 -0.02436047 -0.02384879 1000
138 0.8199998 -4 0.5 -1 -0.001413261 0.000174236 0.001995532 0.003738844 0.004782258 1000 -0.01740631 -0.01455899 -0.0124177 -0.01310918 -0.01312287 1000
139 0.9599996 4.75 0.6 -1 0.006055931 0.006030743 0.00672135 0.006676782 0.006262267 1000 -0.01241855 -0.01286353 -0.01309024 -0.01277581 -0.01279792 1000
140 0.8399997 5.5 0.2 0 0.006446266 0.006109511 0.006155341 0.00659119 0.006706905 1000 -0.0166485 -0.01620643 -0.01587722 -0.01582447 -0.01558957 1000
141 0.9799996 -4 0.7 0 0.006025833 0.00585173 0.006226577 0.006501675 0.00667827 1000 -0.01536068 -0.01549765 -0.01579762 -0.01595577 -0.01604561 1000
142 1.08 -5.5 0.6 0 0.005052879 0.005015266 0.004555698 0.004079138 0.004471302 1000 -0.01697994 -0.01741688 -0.01754072 -0.01756231 -0.0180961 1000
143 1.1 -5.5 0.5 0 0.004766789 0.004802169 0.005083235 0.004569001 0.004764929 1000 -0.01750726 -0.01777824 -0.01839673 -0.01816822 -0.01853112 1000
144 0.8999997 -4 0.7 -1 0.002666347 0.002586123 0.002434895 0.002474622 0.002379119 1000 -0.01844055 -0.01815782 -0.01882696 -0.01877087 -0.01935584 1000
145 1.799999 5.5 0.9 0 0.003172335 0.003421323 0.003845115 0.003732622 0.002810034 1000 -0.01990704 -0.01970981 -0.01987967 -0.02003613 -0.01990786 1000
146 1.04 4 0.7 1 0.002383629 0.002455249 0.002517998 0.002943565 0.003091003 1000 -0.02111002 -0.02095648 -0.02130171 -0.02164201 -0.02181426 1000
147 1.279999 -4.75 0.7 1 0.001955593 0.001551853 0.002020139 0.002402962 0.002544895 1000 -0.02094629 -0.02069524 -0.0211241 -0.02099433 -0.02149506 1000
148 1.779999 5.5 0.6 -1 0.00166636 0.001068394 0.001214398 0.001684738 0.001644543 1000 -0.02042179 -0.02039923 -0.02067697 -0.02039948 -0.02097138 1000
149 1.259999 -4.75 0.5 1 0.0005341761 0.0003704152 -0.0001697928 -7.770612E-05 8.910979E-05 1000 -0.0230333 -0.02308131 -0.0230715 -0.02343596 -0.0235658 1000
150 0.6799999 -4.75 0.5 0 0.008545006 0.007782714 0.007754653 0.007499855 0.007214896 1000 -0.02097267 -0.02130983 -0.02183872 -0.02218807 -0.02253447 1000
151 0.22 5.5 0.1 0 0.004743964 0.00423637 0.004274439 0.004321679 0.004161345 1000 -0.02025196 -0.02041633 -0.02036212 -0.02021211 -0.02024638 1000
152 1.619999 -4 1 0 0.003654697 0.003195743 0.003335831 0.003298425 0.003255564 1000 -0.02156571 -0.02131129 -0.02174978 -0.02142567 -0.02175339 1000
153 1.299999 4.75 0.5 0 0.002117134 0.002374859 0.002494134 0.002243162 0.002465281 1000 -0.02285036 -0.02250131 -0.02261519 -0.02270894 -0.02230904 1000
154 0.6199999 -5.5 0.3 0 0.0007531776 0.000630199 0.0009338359 0.0008648746 0.000237602 1000 -0.02359748 -0.02333043 -0.02361107 -0.02372084 -0.02347169 1000
155 0.4400001 -4.75 0.3 0 0.0007614767 0.0005712554 0.0004005055 0.0009761543 0.001084964 1000 -0.02439943 -0.02485473 -0.02498507 -0.02522764 -0.02459315 1000
156 1.359999 -4.75 0.9 0 -0.0005101205 -0.0005442194 -0.000356314 -0.0006812033 -0.000565669 1000 -0.02441659 -0.02432014 -0.02439664 -0.02458548 -0.02511489 1000
157 0.9999996 4 0.5 0 -0.001905943 -0.001635423 -0.001649659 -0.001444083 -0.001010703 1000 -0.02416259 -0.02439878 -0.02451326 -0.02449569 -0.02437507 1000
158 0.26 -4 0.2 0 -0.001292548 -0.001457331 -0.001081643 -0.0003820179 6.891329E-05 1000 -0.02538971 -0.02508427 -0.02464399 -0.0237204 -0.02249488 1000
159 0.24 -4 0.1 0 0.001365644 0.001724622 0.0009876427 0.001042626 0.001248585 1000 -0.02094712 -0.02126915 -0.02140414 -0.02166136 -0.02180931 1000
160 2.039999 -5.5 1 0 -0.0005736388 -0.0003380107 4.09357E-05 -0.0005065118 -0.0002050385 1000 -0.02342587 -0.02290734 -0.02361942 -0.02349626 -0.02380539 1000
161 0.7999998 5.5 0.3 0 -0.0007928649 -0.0008679294 -0.0008396156 -0.0009024328 -0.0004433381 1000 -0.02232836 -0.02217762 -0.02274356 -0.02244474 -0.02278103 1000
162 1.06 4 0.6 -1 -0.002017667 -0.002938734 -0.002264516 -0.00190937 -0.001814583 1000 -0.02316243 -0.02286624 -0.02336905 -0.02361584 -0.02404116 1000
163 1.12 4.75 0.5 1 -0.001925156 -0.002551395 -0.002051879 -0.001544392 -0.001668727 1000 -0.02510883 -0.02483003 -0.02471266 -0.02403667 -0.02415933 1000
164 1.639999 -5.5 0.7 -1 -0.0028592 -0.002648762 -0.002655187 -0.002630965 -0.00229368 1000 -0.02522387 -0.02502614 -0.02556145 -0.02558807 -0.02567878 1000
165 1.879999 -4 0.9 0 -0.001786788 -0.001924813 -0.001568011 -0.001312232 -0.001828845 1000 -0.02103589 -0.02128884 -0.02134787 -0.02221769 -0.02203915 1000
166 1.619999 -5.5 0.7 -1 -0.003940632 -0.003939194 -0.003447545 -0.004149206 -0.004192923 1000 -0.02311706 -0.02254499 -0.0230712 -0.02272344 -0.02281632 1000
167 0.6999999 -5.5 0.5 1 -0.004287074 -0.004280083 -0.004141077 -0.004128092 -0.004523278 1000 -0.02271326 -0.02265419 -0.02221459 -0.02248588 -0.02296244 1000
168 0.54 4 0.3 0 -0.005305839 -0.004894686 -0.004869299 -0.00509606 -0.004915311 1000 -0.02382823 -0.02346775 -0.0234115 -0.02359907 -0.02339538 1000
169 1.799999 5.5 0.7 1 -0.006845085 -0.006438306 -0.006674179 -0.007172571 -0.006857337 1000 -0.02341519 -0.0234809 -0.02421799 -0.0237553 -0.02351673 1000
170 1.639999 -4.75 0.8 0 -0.007623545 -0.007950397 -0.008180903 -0.007884886 -0.00772928 1000 -0.02394261 -0.02400102 -0.02417067 -0.0243389 -0.02409528 1000
171 1.339999 5.5 0.6 -1 -0.009945601 -0.01074981 -0.01055383 -0.01031518 -0.01039626 1000 -0.0242562 -0.02388753 -0.02404223 -0.02399791 -0.02363098 1000
172 1.939999 -4.75 0.9 0 -0.007449737 -0.006709331 -0.006820996 -0.006126924 -0.005639374 1000 -0.02019937 -0.01948745 -0.01905542 -0.01932441 -0.01962426 1000
173 1.04 -4 0.7 1 -0.007441216 -0.007540551 -0.006819836 -0.006935279 -0.007451677 1000 -0.02137369 -0.0212747 -0.02099323 -0.02145786 -0.02140501 1000
174 1.739999 -5.5 0.7 0 -0.008754864 -0.00802212 -0.00846754 -0.007525447 -0.006996667 1000 -0.021802 -0.0222043 -0.0224246 -0.02258521 -0.02243252 1000
175 1.519999 -5.5 0.5 1 -0.009333518 -0.009004734 -0.008745423 -0.008440961 -0.00823568 1000 -0.02308309 -0.02279291 -0.0234197 -0.02320297 -0.02325525 1000
176 1.08 -4 0.6 -1 -0.01004881 -0.01048533 -0.01011769 -0.009967866 -0.009676005 1000 -0.02413512 -0.02390888 -0.02397465 -0.02389204 -0.02435692 1000
177 1.1 -4 0.7 -1 -0.009270975 -0.008791909 -0.008720688 -0.008636207 -0.008400016 1000 -0.02168017 -0.0216175 -0.021489 -0.02188456 -0.02180003 1000
178 1.02 -5.5 0.5 1 -0.0102916 -0.01037336 -0.01015712 -0.009496259 -0.009453291 1000 -0.02370746 -0.023417 -0.02356468 -0.02336109 -0.02431786 1000
179 1.519999 5.5 0.5 0 -0.00829773 -0.008422806 -0.008511231 -0.008238645 -0.00753052 1000 -0.01572453 -0.01415931 -0.01250572 -0.01160029 -0.01187296 1000
180 1.739999 4.75 0.8 0 -0.006803548 -0.006427063 -0.005753252 -0.006032444 -0.006369476 1000 -0.01476607 -0.01434798 -0.01408764 -0.01447449 -0.01456993 1000
181 0.34 4 0.1 0 -0.007203057 -0.006906812 -0.007447834 -0.007222482 -0.007266615 1000 -0.01473392 -0.01573024 -0.01582906 -0.01617906 -0.01615992 1000
182 0.32 5.5 0.1 0 -0.006334873 -0.006770722 -0.006439023 -0.006199292 -0.006170625 1000 -0.01669053 -0.01640285 -0.0167501 -0.01661986 -0.01677764 1000
183 0.5000001 4.75 0.4 0 -0.007260891 -0.006870247 -0.006622697 -0.006423141 -0.006285593 1000 -0.01685485 -0.01675005 -0.01696713 -0.01689638 -0.01702238 1000
184 1.06 -4 0.6 -1 -0.00868909 -0.008427258 -0.007724941 -0.007614418 -0.008062997 1000 -0.01734277 -0.01783022 -0.01751903 -0.01783345 -0.0178039 1000
185 0.4400001 4 0.2 0 -0.009955633 -0.009352503 -0.009677071 -0.009367688 -0.009061119 1000 -0.01785268 -0.01851226 -0.01863581 -0.01874753 -0.01848105 1000
186 0.6999999 5.5 0.5 -1 -0.008769145 -0.009206171 -0.008593875 -0.00833244 -0.008442741 1000 -0.01815947 -0.01785778 -0.01796296 -0.01793428 -0.0184726 1000
187 0.8799997 4 0.6 1 -0.01055055 -0.009800837 -0.009615894 -0.0093067 -0.008941523 1000 -0.01855999 -0.01858611 -0.01936482 -0.01922669 -0.01906378 1000
188 0.52 -4.75 0.3 0 -0.01111419 -0.01097495 -0.01138798 -0.01052034 -0.01037135 1000 -0.01838504 -0.01890456 -0.01891735 -0.01862103 -0.01854495 1000
189 0.6199999 -4 0.5 -1 -0.01214957 -0.01213427 -0.01168578 -0.01108239 -0.01147271 1000 -0.01971491 -0.01959869 -0.01973573 -0.01955893 -0.02000792 1000
190 0.26 -4 0.1 0 -0.01208686 -0.01181845 -0.01140952 -0.01142717 -0.01111449 1000 -0.01936639 -0.01944201 -0.01938248 -0.0193971 -0.01914452 1000
191 0.18 5.5 0.1 0 -0.01339565 -0.01296594 -0.0130236 -0.01249747 -0.01184685 1000 -0.01828267 -0.01804519 -0.01842908 -0.01907164 -0.01874027 1000
192 0.09999999 -4 0.1 0 -0.01189828 -0.01168053 -0.01179804 -0.01200483 -0.01148768 1000 -0.01911577 -0.01930773 -0.0193538 -0.01920657 -0.01896088 1000
193 0.7399998 -4 0.6 0 -0.01202035 -0.01255982 -0.01227592 -0.0116761 -0.01156242 1000 -0.0192073 -0.0188969 -0.01885266 -0.01866223 -0.01895833 1000
194 0.2 4 0.2 0 -0.0124593 -0.01204537 -0.01177698 -0.01142078 -0.01097031 1000 -0.01865608 -0.01881718 -0.01920208 -0.01865214 -0.01868265 1000
195 1.599999 4.75 0.8 0 -0.013856 -0.01331463 -0.01353072 -0.01341534 -0.01292788 1000 -0.01794231 -0.01735233 -0.01798521 -0.0182334 -0.01864449 1000
196 0.3 -5.5 0.2 0 -0.01290539 -0.01272026 -0.0125208 -0.01268439 -0.01271296 1000 -0.01944649 -0.01882841 -0.01907099 -0.01911973 -0.01912657 1000
197 0.2 5.5 0.2 0 -0.0139067 -0.01346282 -0.0130543 -0.01295557 -0.01242292 1000 -0.01941383 -0.01917209 -0.01924125 -0.01910386 -0.01896522 1000
198 0.8399997 -5.5 0.5 0 -0.01507472 -0.01510639 -0.01531759 -0.01486871 -0.01419916 1000 -0.01882706 -0.01816979 -0.01823029 -0.01846948 -0.01878563 1000
199 0.7599998 4 0.7 -1 -0.01562996 -0.01534198 -0.01559162 -0.01527819 -0.01416319 1000 -0.01916328 -0.01889295 -0.01929997 -0.0195645 -0.01956228 1000
200 0.6399999 -4 0.6 -1 -0.01119656 -0.01115359 -0.01064863 -0.01071489 -0.01078483 1000 -0.02087146 -0.02062277 -0.02048304 -0.02085156 -0.02048229 1000
201 0.9199997 -4 0.6 1 -0.01189534 -0.01231874 -0.01317794 -0.01498117 -0.01521506 1000 -0.01835015 -0.01791603 -0.01860874 -0.0178912 -0.01573579 1000
202 1.06 -4.75 0.6 1 -0.012798 -0.01237957 -0.01146495 -0.01169863 -0.01180478 1000 -0.021898 -0.02195863 -0.0224787 -0.02265537 -0.02277301 1000
203 1.659999 4.75 0.8 0 -0.009840292 -0.009029632 -0.00817822 -0.00763389 -0.007245649 1000 -0.02321163 -0.01977609 -0.01859411 -0.01776547 -0.01689412 1000
204 1.539999 -4.75 0.6 0 -0.008448679 -0.008593899 -0.008355347 -0.008191412 -0.008492821 1000 -0.01942017 -0.0196775 -0.01966299 -0.02034394 -0.02029954 1000
205 1.659999 4.75 0.6 0 -0.0091452 -0.009237681 -0.009045773 -0.008648356 -0.009029728 1000 -0.01941674 -0.01966682 -0.01922548 -0.0195394 -0.01977837 1000
206 0.8199998 5.5 0.3 0 -0.009270778 -0.009225575 -0.009539279 -0.009090358 -0.009468363 1000 -0.02046211 -0.02037458 -0.0200241 -0.02035126 -0.02059693 1000
207 0.58 5.5 0.3 0 -0.00842779 -0.008647311 -0.008448021 -0.008233741 -0.008226385 1000 -0.02040404 -0.02087057 -0.02104363 -0.02119563 -0.0211682 1000
208 0.3 4.75 0.2 0 -0.007598479 -0.007704438 -0.006962739 -0.006599446 -0.007071065 1000 -0.02151904 -0.02172829 -0.02161293 -0.02181737 -0.02156536 1000
209 1.339999 -5.5 0.9 0 -0.01057056 -0.01036679 -0.009685814 -0.009860364 -0.009648532 1000 -0.02125697 -0.02086014 -0.02109947 -0.02142669 -0.02173363 1000
210 1.499999 -4.75 0.9 0 -0.0104611 -0.01007967 -0.01018262 -0.01003579 -0.009316967 1000 -0.0220544 -0.02165699 -0.02200652 -0.02187703 -0.02187983 1000
211 1.219999 -4.75 0.7 0 -0.009041985 -0.008713062 -0.008805215 -0.008897787 -0.008353254 1000 -0.02283088 -0.02290545 -0.02275765 -0.02311236 -0.02246662 1000
212 1.12 5.5 0.5 0 -0.008337342 -0.007722097 -0.0073758 -0.007949431 -0.007550162 1000 -0.02328101 -0.02242991 -0.02389481 -0.02360794 -0.02317377 1000
213 1.499999 -5.5 0.7 -1 -0.008145571 -0.008508313 -0.007878893 -0.007766495 -0.007611192 1000 -0.02265197 -0.02272214 -0.022938 -0.02270206 -0.02307454 1000
214 1.779999 4 0.9 0 -0.005258668 -0.005773523 -0.005488874 -0.005846249 -0.006064367 1000 -0.02230207 -0.02156735 -0.02193392 -0.02213137 -0.02235004 1000
215 1.839999 4.75 0.7 1 -0.006314364 -0.006491505 -0.005644375 -0.005766947 -0.006064906 1000 -0.02223125 -0.02251291 -0.02306355 -0.02362288 -0.02347418 1000
216 0.22 4.75 0.1 0 -0.006241838 -0.006250202 -0.006512315 -0.006284414 -0.005681345 1000 -0.02447423 -0.02457869 -0.02456494 -0.02436383 -0.02423073 1000
217 1.519999 5.5 0.7 1 -0.007970901 -0.008016607 -0.007933841 -0.007806548 -0.007610269 1000 -0.02383761 -0.02381058 -0.02387224 -0.02382938 -0.02383733 1000
218 0.4400001 4.75 0.3 0 -0.005055013 -0.00482899 -0.004665411 -0.004569984 -0.004734281 1000 -0.02229211 -0.02247604 -0.02241276 -0.02236468 -0.02262472 1000
219 1.04 -4 0.5 0 -0.00634962 -0.006559612 -0.006046926 -0.004782578 -0.004369697 1000 -0.02272302 -0.02275378 -0.02266003 -0.02216659 -0.0234556 1000
220 0.8999997 -4.75 0.4 0 -0.004608249 -0.004824625 -0.004476401 -0.004681109 -0.005369124 1000 -0.02419007 -0.02420676 -0.02406863 -0.0241262 -0.02401735 1000
221 1.719999 -5.5 0.7 -1 -0.005006699 -0.004436315 -0.004257283 -0.004524305 -0.004174341 1000 -0.02510499 -0.02519303 -0.02487917 -0.02483139 -0.02443389 1000
222 1.999999 4.75 0.8 0 -0.002568263 -0.00307677 -0.002643907 -0.002142244 -0.002209603 1000 -0.02456203 -0.02416452 -0.0241212 -0.0235635 -0.02388939 1000
223 1.579999 -5.5 0.7 1 -0.003853544 -0.003626031 -0.003413398 -0.003233443 -0.003627401 1000 -0.0239289 -0.02395722 -0.02372398 -0.02404093 -0.02372302 1000
224 1.04 -4 0.7 -1 -0.003355234 -0.002582248 -0.002098753 -0.002085732 -0.00253111 1000 -0.02131256 -0.02166537 -0.02146984 -0.02177196 -0.0216669 1000
225 0.34 -4.75 0.2 0 -0.003873809 -0.003598835 -0.003739452 -0.003764988 -0.003741558 1000 -0.02218731 -0.02230771 -0.02206337 -0.02240499 -0.02248356 1000
226 1.859999 4 1 0 -0.004096359 -0.003995929 -0.00401912 -0.003708572 -0.003417708 1000 -0.0214375 -0.02173956 -0.02142714 -0.02214333 -0.02195838 1000
227 1.359999 4 0.7 0 -0.004379084 -0.00410322 -0.004509438 -0.00450919 -0.004390211 1000 -0.02302 -0.02264667 -0.02272674 -0.02229313 -0.02227667 1000
228 1.999999 -5.5 0.9 0 -0.005020272 -0.004694046 -0.004566748 -0.003822586 -0.003968976 1000 -0.02305454 -0.0231763 -0.02295819 -0.02229204 -0.02289231 1000
229 0.18 -4.75 0.1 0 -0.004775182 -0.00471303 -0.004809438 -0.005335771 -0.00468368 1000 -0.02288793 -0.02316619 -0.02379337 -0.02351017 -0.02301893 1000
230 0.9399996 4 0.5 0 -0.005191093 -0.005082574 -0.005090346 -0.004926307 -0.004459377 1000 -0.0222202 -0.02241885 -0.02270808 -0.022694 -0.02292878 1000
231 1.719999 -4.75 0.9 0 -0.006247016 -0.005979721 -0.005629026 -0.005593114 -0.005622399 1000 -0.02321821 -0.02324639 -0.02283989 -0.02312565 -0.0230006 1000
232 1.659999 -5.5 0.7 0 -0.006707442 -0.006153782 -0.006174589 -0.005854348 -0.005763423 1000 -0.02225049 -0.02246477 -0.02264054 -0.023062 -0.0228625 1000
233 1.459999 5.5 0.6 0 -0.006691353 -0.006687626 -0.006410754 -0.006660106 -0.006849086 1000 -0.02243551 -0.02241294 -0.02229328 -0.02231143 -0.02231457 1000
234 2.059999 -4.75 1 0 -0.007010408 -0.006922695 -0.006616048 -0.007156852 -0.006969539 1000 -0.02237089 -0.02216526 -0.02278207 -0.02284994 -0.02253982 1000
235 2.119999 5.5 1 0 -0.007411425 -0.007333744 -0.007678651 -0.00764962 -0.00691589 1000 -0.02319128 -0.02297826 -0.02323914 -0.02320182 -0.02320319 1000
236 0.4800001 4.75 0.2 0 -0.00677507 -0.007813042 -0.007621072 -0.007645439 -0.0074022 1000 -0.02321478 -0.02309089 -0.02349639 -0.02328454 -0.02401951 1000
237 1.439999 4.75 0.6 1 -0.007507748 -0.007317214 -0.007183667 -0.007232293 -0.006473602 1000 -0.02411068 -0.02403803 -0.02419099 -0.02462163 -0.02445738 1000
238 1.859999 -5.5 0.7 -1 -0.006612991 -0.006788533 -0.006178801 -0.005790988 -0.005861741 1000 -0.02486585 -0.02436685 -0.024603 -0.02458651 -0.02489596 1000
239 1.879999 -4.75 1 0 -0.003346473 -0.003284623 -0.003233387 -0.002775519 -0.002851832 1000 -0.02094752 -0.02099586 -0.02135867 -0.02133082 -0.02203835 1000
240 1.999999 4.75 0.7 -1 -0.006399808 -0.006265522 -0.006188932 -0.005422989 -0.005513444 1000 -0.02131506 -0.02192582 -0.02161037 -0.02196515 -0.02193321 1000
241 0.4 -5.5 0.1 0 -0.006863461 -0.006644908 -0.006465423 -0.007106255 -0.006609692 1000 -0.02313681 -0.02326908 -0.02392334 -0.02364388 -0.02346683 1000
242 1.04 5.5 0.5 1 -0.006836377 -0.006058208 -0.006168818 -0.006079978 -0.006138629 1000 -0.02327081 -0.02368795 -0.02343404 -0.02362332 -0.02344862 1000
243 1.639999 4 0.8 0 -0.007167818 -0.00744218 -0.00745069 -0.007012278 -0.006952022 1000 -0.02332959 -0.02360404 -0.02346471 -0.02311067 -0.02304723 1000
244 1.959999 -5.5 0.8 0 -0.007225488 -0.007551617 -0.006936558 -0.006656346 -0.006973386 1000 -0.02424462 -0.02397029 -0.02403484 -0.02360077 -0.0239055 1000
245 1.899999 4.75 0.8 0 -0.009148635 -0.009055007 -0.009024249 -0.008611307 -0.008037544 1000 -0.02403077 -0.02374924 -0.02390491 -0.02365063 -0.02383204 1000
246 0.9599996 -5.5 0.5 0 -0.008635671 -0.008458001 -0.007749553 -0.007989558 -0.00848363 1000 -0.02452664 -0.02431708 -0.02435725 -0.02434964 -0.02399606 1000
247 1.08 4.75 0.7 1 -0.006859501 -0.006948865 -0.006319729 -0.006878963 -0.007292204 1000 -0.02484349 -0.02445188 -0.02463783 -0.02439134 -0.02389004 1000
248 2.139999 -4.75 0.9 0 -0.006440782 -0.006642721 -0.007041697 -0.006636437 -0.006197889 1000 -0.02340243 -0.02377509 -0.02339744 -0.02316109 -0.02273226 1000
249 0.8199998 4.75 0.5 1 -0.005346306 -0.005320108 -0.005397648 -0.004954096 -0.0046484 1000 -0.02078365 -0.020785 -0.02106946 -0.02104907 -0.02159907 1000
250 0.42 5.5 0.4 0 0.02080477 0.02049274 0.01940884 0.01996857 0.02006109 1000 -0.02231818 -0.02319706 -0.02296339 -0.0231938 -0.02302753 1000
251 1.379999 -5.5 0.6 -1 0.01463009 0.01439782 0.01444052 0.01473849 0.01435164 1000 -0.02316765 -0.0236223 -0.02398548 -0.02373024 -0.02351554 1000
252 1.02 -4 0.7 1 0.01175237 0.01269772 0.01321712 0.01303204 0.0134803 1000 -0.02440341 -0.02336454 -0.02291429 -0.02259423 -0.02259477 1000
253 0.6199999 -4.75 0.3 0 0.01293216 0.01206613 0.01143355 0.01201467 0.01185151 1000 -0.02385093 -0.02418152 -0.02414376 -0.02469199 -0.0246006 1000
254 1.499999 -5.5 0.8 0 0.01036229 0.01079444 0.01122398 0.01149327 0.01177035 1000 -0.02082516 -0.02042276 -0.02063767 -0.01993054 -0.01971331 1000
255 1.559999 4.75 0.8 0 0.01002174 0.01021363 0.01043367 0.01052844 0.01078118 1000 -0.02161296 -0.02190419 -0.02201445 -0.02236361 -0.02233114 1000
256 1.599999 -4 0.7 -1 0.008717074 0.009049082 0.009485574 0.009413211 0.009254948 1000 -0.0225492 -0.02241061 -0.022225 -0.02270026 -0.02250538 1000
257 1.719999 4.75 0.8 0 0.007936931 0.007865787 0.008085759 0.008168163 0.008030018 1000 -0.02464463 -0.02447726 -0.02429267 -0.02423031 -0.02428748 1000
258 1.879999 -4 0.8 0 0.008838926 0.009341593 0.00918901 0.009248195 0.009586606 1000 -0.0238785 -0.02375698 -0.02419034 -0.0237359 -0.02368202 1000
259 0.4600001 -4.75 0.2 0 0.009289482 0.009122794 0.008994911 0.009384057 0.009592667 1000 -0.02462938 -0.02498876 -0.02475489 -0.02464489 -0.02477283 1000
260 1.399999 4 0.7 0 0.008531875 0.008759438 0.009484301 0.00907275 0.008710273 1000 -0.02457413 -0.02404418 -0.02464052 -0.02505544 -0.02479937 1000
261 1.219999 4 0.7 -1 0.008291231 0.008430251 0.008533404 0.008948115 0.009511083 1000 -0.02479266 -0.02464073 -0.02434899 -0.02277206 -0.02231942 1000
262 1.559999 -4 0.7 0 0.007216785 0.00798325 0.007690329 0.006960938 0.00703025 1000 -0.0234802 -0.02362969 -0.02397119 -0.02382105 -0.02395102 1000
263 1.599999 5.5 0.7 1 0.006362672 0.006392888 0.006321382 0.007108459 0.007168781 1000 -0.02496679 -0.02514964 -0.02491891 -0.0250401 -0.02432401 1000
264 1.479999 -5.5 0.6 -1 0.00681933 0.007052387 0.007321481 0.007448489 0.008043941 1000 -0.02354383 -0.023312 -0.02333256 -0.02346879 -0.02311315 1000
265 1.879999 -4.75 1 0 0.005888755 0.006329576 0.006287014 0.006211715 0.006298249 1000 -0.02425198 -0.02444063 -0.02439904 -0.0245372 -0.0241854 1000
266 0.8399997 4 0.5 -1 0.006563359 0.006902292 0.006717095 0.007280453 0.00770997 1000 -0.02349977 -0.02300618 -0.02297869 -0.02286419 -0.0233964 1000
267 1.1 -5.5 0.5 1 0.006864477 0.00664923 0.007140723 0.007291796 0.007080725 1000 -0.02311698 -0.02319196 -0.02339093 -0.0237564 -0.02373557 1000
268 0.9799996 4.75 0.4 0 0.00719368 0.007638685 0.007684358 0.007961093 0.008272628 1000 -0.02455291 -0.02417464 -0.02452069 -0.02396495 -0.02409578 1000
269 1.839999 -5.5 0.9 0 0.006522144 0.006149826 0.006081948 0.006782596 0.006956794 1000 -0.02462864 -0.02437599 -0.0240119 -0.02406329 -0.02384002 1000
270 1.179999 -5.5 0.7 0 0.005665031 0.005809728 0.005388065 0.005385547 0.005902888 1000 -0.02314153 -0.02285823 -0.02306513 -0.02308712 -0.02318557 1000
271 1.499999 4.75 0.7 1 0.003837455 0.00441017 0.004272999 0.004228125 0.004370718 1000 -0.02413819 -0.0239541 -0.02395761 -0.02443393 -0.02385921 1000
272 2.379998 -4.75 1 0 0.004326256 0.004136303 0.003854753 0.003959681 0.004706134 1000 -0.02418 -0.02407756 -0.02358194 -0.02391135 -0.0239985 1000
273 0.9599996 4.75 0.7 -1 0.0037919 0.004133379 0.004537479 0.004163237 0.004161707 1000 -0.0245953 -0.02442888 -0.02492311 -0.02469012 -0.0244648 1000
