trial Response_Time velH Occlusion_Duration velH_Subject xRotations_first0 xRotations_first1 xRotations_first2 xRotations_first3 xRotations_first4 xRotations_first5 yRotations_first0 yRotations_first1 yRotations_first2 yRotations_first3 yRotations_first4 yRotations_first5
1 0.56 5.5 0.5 1 -0.01086005 -6.284619E-05 -0.0005677954 0.001373052 0.003037641 1000 -0.003616772 -0.002940113 -0.0003357055 0.000876689 0.0003770607 1000
2 0.8999997 -4 1 0 -0.000896872 -0.001050856 -0.001675762 -0.001256452 0.0005039533 1000 0.0003966471 3.743204E-05 -0.0003840695 -0.001186972 -0.002282697 1000
3 1.06 5.5 0.9 0 -5.10518E-05 -0.0002691442 -0.001079018 -0.001235056 -0.0005591266 1000 -0.009263732 -0.008762052 -0.00841215 -0.006838786 -0.005649605 1000
4 0.7199998 4.75 0.4 0 0.005891618 0.005237939 0.005263705 0.005825599 0.005725523 1000 -0.004119937 -0.004403277 -0.003948051 -0.00458818 -0.004699404 1000
5 0.36 5.5 0.2 0 -0.006530367 -0.01169972 -0.01256343 -0.01165433 -0.01093534 1000 -0.01683478 -0.01832015 -0.02006754 -0.02254488 -0.02176826 1000
6 0.4 -4.75 0.8 0 -0.006022209 -0.006218067 -0.005652196 -0.004721422 -0.004111276 1000 -0.01152788 -0.01328265 -0.0156516 -0.01874984 -0.01809262 1000
7 0.6799999 -4 0.6 1 -0.003300416 -0.002863894 -0.001293399 -0.0001680663 0.0006659427 1000 -0.01327972 -0.01232078 -0.01135244 -0.009948314 -0.009339701 1000
8 0.14 -5.5 0.1 0 0.003567889 0.005581798 0.004421636 0.003987154 0.004852967 1000 -0.01327757 -0.01490064 -0.01662959 -0.01806017 -0.02047249 1000
9 0.52 5.5 0.6 -1 -0.001089908 -0.001354254 -0.0009113911 -0.0007389766 -0.0007241289 1000 -0.01238202 -0.01271989 -0.0140893 -0.01442051 -0.01364638 1000
10 0.4800001 4.75 0.5 1 0.004053195 0.004137344 0.004742361 0.005099639 0.004923121 1000 -0.01454213 -0.01479337 -0.01458406 -0.01435663 -0.01428163 1000
11 0.54 -5.5 0.5 1 0.008285408 0.009222412 0.009549783 0.009846561 0.01067389 1000 -0.0157446 -0.01715212 -0.01724096 -0.01714114 -0.0178748 1000
12 0.18 4.75 0.2 0 0.009558517 0.009436407 0.009178462 0.009094015 0.009040073 1000 -0.01554712 -0.01513414 -0.01567675 -0.01538497 -0.0155621 1000
13 0.4400001 -4.75 0.6 1 0.008360461 0.008172382 0.008434881 0.01005027 0.01114632 1000 -0.01539147 -0.01629139 -0.01679256 -0.01800754 -0.01856626 1000
14 0.36 -5.5 0.8 0 0.01305061 0.01299128 0.01308799 0.01260466 0.0125461 1000 -0.01727393 -0.01705509 -0.0168149 -0.01666296 -0.01676883 1000
15 0.6799999 -4 0.7 -1 0.01366206 0.0143408 0.01406126 0.01420524 0.01455971 1000 -0.0193054 -0.01921611 -0.0185316 -0.01826532 -0.01746082 1000
16 0.4 -4.75 0.6 -1 0.01538314 0.01490318 0.01472024 0.01487612 0.01512673 1000 -0.0179238 -0.0171599 -0.01690952 -0.01619599 -0.01557488 1000
17 0.7799998 4 1 0 0.01500899 0.01466581 0.0142487 0.01480611 0.01521715 1000 -0.01672263 -0.01699015 -0.01611014 -0.01597217 -0.01610658 1000
18 0.7599998 5.5 0.6 1 0.01492909 0.01557693 0.01578559 0.0152781 0.01586765 1000 -0.01413417 -0.01520238 -0.01540231 -0.01497224 -0.01486621 1000
19 0.56 -5.5 0.4 0 0.0163057 0.01643772 0.01638966 0.01586405 0.01625206 1000 -0.01303555 -0.01252495 -0.01263806 -0.01212836 -0.01300745 1000
20 0.4600001 -4 1 0 0.01503469 0.01538285 0.01519521 0.01486136 0.01595569 1000 -0.01434144 -0.01469488 -0.01487567 -0.01463886 -0.01526503 1000
21 0.52 -5.5 0.6 0 0.01732679 0.01718353 0.01701465 0.01748266 0.01766078 1000 -0.01491626 -0.01473328 -0.01436167 -0.01392178 -0.01445238 1000
22 0.4400001 5.5 0.8 0 0.01725103 0.01806541 0.0177552 0.01757002 0.01791748 1000 -0.01687351 -0.01760315 -0.01711965 -0.01723232 -0.01785267 1000
23 0.6999999 5.5 0.7 1 0.01712434 0.01688676 0.01609929 0.01642543 0.01635255 1000 -0.01435865 -0.01525837 -0.01573906 -0.01567339 -0.01555866 1000
24 0.4800001 -5.5 0.2 0 0.0148565 0.01345093 0.01048095 0.007609029 0.007013983 1000 -0.01598956 -0.01636119 -0.01628847 -0.01640456 -0.01670724 1000
25 0.42 -4 0.7 1 0.006502566 0.006613303 0.006494308 0.005998575 0.0065343 1000 -0.01532754 -0.01550952 -0.01583184 -0.01616515 -0.01632103 1000
26 0.28 4 0.1 0 0.007902198 0.007880748 0.007535756 0.006763741 0.006914098 1000 -0.02007578 -0.01984824 -0.02026027 -0.01927892 -0.01908475 1000
27 0.4 4.75 0.6 -1 0.00643499 0.006555988 0.006764892 0.00643414 0.006718859 1000 -0.01655727 -0.0170382 -0.01733656 -0.01686279 -0.01711803 1000
28 0.52 4 0.4 0 0.006055312 0.006209088 0.006018858 0.006587095 0.006445318 1000 -0.01784604 -0.0181646 -0.01835017 -0.01861396 -0.01907038 1000
29 0.6999999 4.75 0.6 1 0.007044381 0.007126352 0.006983718 0.006710294 0.007129548 1000 -0.01743957 -0.0174523 -0.01814706 -0.01799403 -0.0176283 1000
30 0.4600001 -4.75 0.5 -1 0.007775128 0.007340283 0.006136326 0.004752039 0.004563809 1000 -0.01791682 -0.01830934 -0.01834419 -0.01761905 -0.01734348 1000
31 0.56 -4.75 0.7 0 0.006394547 0.006086302 0.006014557 0.005540369 0.005691338 1000 -0.0176622 -0.01733026 -0.01808431 -0.01861802 -0.01893219 1000
32 0.6399999 -4.75 0.3 0 0.004233376 0.004659187 0.004492682 0.004378858 0.004114052 1000 -0.01960716 -0.02001836 -0.01995679 -0.01982972 -0.02096432 1000
33 0.38 4 0.6 0 0.00564738 0.004918774 0.004795808 0.004418164 0.004508149 1000 -0.02158357 -0.02136765 -0.0214879 -0.02192848 -0.02183647 1000
34 0.34 -4.75 0.2 0 0.005728831 0.005117487 0.005494162 0.005746632 0.00568789 1000 -0.0222651 -0.02205662 -0.02183628 -0.02234288 -0.02193921 1000
35 0.7199998 5.5 0.4 0 0.008148832 0.007698042 0.007569169 0.007651549 0.007936125 1000 -0.02507297 -0.02473852 -0.02376638 -0.02320996 -0.02254017 1000
36 0.8999997 -5.5 0.9 0 0.0092693 0.008454125 0.00795009 0.008249878 0.008364332 1000 -0.01839039 -0.01803536 -0.017535 -0.01802338 -0.01828591 1000
37 0.6999999 -4 0.6 -1 0.009536233 0.009350686 0.009626011 0.009766845 0.009851413 1000 -0.01958764 -0.01953246 -0.01946286 -0.01895328 -0.0190881 1000
38 0.4400001 -4 0.6 1 0.009539044 0.008792741 0.009248021 0.009563422 0.009339766 1000 -0.02054701 -0.02034917 -0.0199526 -0.019516 -0.0192669 1000
39 0.5000001 4.75 0.6 0 0.009865399 0.01017949 0.009970491 0.01021891 0.00973363 1000 -0.01922711 -0.01924303 -0.01903595 -0.0184651 -0.01840938 1000
40 0.4400001 4 0.6 -1 0.01018373 0.01055327 0.01035297 0.009755032 0.01037025 1000 -0.01789024 -0.01802511 -0.01809931 -0.01805058 -0.01774481 1000
41 0.4600001 4.75 0.9 0 0.0111948 0.01111544 0.01065772 0.01073016 0.01063239 1000 -0.01675129 -0.01754543 -0.01677437 -0.01660462 -0.01698209 1000
42 0.24 -5.5 0.1 0 0.01046237 0.01067565 0.01059943 0.0111281 0.01133267 1000 -0.01587427 -0.01658648 -0.01596762 -0.01537521 -0.01576564 1000
43 0.28 -4 0.4 0 0.01195406 0.01194347 0.01249102 0.01277078 0.01338551 1000 -0.01732343 -0.01672059 -0.01613684 -0.01502957 -0.01519439 1000
44 0.32 4.75 0.3 0 0.01457444 0.01469272 0.01484579 0.01458197 0.01493957 1000 -0.01717978 -0.01672673 -0.01647606 -0.01669474 -0.01618001 1000
45 0.3 -4 0.5 1 0.01581839 0.01580908 0.01565562 0.01607257 0.01639147 1000 -0.01686534 -0.01647239 -0.01635076 -0.01748531 -0.01700863 1000
46 0.34 4 0.5 -1 0.01742026 0.01735514 0.01752402 0.01790749 0.01786541 1000 -0.01718871 -0.01755335 -0.01693498 -0.01689989 -0.01632616 1000
47 0.16 4 0.1 0 0.0187965 0.01837347 0.01834783 0.01894101 0.01871894 1000 -0.01732399 -0.01805521 -0.01756148 -0.01778918 -0.01838664 1000
48 0.22 4.75 0.6 -1 0.02030665 0.02031996 0.02077409 0.02061532 0.02086094 1000 -0.01713942 -0.01726302 -0.01736347 -0.01702108 -0.0176757 1000
49 0.34 -5.5 0.5 -1 0.02160606 0.02120317 0.02117635 0.02163278 0.02217639 1000 -0.01762057 -0.01751322 -0.01745839 -0.0179203 -0.01842463 1000
50 0.52 -4 0.7 1 -0.02074626 -0.03002773 -0.02700505 -0.02514432 -0.02172389 1000 -0.007591095 -0.005895877 -0.008596109 -0.01408131 -0.02018419 1000
51 0.4 -4 0.8 0 -0.005635128 -0.0057327 -0.00561272 -0.005076348 -0.004333689 1000 -0.01130141 -0.008254984 -0.006251088 -0.004901764 -0.001306831 1000
52 0.08 -4.75 0.1 0 -0.002820866 -0.002679163 -0.003506562 -0.00304467 -0.001979608 1000 0.009124972 0.008233085 0.007857069 0.007634627 0.006304255 1000
53 0.4400001 4 0.6 0 -0.002014245 -0.001817156 -0.001861858 -0.00130058 -0.000971826 1000 0.002748379 0.002496356 0.001897512 0.002817449 0.002791986 1000
54 0.52 -4.75 0.7 1 -0.004947914 -0.004654252 -0.004046316 -0.003477507 -0.002563665 1000 -0.0002274296 0.0001281853 0.0003156428 0.0004407987 0.00150532 1000
55 0.42 -4.75 0.6 0 -0.0007917659 -0.0007714923 -0.001084828 -0.001195139 -0.0008550051 1000 0.001114013 0.001172159 0.001930362 0.001445852 0.0008717426 1000
56 0.5000001 -4.75 0.4 0 -0.0004129375 -0.0003051071 -0.0006219339 7.321321E-05 0.0002667464 1000 -0.002827668 -0.002858387 -0.002425981 -0.001956824 -0.0007778821 1000
57 0.6 -5.5 0.4 0 0.0005894175 0.0009735014 0.0008677855 0.0007636802 0.001354616 1000 -0.001648989 -0.001758392 -0.001792042 -0.001155163 -0.001291417 1000
58 1.04 -5.5 0.9 0 0.002146575 0.002763028 0.003174869 0.002736687 0.002991574 1000 -0.003177201 -0.002473975 -0.002170777 -0.001305356 -0.0009171941 1000
59 0.52 4.75 0.4 0 0.003267523 0.003656274 0.003427479 0.003403325 0.00323741 1000 -0.0005927263 -0.0009364871 -0.0003719831 -0.000102781 -0.001052102 1000
60 0.4600001 -4.75 0.6 -1 0.004442587 0.004479048 0.005285831 0.005704633 0.005978769 1000 0.002269743 0.002640744 0.003278708 0.003716205 0.003180198 1000
61 0.36 5.5 0.9 0 0.00662975 0.007451166 0.007574422 0.007024098 0.007621481 1000 0.002650979 0.002063741 0.002080088 0.002421231 0.002298633 1000
62 0.56 4.75 0.6 0 0.009833907 0.01009702 0.01017137 0.01016831 0.01046115 1000 0.003943494 0.004431009 0.004009909 0.004111215 0.004075127 1000
63 0.8399997 -5.5 0.6 0 0.01230033 0.01305876 0.01280655 0.01321234 0.01360789 1000 0.004015914 0.003551546 0.004360806 0.003711458 0.003082503 1000
64 0.34 4 0.2 0 0.01549641 0.01581872 0.01556322 0.01574902 0.01569264 1000 0.005140167 0.004561495 0.0044274 0.004506035 0.003896513 1000
65 0.4600001 -4 0.6 1 0.01598756 0.01671755 0.01692296 0.01716256 0.01728902 1000 0.00548378 0.004887793 0.004640532 0.004539095 0.003574298 1000
66 0.54 4.75 0.5 -1 0.018081 0.01821737 0.01903933 0.01935869 0.01962225 1000 0.002464756 0.003019564 0.00319002 0.004014879 0.004690376 1000
67 0.5000001 4 0.5 0 0.02126629 0.02205793 0.02197274 0.0212898 0.02179749 1000 0.004720944 0.003418766 0.003103825 0.003423709 0.003094063 1000
68 0.6199999 4.75 0.6 -1 0.02380119 0.02414453 0.02417477 0.02402288 0.02371197 1000 0.002534299 0.003073729 0.004314624 0.004849598 0.0051091 1000
69 0.8199998 -4.75 1 0 0.01469037 0.008983986 0.005889862 0.001988564 -0.0005863523 1000 0.003577173 0.00602685 0.004391938 0.0009741645 -0.002618812 1000
70 0.9799996 -5.5 0.6 1 0.007930093 0.009801385 0.007097029 0.007291536 0.00798275 1000 -0.005052969 -0.009048593 -0.0102299 -0.008410518 -0.005663428 1000
71 0.6399999 -4 1 0 0.009598971 0.009154189 0.009214441 0.008963465 0.009209357 1000 0.0002970656 0.001572154 -0.0002983331 0.0008010052 9.726722E-05 1000
72 0.6 -4 0.6 0 0.008031174 0.00901558 0.008684286 0.008957114 0.008516924 1000 0.002028923 0.0004367736 0.001358342 0.0006901177 0.0006299613 1000
73 0.6399999 -5.5 0.6 0 0.01032559 0.0101902 0.01084218 0.01004156 0.01060737 1000 0.001691574 0.002587737 0.0008466038 0.001884779 0.002252754 1000
74 0.8199998 -4.75 0.8 0 0.01387727 0.01438932 0.01403052 0.01368882 0.01365422 1000 0.001549062 0.0003413357 0.00154549 0.001746956 0.002093477 1000
75 0.28 4 0.1 0 0.0153675 0.01469862 0.01495191 0.01555279 0.01520706 1000 0.001542942 0.001581984 0.002767464 0.001126562 0.002783764 1000
76 0.2 5.5 0.1 0 0.01420377 0.01435446 0.01389784 0.0136705 0.01321521 1000 0.001708154 0.0009437161 0.002561594 0.002943371 0.002828476 1000
77 0.8199998 4.75 0.8 0 0.01385521 0.01415376 0.01403578 0.0140349 0.01430844 1000 0.002701158 0.00185619 0.002721779 0.002947542 0.002300479 1000
78 0.6999999 5.5 0.5 1 0.01300357 0.01313542 0.01248976 0.01206766 0.01228537 1000 0.002893685 0.001855211 0.001539734 0.003030269 0.002568586 1000
79 0.28 4.75 0.2 0 0.01370311 0.01287883 0.01246894 0.01268119 0.01280813 1000 0.002982843 0.002924375 0.00275588 0.00276007 0.001899895 1000
80 0.4400001 4 0.4 0 0.01261947 0.01310023 0.01308916 0.01340506 0.01365906 1000 0.0008269452 0.0007757845 0.002353888 0.001606392 0.00173477 1000
81 0.54 4 0.5 0 0.01311136 0.01314612 0.01317208 0.01279722 0.01310282 1000 0.001445105 0.001487279 0.0005616471 0.001107621 -0.0005529829 1000
82 0.5000001 5.5 0.5 -1 0.01337169 0.01389176 0.0137047 0.01377597 0.01385658 1000 0.0008844398 0.0007620161 0.001426617 0.001313201 0.0005509792 1000
83 0.8799997 -5.5 0.7 0 0.01435289 0.01405298 0.01343128 0.01371339 0.01455934 1000 0.0004755203 0.0003197201 0.0008035452 0.001249444 0.0003043751 1000
84 0.6999999 -4.75 0.5 0 0.01426134 0.0154281 0.01559894 0.01547339 0.01524999 1000 -5.019369E-05 0.0004364673 -0.0007389523 0.0007599914 -0.0005512894 1000
85 0.5000001 -4 0.2 0 0.01500633 0.01493473 0.01386263 0.01313793 0.01300757 1000 -0.0004205845 -0.001309618 -0.0005704018 -5.989055E-05 2.492924E-05 1000
86 0.8599997 -5.5 0.7 1 0.0138401 0.01343284 0.01325217 0.0130391 0.01288114 1000 1.512307E-05 0.0004372083 -0.0005752704 -0.0006729193 0.0008182292 1000
87 0.7999998 -5.5 0.2 0 0.01501678 0.01479808 0.01483834 0.01515831 0.01517228 1000 -0.0006700715 -0.0007559687 -0.000246909 -0.0007356521 -0.0004341982 1000
88 0.4600001 4 0.5 1 0.01606108 0.01581313 0.01562938 0.01570356 0.01572186 1000 0.0002373742 0.000226491 0.0005498646 0.0008453708 0.0006803107 1000
89 0.7999998 -4.75 0.8 0 0.01280514 0.01371313 0.01399215 0.01449603 0.01441053 1000 0.0002539305 0.0002236362 0.0009478639 0.0009346829 0.0004825121 1000
90 1.04 -4.75 0.7 0 0.01559201 0.01534424 0.01529898 0.01494564 0.0151895 1000 0.0002435687 0.0006022255 0.0008457782 0.0006038473 0.0004413425 1000
91 0.7799998 4 0.7 0 0.01524828 0.015566 0.01484513 0.01422274 0.01463553 1000 0.0009125728 0.001407664 0.001128361 0.001123581 0.0008103722 1000
92 0.6999999 4 0.1 0 0.01668032 0.01665652 0.0154504 0.0150132 0.0156704 1000 0.002098917 0.001360345 0.001564858 0.00182844 0.001087205 1000
93 0.8599997 5.5 1 0 0.01556468 0.01482085 0.01485023 0.01472052 0.01449099 1000 0.00242738 0.002231853 0.002708841 0.002926359 0.003220878 1000
94 0.8399997 -4.75 0.8 0 0.01969092 0.02022644 0.02002244 0.01983968 0.01959438 1000 0.009108038 0.008562709 0.008609867 0.008550548 0.007584599 1000
95 0.6 4.75 0.6 -1 0.01824112 0.01669361 0.0155137 0.0149033 0.01552474 1000 0.009225221 0.009064841 0.008428082 0.008415103 0.008785248 1000
96 0.9999996 4.75 0.5 -1 0.0165026 0.01642972 0.01630156 0.01589608 0.01607559 1000 0.008032785 0.008870418 0.009069366 0.008763441 0.00844954 1000
97 0.5000001 4.75 0.9 0 0.01796257 0.01762248 0.01789821 0.01771164 0.01739013 1000 0.007645385 0.007736415 0.007964874 0.008164668 0.009115512 1000
98 0.7999998 -4.75 0.6 -1 0.01702254 0.01666252 0.01630696 0.01681895 0.01749932 1000 0.008578403 0.008460674 0.009233156 0.009576031 0.00896073 1000
99 0.6199999 4 0.7 0 0.01991424 0.01964246 0.01967757 0.01948447 0.01960414 1000 0.007840134 0.007961927 0.008183487 0.008362752 0.009146423 1000
100 0.6799999 5.5 0.8 0 0.01879369 0.01849649 0.01730919 0.01638588 0.01639222 1000 0.00825007 0.008586934 0.008183532 0.009081176 0.009412249 1000
101 0.4600001 5.5 0.5 -1 0.01790418 0.01826179 0.01735636 0.01825351 0.01875353 1000 0.006937136 0.005700528 0.006284168 0.006571687 0.006622224 1000
102 0.24 4 0.3 0 0.02074745 0.02079681 0.02053381 0.02070877 0.02123137 1000 0.007670307 0.007812738 0.007347035 0.008066361 0.007551537 1000
103 0.32 4.75 0.4 0 0.02066565 0.02083039 0.01999227 0.01969545 0.02016003 1000 0.007050788 0.006683866 0.005895294 0.005918154 0.005604999 1000
104 0.38 5.5 0.5 1 0.0212175 0.02099401 0.02069471 0.02076574 0.02096415 1000 0.007285468 0.00736957 0.007972109 0.007395476 0.007503964 1000
105 0.4800001 5.5 0.6 -1 0.02115205 0.02097189 0.02003872 0.01974668 0.02033916 1000 0.008492898 0.007915364 0.007680517 0.007869851 0.007348666 1000
106 0.32 4.75 0.4 0 0.02017516 0.02047797 0.02064119 0.02005931 0.02017225 1000 0.007957089 0.008004995 0.007726249 0.007925516 0.008351993 1000
107 0.36 -4.75 0.7 1 0.0201997 0.02012067 0.01947971 0.01907575 0.0189155 1000 0.007772401 0.007719434 0.007726126 0.006851709 0.006778475 1000
108 0.6399999 4 0.8 0 0.01969808 0.01911082 0.01923113 0.01986082 0.0199007 1000 0.006823442 0.00716912 0.007700197 0.00752103 0.007716042 1000
109 0.4 4.75 0.2 0 0.02016376 0.01991773 0.01914256 0.01940466 0.02018786 1000 0.00691725 0.00657871 0.007625541 0.007683331 0.007481766 1000
110 0.5000001 -4 0.8 0 0.02046202 0.02053037 0.02032261 0.02029545 0.02057678 1000 0.005103308 0.005020654 0.005733024 0.00580658 0.005971313 1000
111 0.9199997 5.5 0.7 1 0.02225131 0.02181437 0.02205206 0.02232458 0.02275529 1000 0.006281565 0.005491974 0.005351007 0.005562974 0.005360114 1000
112 0.6399999 -4 0.5 -1 0.017734 0.01821345 0.01780035 0.01754048 0.01812862 1000 0.005944838 0.005536589 0.005553004 0.006255051 0.00599728 1000
113 0.34 -5.5 0.5 0 0.02029319 0.02045828 0.01976918 0.01939268 0.02034234 1000 0.0043185 0.003641621 0.003540413 0.004441276 0.004268045 1000
114 0.36 5.5 0.4 0 0.01915438 0.0188294 0.0189013 0.01883771 0.01838274 1000 0.00525163 0.004876079 0.005471303 0.005322339 0.005107346 1000
115 0.38 -4.75 1 0 0.01887096 0.01950912 0.01946945 0.01939147 0.01906962 1000 0.005240364 0.004473016 0.005242201 0.004901879 0.004475814 1000
116 0.4400001 5.5 0.8 0 0.02021494 0.01982755 0.02017548 0.02022852 0.02011974 1000 0.005641423 0.005870596 0.006410913 0.006702262 0.00708885 1000
117 0.8799997 -4 0.5 -1 0.02045537 0.02081213 0.02103218 0.0204155 0.01974792 1000 0.006500001 0.006279937 0.00632679 0.006395 0.00718203 1000
118 0.9599996 -4 0.7 0 0.01908041 0.01939764 0.01984327 0.01962953 0.01976171 1000 0.004778167 0.005074801 0.005188232 0.005931895 0.005844067 1000
119 0.4600001 4.75 0.5 -1 0.02058229 0.0202914 0.02022292 0.02012119 0.02052089 1000 0.006652603 0.006730539 0.006459376 0.006561894 0.006578394 1000
120 0.24 4 0.5 0 0.01797784 0.01774242 0.0165132 0.01350067 0.01155362 1000 0.007110579 0.006766424 0.008083442 0.00778876 0.007639867 1000
121 0.42 -5.5 0.2 0 -0.01258938 -0.01295732 -0.01164643 -0.01018183 -0.00935487 1000 0.01519074 0.01494114 0.01364205 0.01339863 0.01325803 1000
122 0.12 -4 0.2 0 -0.007301864 -0.006163551 -0.005141009 -0.002740034 0.0002749079 1000 0.01178562 0.01164673 0.01222834 0.01047202 0.009892783 1000
123 0.4 -4 0.4 0 0.003620809 0.00322029 0.002743133 0.00218708 0.002411799 1000 0.009318484 0.01005083 0.01091603 0.01080715 0.01123026 1000
124 0.4600001 4 0.5 0 0.003425996 0.003241449 0.002835659 0.003529786 0.003580263 1000 0.01107673 0.01060866 0.01087536 0.01130848 0.01083671 1000
125 0.9599996 -5.5 0.7 1 0.0009129922 0.001502335 0.00154341 0.002104163 0.00250631 1000 0.008563644 0.007814949 0.008175531 0.008768456 0.007984228 1000
126 0.4600001 4 0.6 1 0.00348436 0.003374807 0.003655208 0.003724979 0.003166206 1000 0.009252602 0.009639426 0.009799192 0.00985994 0.009966845 1000
127 0.9199997 -4 0.9 0 0.0006962391 0.0009986882 0.001113261 0.001212716 0.001549802 1000 0.009139628 0.009438675 0.009012751 0.00905171 0.009691466 1000
128 1.12 -5.5 0.9 0 0.001921703 0.002112472 0.002027149 0.001921609 0.001159213 1000 0.00923044 0.009765309 0.01002172 0.01022157 0.01019553 1000
129 0.7999998 4 0.7 -1 0.002229079 0.002916218 0.003142839 0.003264596 0.003028418 1000 0.009879223 0.01045457 0.01050141 0.01097437 0.0104811 1000
130 0.56 4 0.7 -1 0.002099263 0.001885953 0.001374602 0.001017382 0.0008014436 1000 0.01214553 0.01202272 0.01261542 0.01185683 0.0118926 1000
131 1.04 5.5 0.5 0 0.0001856896 0.0001074702 -0.0001206483 -0.0007831963 -0.0007121227 1000 0.01179236 0.01210441 0.01283915 0.01199454 0.01207884 1000
132 1.379999 5.5 1 0 -0.003945934 -0.003914367 -0.004185265 -0.005116917 -0.005290662 1000 0.01222175 0.01202786 0.01130721 0.01150092 0.01186091 1000
133 0.54 4 0.3 0 -0.003160642 -0.003155028 -0.002888809 -0.002028233 -0.002591509 1000 0.01183258 0.01235372 0.01303626 0.01207319 0.01238916 1000
134 0.36 -4 0.2 0 -0.002839995 -0.002728575 -0.002947747 -0.002809478 -0.002466376 1000 0.01278964 0.01293762 0.01221463 0.01282507 0.01236289 1000
135 0.5000001 4.75 0.5 0 -0.003290146 -0.003560779 -0.003835142 -0.003948345 -0.003997505 1000 0.01338881 0.01342952 0.01364704 0.01324158 0.01359036 1000
136 0.38 4 0.6 1 -0.006168771 -0.005779271 -0.005959808 -0.006485126 -0.007121804 1000 0.01354971 0.0137795 0.01410276 0.01464534 0.01405655 1000
137 0.34 5.5 0.6 1 -0.01074228 -0.01152616 -0.01136811 -0.01144494 -0.01169411 1000 0.01824655 0.0179847 0.01801879 0.01807651 0.01782109 1000
138 0.8599997 -5.5 1 0 -0.009872142 -0.01050247 -0.009854027 -0.009650947 -0.009878226 1000 0.01435086 0.01435372 0.01401666 0.0136265 0.01350491 1000
139 0.34 5.5 0.1 0 -0.009107967 -0.008626482 -0.008012702 -0.008359364 -0.008367849 1000 0.01196569 0.01225852 0.01237751 0.01340569 0.01325461 1000
140 0.6599999 4 0.6 1 -0.008108976 -0.009092647 -0.009488065 -0.009347567 -0.009367063 1000 0.01197776 0.01143215 0.01112553 0.0103448 0.009531702 1000
141 0.7799998 5.5 0.7 1 -0.01017431 -0.01017908 -0.01012769 -0.0100406 -0.01059864 1000 0.009482301 0.009617029 0.00993556 0.009668466 0.009677104 1000
142 0.28 -5.5 0.2 0 -0.00854362 -0.008970059 -0.009129235 -0.009427146 -0.0100882 1000 0.01037088 0.01065028 0.01078011 0.01058701 0.01075098 1000
143 0.42 4 0.5 -1 -0.008339823 -0.008275829 -0.008305945 -0.008721078 -0.008900439 1000 0.009854618 0.01019548 0.009888587 0.009441548 0.009985725 1000
144 1.279999 -5.5 0.3 0 -0.008378617 -0.008758029 -0.008078608 -0.007755304 -0.007789494 1000 0.009861277 0.0103022 0.01082057 0.01068875 0.01095956 1000
145 1.239999 4.75 0.8 0 -0.006479756 -0.006243679 -0.00634781 -0.007134064 -0.006468272 1000 0.009699221 0.01006351 0.009729439 0.01051798 0.01085945 1000
146 0.5000001 4.75 0.5 0 -0.00638119 -0.005935318 -0.005753289 -0.005574909 -0.005417171 1000 0.01148406 0.01064735 0.01139152 0.01155482 0.01128137 1000
147 0.58 -4 0.7 -1 -0.006844223 -0.007166749 -0.00764713 -0.007991078 -0.007873815 1000 0.01397641 0.01356526 0.01259386 0.01270227 0.01289326 1000
148 0.52 4 0.5 1 -0.01063818 -0.0107688 -0.01131267 -0.01205116 -0.01191238 1000 0.0128422 0.01330401 0.01322543 0.01274251 0.01277812 1000
149 1.339999 4.75 0.7 0 -0.009353525 -0.008568536 -0.008775464 -0.00861284 -0.008316863 1000 0.01303531 0.01334376 0.01441779 0.01408997 0.01367084 1000
150 6.819994 -4.75 0.4 0 0.001713996 0.007529321 0.01078599 0.0121717 0.01355286 1000 -0.02306846 -0.03221712 -0.03861872 -0.04029892 -0.04350051 1000
151 0.6 4 0.5 1 -0.01708462 -0.01834409 -0.02018191 -0.0218075 -0.0237365 1000 0.01173288 0.01201822 0.01299028 0.01318645 0.01281826 1000
152 0.56 -5.5 0.5 1 0.001446756 -0.0005749203 -0.002498517 -0.003527191 -0.004089499 1000 -0.001988966 -0.00189147 -0.0007337444 -0.001173939 -0.001922481 1000
153 0.52 5.5 0.6 1 -0.02060612 -0.01657799 -0.01438549 -0.0149692 -0.01645987 1000 0.004347386 0.002039191 -0.0002039305 -0.0006249751 0.001836566 1000
154 0.4800001 4 0.5 0 -0.01529285 -0.01319494 -0.01175222 -0.01057804 -0.01055925 1000 0.0001350277 0.0001634979 0.0003504548 0.00037613 0.0001784738 1000
155 0.4600001 -4.75 0.5 1 -0.005825054 -0.00455413 -0.004954932 -0.006075917 -0.006363724 1000 -0.004370714 -0.00761709 -0.007220525 -0.006073396 -0.005138229 1000
156 0.7199998 -5.5 0.3 0 -0.00767895 -0.003887602 -0.002745816 0.003604139 0.007040707 1000 0.0002780317 -0.0004583145 0.001257377 0.005990773 0.007413174 1000
157 0.8199998 4 1 0 0.002494439 -0.009999108 -0.01828997 -0.01269746 -0.01036225 1000 -0.004717817 0.003031488 -0.001913657 -0.008069023 -0.007890717 1000
158 0.14 4 0.1 0 -0.01152737 -0.009912978 -0.01138217 -0.01298887 -0.01108769 1000 -0.002175922 -0.004826079 -0.005819083 -0.004287146 -0.0009784971 1000
159 0.6999999 5.5 1 0 -0.01197157 -0.01213957 -0.01302783 -0.01340204 -0.01282607 1000 -0.004142091 -0.005546269 -0.003096957 0.0008481211 0.006891578 1000
160 0.54 -5.5 0.6 0 -0.01279564 -0.01203266 -0.0119051 -0.01087479 -0.01044868 1000 0.009053571 0.008042009 0.007875519 0.007335326 0.007864031 1000
161 0.6 4 0.5 -1 -0.008829006 -0.00857499 -0.008110742 -0.007254735 -0.00684722 1000 0.01274529 0.01270407 0.01326997 0.01311328 0.0136328 1000
162 0.4600001 -4.75 0.5 -1 -0.002528226 -0.002168906 -0.002663341 -0.001629193 -0.001135918 1000 0.01236509 0.01173225 0.01252969 0.01133603 0.01103338 1000
163 0.6799999 -4.75 0.6 0 0.002981684 0.003458625 0.004369724 0.004603824 0.004773575 1000 0.01190969 0.01218643 0.01165896 0.01188412 0.01222723 1000
164 0.6799999 4.75 0.5 0 0.001786667 0.002110058 0.002265686 0.002840014 0.002864957 1000 0.01335184 0.0129193 0.01254486 0.01206007 0.01109813 1000
165 0.7199998 -4 0.7 -1 7.144814E-05 0.000166113 0.0003812561 0.0005333286 0.002178778 1000 0.01041354 0.01013847 0.009180544 0.007749518 0.004880437 1000
166 0.6599999 4 0.4 0 0.0008340948 0.0009081948 0.001234323 0.001344603 0.001344213 1000 0.001764147 0.001756241 0.001574351 0.001798337 0.001407882 1000
167 0.7599998 5.5 0.6 -1 0.004671067 0.004606179 0.004896736 0.004560972 0.004356974 1000 0.003125364 0.003066373 0.003476515 0.003727988 0.003943177 1000
168 0.42 -5.5 0.2 0 0.005360542 0.005452801 0.005311486 0.005619634 0.005409658 1000 0.003691926 0.004024171 0.00401623 0.003615182 0.003779186 1000
169 0.4800001 -4 0.9 0 0.007414786 0.007913372 0.007688914 0.007826288 0.007815029 1000 0.003873065 0.003637387 0.00435803 0.003479205 0.003072054 1000
170 0.54 -4 0.5 -1 0.006186197 0.005807695 0.006127147 0.006203088 0.005582988 1000 0.001299791 0.003085794 0.00403985 0.004203655 0.003786647 1000
171 0.42 -4 0.5 1 0.003338489 0.004035961 0.007710114 0.006886244 0.00683567 1000 0.0002158056 -0.001345843 -0.003790654 -0.002498196 -0.001445934 1000
172 0.6399999 5.5 0.6 0 -0.003940026 -0.005642452 -0.006356657 -0.007015242 -0.007023004 1000 -0.003173876 -0.001941514 -0.00301369 -0.0009737124 -0.0008926357 1000
173 0.6999999 -4 0.6 1 -0.003816074 -0.001904459 -0.002054475 -0.001522734 -0.001201898 1000 0.003191369 0.001096069 0.003653582 0.002763774 0.001903019 1000
174 0.4600001 -4 0.6 0 2.409108E-05 0.000853469 0.001523344 0.001339058 0.001707812 1000 0.001816313 0.003439733 0.002262281 0.002368576 0.001205593 1000
175 0.52 -4 0.9 0 0.00275269 0.003094829 0.00267814 0.002415023 0.002492726 1000 0.0005587996 -0.0008443689 0.001384759 -0.000193222 -0.0004299952 1000
176 0.6599999 4 0.6 1 0.005600426 0.005633823 0.005905852 0.005854888 0.006218414 1000 0.0002919878 0.001133017 0.002160555 0.002310585 0.002863848 1000
177 0.6399999 -4 0.7 -1 0.008089871 0.007877897 0.007650834 0.00728003 0.007386198 1000 0.003940625 0.003591216 0.002932056 0.000779722 0.001077492 1000
178 1.279999 4.75 0.9 0 0.01075469 0.01110291 0.01001633 0.009328763 0.009685383 1000 0.002016966 0.000305087 -9.636794E-05 0.0009163144 0.001714486 1000
179 0.6399999 4.75 0.3 0 0.009909772 0.01025644 0.009907191 0.01016141 0.009881772 1000 0.003030629 0.002668857 0.00210339 0.002104949 0.001534421 1000
180 0.6799999 5.5 0.9 0 0.009375592 0.009190085 0.008592518 0.007896438 0.008155927 1000 0.002769242 0.002542409 0.002196507 0.0032296 0.005865021 1000
181 0.5000001 4.75 0.4 0 0.01211354 -0.007412135 -0.02055174 -0.02948991 -0.03929755 1000 0.002218911 -0.002881281 -0.005355959 -0.005884138 -0.00578772 1000
182 0.7199998 4 1 0 -0.02303608 -0.02394004 -0.02396915 -0.02335984 -0.02148211 1000 -0.004186355 -0.003032952 -0.00256708 -0.001410922 -0.002011764 1000
183 0.6799999 -5.5 0.9 0 -0.01579832 -0.01485546 -0.01354877 -0.01328788 -0.0104941 1000 0.008874011 0.01174175 0.01125835 0.01050945 0.007943199 1000
184 0.36 -5.5 0.3 0 -0.009085477 -0.009307348 -0.009256498 -0.008754516 -0.008887772 1000 0.009097072 0.007800969 0.009308217 0.009743026 0.01043362 1000
185 0.9999996 5.5 1 0 -0.01255312 -0.01212624 -0.01309978 -0.01326688 -0.01275277 1000 0.006544336 0.006680284 0.008118418 0.008078144 0.008029052 1000
186 0.7399998 4 0.7 1 -0.0133147 -0.01252419 -0.01219711 -0.0121998 -0.01183263 1000 0.00576882 0.006290928 0.006570483 0.008073106 0.008294943 1000
187 0.58 -4 0.5 0 -0.01080095 -0.01115762 -0.01160183 -0.01074204 -0.01077199 1000 0.005545967 0.004912791 0.00647807 0.006119749 0.005934687 1000
188 0.52 -4.75 0.7 -1 -0.01091147 -0.01021256 -0.009952776 -0.009598959 -0.009470446 1000 0.004822115 0.005130528 0.004950294 0.005854339 0.005668013 1000
189 0.6 -5.5 0.7 1 -0.008810443 -0.00856378 -0.008424531 -0.008213781 -0.007346768 1000 0.003842285 0.004112703 0.005009891 0.005152598 0.005149435 1000
190 0.22 -5.5 0.1 0 -0.006496624 -0.006097077 -0.006359269 -0.005615561 -0.005880178 1000 0.006372153 0.006590252 0.007259756 0.00709427 0.007456883 1000
191 0.6999999 -5.5 0.5 0 -0.006368774 -0.006885163 -0.007275042 -0.007234721 -0.00659511 1000 0.007378325 0.006995187 0.00733758 0.008133866 0.008268476 1000
192 0.52 -4 0.5 0 -0.007002985 -0.006863803 -0.006439089 -0.006316156 -0.006290175 1000 0.007199179 0.006834305 0.007999871 0.008708933 0.008876865 1000
193 0.42 -5.5 0.2 0 -0.006763508 -0.00676305 -0.005963522 -0.005924803 -0.005725224 1000 0.006736151 0.006804641 0.007053952 0.007273445 0.008388085 1000
194 0.52 5.5 0.7 -1 -0.006517589 -0.006284787 -0.005960329 -0.006270652 -0.006430528 1000 0.007677153 0.007731417 0.008293042 0.009085459 0.009358549 1000
195 0.6 -4.75 0.7 -1 -0.008954423 -0.009199713 -0.009614111 -0.009915706 -0.009479476 1000 0.009568129 0.009997658 0.01016557 0.01058323 0.01090474 1000
196 0.52 4 0.7 0 -0.009059217 -0.008946985 -0.008803482 -0.008215386 -0.008150728 1000 0.01090015 0.01138186 0.01160076 0.01125695 0.01107358 1000
197 0.6799999 5.5 0.5 0 -0.00772692 -0.007846553 -0.008132161 -0.007315764 -0.007342062 1000 0.01043225 0.009974187 0.01042572 0.009952194 0.009742008 1000
198 0.58 4.75 0.5 1 -0.007236529 -0.006500411 -0.006521621 -0.00590306 -0.005086055 1000 0.01059908 0.0105657 0.01089754 0.01084193 0.01015974 1000
199 0.6799999 5.5 0.3 0 -0.00783667 -0.007801868 -0.007925171 -0.007657196 -0.007671702 1000 0.01181712 0.0123649 0.01310579 0.01319274 0.01265013 1000
200 0.7999998 -5.5 0.9 0 -0.003342972 -0.001777548 -0.0008268431 -0.0009513494 -0.0008372427 1000 -0.01366834 -0.01327235 -0.01330164 -0.01391468 -0.01380947 1000
201 0.6799999 -5.5 0.5 1 -0.00710084 -0.007133114 -0.006751987 -0.005650496 -0.00619682 1000 -0.009141711 -0.009248287 -0.01330943 -0.01664489 -0.02021744 1000
202 0.56 4 0.8 0 -0.01133958 -0.01266208 -0.01329851 -0.01297528 -0.01206711 1000 -0.01523118 -0.01316698 -0.01103915 -0.01025901 -0.01070278 1000
203 0.7799998 5.5 0.6 1 -0.01273941 -0.01165188 -0.0108821 -0.01091839 -0.01065031 1000 -0.005768024 -0.006779673 -0.007433009 -0.005568609 -0.005368134 1000
204 0.4400001 4 0.2 0 -0.02531858 -0.02723761 -0.02494116 -0.02351636 -0.023272 1000 0.0007371421 -0.001464928 -0.004808669 -0.007525909 -0.006096419 1000
205 0.7199998 4 0.7 -1 -0.02384991 -0.02367797 -0.02329249 -0.02255118 -0.02102914 1000 -0.002216187 -0.004391122 -0.005318796 -0.004794716 -0.004109728 1000
206 0.5000001 -4.75 0.7 -1 -0.01547453 -0.01539194 -0.01550502 -0.01515554 -0.01460888 1000 -0.002233669 -0.002619134 -0.003467291 -0.004571185 -0.004780625 1000
207 0.54 4 0.7 0 -0.01488234 -0.0150041 -0.01484898 -0.0145074 -0.01385154 1000 0.001406691 0.00219052 0.002707144 0.003046449 0.003427635 1000
208 0.7999998 5.5 0.6 1 -0.01072679 -0.01049582 -0.01029556 -0.009925571 -0.009996912 1000 0.002512166 0.001933009 0.001502626 0.001611682 0.00191108 1000
209 0.7599998 5.5 0.3 0 -0.006077078 -0.005283811 -0.004267531 -0.003557256 -0.003236603 1000 -0.001138414 -0.001623131 -0.001492933 -0.001531713 -0.00225864 1000
210 0.6599999 4.75 0.6 -1 -0.00230146 -0.001986599 -0.001963938 -0.001644545 -0.001505608 1000 -0.002511117 -0.003648994 -0.004378844 -0.00403548 -0.004261696 1000
211 0.7799998 4 0.9 0 0.0003187484 0.0003060347 0.00032768 0.001157277 0.001046466 1000 -0.003278561 -0.003044782 -0.002513397 -0.002780336 -0.002627318 1000
212 0.9199997 4.75 0.7 0 0.001800505 0.001709641 0.001487208 0.00140906 0.001280214 1000 -0.001669339 -0.001986879 -0.001977791 -0.002438704 -0.002936351 1000
213 0.7999998 4.75 0.9 0 -0.008097691 -0.007989476 -0.008183502 -0.00933218 -0.009997834 1000 0.007919065 0.008467074 0.009723683 0.01123418 0.01181867 1000
214 0.38 5.5 0.2 0 -0.008530192 -0.009104799 -0.008466829 -0.008194895 -0.00793403 1000 0.01030432 0.01051661 0.01080231 0.01046579 0.01044192 1000
215 0.5000001 -4 0.5 0 -0.008738346 -0.007898017 -0.007516733 -0.006810933 -0.005896939 1000 0.009547323 0.009064107 0.009693654 0.01040863 0.01004093 1000
216 0.7999998 5.5 0.5 -1 -0.01085903 -0.01058454 -0.01011621 -0.009180789 -0.00928576 1000 0.01201154 0.01182884 0.01155521 0.01102006 0.01118464 1000
217 0.8199998 -4.75 0.1 0 0.02074624 0.01269102 0.002626244 -0.0009870924 -0.002601752 1000 0.0203403 0.02097776 0.02258148 0.02048544 0.01446687 1000
218 0.6199999 4.75 0.5 0 0.002728262 0.002727471 0.002814669 0.002816214 0.002834515 1000 0.009029066 0.009498216 0.009664596 0.009098381 0.009685238 1000
219 0.8399997 -5.5 0.6 -1 0.001629129 0.001492976 0.001634072 0.001745709 0.002098429 1000 0.01029182 0.01057189 0.0107167 0.01165222 0.01186972 1000
220 1.12 4.75 1 0 0.00432368 0.004266193 0.004417619 0.004214512 0.004062776 1000 0.01142413 0.01158124 0.01223399 0.01199088 0.01198617 1000
221 0.7599998 4 0.7 1 0.006558344 0.007260459 0.008483077 0.008840557 0.008936284 1000 0.00921039 0.00942923 0.009242893 0.00930993 0.009392514 1000
222 0.7799998 -4.75 0.7 -1 0.008130196 0.00879042 0.00920561 0.009436297 0.009808536 1000 0.0054326 0.004896272 0.005339904 0.004808309 0.004376465 1000
223 0.6199999 -4.75 0.5 -1 0.009235521 0.008962547 0.008488709 0.008627789 0.008343435 1000 0.001454247 0.001763519 0.00269198 0.003098894 0.003174259 1000
224 0.5000001 -4 0.1 0 -0.01174737 -0.01408374 -0.01454608 -0.01446417 -0.01507413 1000 0.01057589 0.01112499 0.01081161 0.0113449 0.01202364 1000
225 0.4400001 4 0.1 0 -0.01899506 -0.01938771 -0.0196394 -0.0197726 -0.02006743 1000 0.01192948 0.01177643 0.01193829 0.01278935 0.0137263 1000
226 0.4400001 -4 0.9 0 -0.0240238 -0.02431379 -0.0240686 -0.02401183 -0.0238264 1000 0.01030427 0.01104527 0.01203234 0.01146484 0.01165729 1000
227 0.6399999 4.75 0.7 1 -0.02125884 -0.02031177 -0.02029531 -0.02013119 -0.02007139 1000 0.01325711 0.01298241 0.01354997 0.01411464 0.01363735 1000
228 0.52 -4.75 0.5 0 -0.0190757 -0.01904543 -0.01894211 -0.01883505 -0.01875096 1000 0.01235019 0.01239871 0.01343573 0.01314937 0.01300918 1000
229 0.5000001 4.75 0.1 0 -0.01834244 -0.01731562 -0.01637025 -0.01565026 -0.01542773 1000 0.01228547 0.01216529 0.01281474 0.01327126 0.01247715 1000
230 0.14 4 0.1 0 -0.01441007 -0.01397025 -0.01393844 -0.01323157 -0.01386532 1000 0.01226694 0.01257339 0.01460849 0.01570571 0.01326628 1000
231 0.54 4.75 0.9 0 -0.01448525 -0.01425117 -0.01401141 -0.01370252 -0.01270009 1000 0.01464777 0.01475244 0.01505598 0.01582387 0.01591153 1000
232 0.4400001 -5.5 0.7 1 -0.01303222 -0.01358155 -0.01378749 -0.01294046 -0.01268005 1000 0.01656372 0.01681563 0.01687322 0.01598908 0.01574069 1000
233 0.52 -5.5 0.6 -1 -0.01172011 -0.01145351 -0.01114865 -0.01059349 -0.01050946 1000 0.0143053 0.01415482 0.01470499 0.01504015 0.01468523 1000
234 0.6 4.75 0.8 0 -0.009678186 -0.01022108 -0.01082192 -0.01099181 -0.01066867 1000 0.01438818 0.01500264 0.01505514 0.01530585 0.01570469 1000
235 0.6 5.5 1 0 -0.01079497 -0.009698268 -0.008887049 -0.009604147 -0.01059003 1000 0.01677589 0.01627494 0.01747051 0.01787926 0.01717019 1000
236 0.38 -4.75 0.5 0 -0.009376447 -0.009149275 -0.009233447 -0.009220026 -0.009001516 1000 0.01828141 0.0179378 0.01860479 0.0180665 0.01755451 1000
237 0.6399999 -5.5 0.7 0 -0.008509736 -0.009250073 -0.008539837 -0.008162739 -0.007663155 1000 0.01537995 0.01568832 0.01533958 0.01597471 0.01541885 1000
238 0.6199999 4 0.6 1 -0.00809907 -0.008375729 -0.008091977 -0.007983538 -0.007743508 1000 0.01483186 0.01507108 0.01460131 0.0147311 0.01519453 1000
239 0.4600001 4.75 0.9 0 -0.008849875 -0.009270963 -0.008743432 -0.007930318 -0.007692868 1000 0.01365601 0.01391421 0.01383516 0.01379965 0.01509676 1000
240 0.52 4 0.7 1 -0.007812355 -0.007404327 -0.00722645 -0.007148287 -0.007157756 1000 0.01510728 0.01508382 0.01604385 0.01556939 0.01495982 1000
241 0.56 -4.75 0.5 1 -0.008973801 -0.01025378 -0.01004226 -0.01027528 -0.01089335 1000 0.01411914 0.01458882 0.01438311 0.01431034 0.01420939 1000
242 0.56 5.5 0.6 0 -0.01080738 -0.01091563 -0.01070553 -0.01061276 -0.01051878 1000 0.01453307 0.01497701 0.0152601 0.01560751 0.01501341 1000
243 0.4 -4.75 0.6 1 -0.0110328 -0.01094719 -0.01001919 -0.01013005 -0.01027599 1000 0.01329916 0.01329864 0.01298818 0.01388176 0.01370382 1000
244 0.52 -5.5 0.7 1 -0.01176241 -0.01133679 -0.01009886 -0.01008523 -0.01014505 1000 0.01159419 0.01127196 0.0112617 0.01200391 0.01166265 1000
245 0.4400001 -4.75 0.7 1 -0.01218408 -0.01224087 -0.01124004 -0.01053312 -0.009936266 1000 0.009917201 0.01003925 0.009183169 0.009279453 0.009537552 1000
246 0.4400001 5.5 0.5 0 -0.007919464 -0.008072259 -0.007284074 -0.007424973 -0.007534655 1000 0.0100727 0.01026083 0.01042776 0.01085296 0.01172028 1000
247 0.8399997 -4.75 0.9 0 -0.01040635 -0.01075615 -0.01104772 -0.0119347 -0.01247212 1000 0.01005811 0.01041922 0.00970727 0.01021604 0.01084785 1000
248 0.4600001 -4 0.9 0 -0.009977786 -0.01012454 -0.009611717 -0.009900603 -0.01025017 1000 0.01118754 0.01163873 0.01200496 0.01243012 0.01180649 1000
249 0.6999999 -4.75 0.7 -1 -0.01290309 -0.01286831 -0.01375727 -0.0141049 -0.01410315 1000 0.009425738 0.008702438 0.008827889 0.008075366 0.005461274 1000
250 1.08 4 0.8 0 -0.02217517 -0.02266547 -0.02361802 -0.02544801 -0.02696228 1000 -0.006524972 -0.005614387 -0.004560252 -0.003362834 -0.0004839651 1000
251 0.52 4 0.6 -1 -0.01593777 -0.01474571 -0.01477644 -0.01635201 -0.01686597 1000 0.007217311 0.007194875 0.00719951 0.007142562 0.007715043 1000
252 0.6399999 -4.75 0.4 0 -0.01753527 -0.01820145 -0.0138559 -0.006770557 -0.003788573 1000 0.01118265 0.0137426 0.0159241 0.01584749 0.01411864 1000
253 1.539999 5.5 0.7 0 -0.004005802 -0.005681797 -0.003577034 -0.004476637 -0.00429685 1000 0.01985356 0.00930291 -0.003693431 -0.006837905 -0.004898484 1000
254 0.5000001 4 0.7 -1 -0.01328791 -0.01409244 -0.0126335 -0.01280701 -0.01106075 1000 0.01147357 0.01047063 0.01118808 0.01377736 0.01499837 1000
255 0.56 4.75 0.8 0 -0.01078017 -0.01077342 -0.01038656 -0.01024862 -0.01027673 1000 0.01792323 0.01748464 0.01556199 0.01387326 0.01656463 1000
256 0.6199999 -4.75 0.7 -1 -0.01235671 -0.01134913 -0.009442481 -0.01095652 -0.01145965 1000 -0.007347235 -0.007632794 -0.00846087 -0.01119536 -0.01506303 1000
257 0.6399999 -4 0.6 0 -0.0184069 -0.01700352 -0.01738122 -0.01641459 -0.01586981 1000 -0.01307782 -0.01276233 -0.01332169 -0.01425564 -0.01613093 1000
258 0.4400001 -4 0.4 0 -0.01721962 -0.01709718 -0.01674696 -0.01626872 -0.01420088 1000 -0.02210309 -0.02467945 -0.02752677 -0.02946025 -0.02871836 1000
259 0.54 5.5 0.3 0 -0.02215755 -0.02015914 -0.0195019 -0.01989212 -0.0205652 1000 -0.01969096 -0.01955276 -0.01850148 -0.01633824 -0.01376293 1000
260 0.6199999 -5.5 0.5 -1 -0.01919831 -0.01990991 -0.02028804 -0.02018396 -0.02049368 1000 -0.005681987 -0.005225335 -0.004435826 -0.004869724 -0.005651339 1000
261 0.56 5.5 0.5 0 -0.02355191 -0.02368744 -0.02376078 -0.02439037 -0.02485839 1000 -0.009973424 -0.009536631 -0.008937016 -0.008034353 -0.007562588 1000
262 0.6 -4 0.9 0 -0.02316329 -0.02100827 -0.02058588 -0.02008725 -0.02026248 1000 -0.005680354 -0.006029032 -0.005784175 -0.00590461 -0.006362984 1000
263 0.6599999 -4.75 0.7 -1 -0.01859296 -0.01833025 -0.01841635 -0.01781838 -0.0172253 1000 -0.008872087 -0.00913546 -0.009633838 -0.009602081 -0.009713485 1000
264 0.7399998 -4.75 0.5 1 -0.0170254 -0.01670561 -0.0171239 -0.01751568 -0.01686292 1000 -0.01095306 -0.0111149 -0.01109244 -0.01067055 -0.01048777 1000
265 0.7399998 -5.5 0.2 0 -0.01669 -0.01650807 -0.01654276 -0.01683826 -0.01625689 1000 -0.01146582 -0.0115253 -0.01191942 -0.01168094 -0.01133157 1000
266 0.8799997 -4.75 0.9 0 -0.01409454 -0.01387885 -0.01433752 -0.01477094 -0.01460275 1000 -0.01629292 -0.01666167 -0.01723751 -0.01745302 -0.01649244 1000
267 0.6799999 -4.75 0.6 -1 -0.01465748 -0.01434321 -0.01454621 -0.014005 -0.01339617 1000 -0.01905371 -0.01918363 -0.01891595 -0.01851909 -0.0188514 1000
268 0.6799999 -4.75 0.6 1 -0.01220707 -0.01265007 -0.01295002 -0.01257818 -0.01299878 1000 -0.01566408 -0.0163794 -0.01570795 -0.01542937 -0.01548936 1000
269 0.7799998 -5.5 0.7 -1 -0.01146236 -0.01051924 -0.009873112 -0.009409348 -0.008488124 1000 -0.01437454 -0.01422666 -0.01334627 -0.01389612 -0.01337324 1000
270 0.8799997 4 0.5 1 -0.009478441 -0.008859864 -0.008763315 -0.007899515 -0.008301103 1000 -0.01587514 -0.01556081 -0.01548246 -0.01618332 -0.01643434 1000
271 1.539999 -4.75 1 0 -0.005218683 -0.005320105 -0.005033565 -0.005513122 -0.006208563 1000 -0.01675062 -0.01687413 -0.01695282 -0.01736049 -0.01697887 1000
272 0.6799999 4.75 0.5 1 -0.004815737 -0.004859143 -0.004993191 -0.00479324 -0.004834895 1000 -0.01828084 -0.01835455 -0.01803265 -0.01769069 -0.01745158 1000
273 0.52 -4 0.6 1 -0.004919989 -0.004967135 -0.004508016 -0.003876079 -0.003751953 1000 -0.01711173 -0.01712197 -0.01831975 -0.01706315 -0.01775877 1000
