trial Response_Time velH Occlusion_Duration velH_Subject xRotations_first0 xRotations_first1 xRotations_first2 xRotations_first3 xRotations_first4 xRotations_first5 yRotations_first0 yRotations_first1 yRotations_first2 yRotations_first3 yRotations_first4 yRotations_first5
1 2.479998 5.5 0.6 -1 0.007776737 0.008945088 0.00851025 0.008742711 0.008010825 1000 0.008803683 0.002182551 0.004197004 0.009680539 0.0128193 1000
2 0.9599996 4.75 0.8 0 -0.0004348586 -0.0009273433 -0.001304145 -0.001488422 -0.001734484 1000 0.00982188 0.009662229 0.01009024 0.0103313 0.01036373 1000
3 0.8599997 -4.75 0.8 0 -0.004011172 -0.003777792 -0.003542262 -0.0034431 -0.003850425 1000 0.01047314 0.01055846 0.01134644 0.01079771 0.01070948 1000
4 0.6999999 4.75 0.6 0 -0.005787593 -0.005473587 -0.004570507 -0.004480036 -0.004306883 1000 0.01309035 0.01332858 0.01368294 0.01349648 0.01324457 1000
5 0.7799998 4 0.6 1 -0.005151485 -0.005401198 -0.005741507 -0.005579396 -0.006313475 1000 0.01504383 0.0144323 0.01467399 0.0150775 0.01422218 1000
6 0.54 -4.75 0.9 0 -0.004835959 -0.004727902 -0.004491798 -0.004550168 -0.004473674 1000 0.01331017 0.01296908 0.01282358 0.01291398 0.01283347 1000
7 0.8599997 -5.5 0.7 -1 -0.005287816 -0.006002174 -0.006431167 -0.006151645 -0.006534806 1000 0.01283887 0.0131767 0.01339205 0.01375689 0.01332385 1000
8 0.7999998 5.5 0.5 0 -0.006423463 -0.006573673 -0.005923013 -0.006179084 -0.006453816 1000 0.01363442 0.01379283 0.01407613 0.01361307 0.01430704 1000
9 1.279999 -4.75 1 0 -0.008099395 -0.00848483 -0.008107564 -0.008138011 -0.008111712 1000 0.01414248 0.01444232 0.01458116 0.01443745 0.01401896 1000
10 1.04 4.75 0.7 1 -0.009456785 -0.009514413 -0.009185653 -0.009669176 -0.009466943 1000 0.01512924 0.01530952 0.01506423 0.01420527 0.01449979 1000
11 1.199999 -5.5 0.7 1 -0.009891899 -0.01025661 -0.009038908 -0.008919678 -0.008812776 1000 0.0140453 0.01440797 0.01463627 0.01411361 0.01338563 1000
12 0.36 5.5 0.3 0 -0.01113753 -0.01115842 -0.01078925 -0.01059287 -0.009784123 1000 0.01455952 0.01490926 0.01446267 0.0144589 0.01507902 1000
13 0.5000001 4 0.8 0 -0.01083173 -0.01108023 -0.01081662 -0.01040508 -0.01019946 1000 0.01418894 0.01484964 0.01455927 0.01390575 0.01437618 1000
14 0.56 -4 0.5 1 -0.01067204 -0.01075887 -0.01059122 -0.0105508 -0.01034828 1000 0.01386318 0.01324571 0.01325374 0.01406444 0.01323264 1000
15 0.6999999 4.75 1 0 -0.01144128 -0.01114282 -0.01107743 -0.0113169 -0.01153085 1000 0.01320428 0.01346416 0.01269969 0.01312075 0.01343836 1000
16 0.9799996 -5.5 0.7 0 -0.00959016 -0.009905452 -0.01024538 -0.01032706 -0.01060962 1000 0.01336389 0.01340933 0.01356886 0.01310032 0.01279009 1000
17 0.9399996 4 0.6 1 -0.01005515 -0.01042589 -0.01040588 -0.01018198 -0.01064947 1000 0.01244945 0.01271401 0.0127005 0.01264038 0.01222784 1000
18 0.6799999 5.5 0.9 0 -0.01202812 -0.01234409 -0.01270594 -0.0125555 -0.01220602 1000 0.01212981 0.0119727 0.01190639 0.01189561 0.01201442 1000
19 0.7399998 -4 0.5 -1 -0.01210463 -0.01159224 -0.01141415 -0.01079529 -0.01029829 1000 0.01171774 0.01203246 0.01131731 0.01120626 0.01196861 1000
20 0.58 4.75 0.6 0 -0.01109773 -0.01151231 -0.01148442 -0.01122122 -0.01128874 1000 0.01193559 0.01130665 0.01120777 0.01147724 0.01182494 1000
21 0.8599997 5.5 0.7 -1 -0.01172014 -0.01198901 -0.0103874 -0.01139617 -0.01213761 1000 0.01135609 0.01139341 0.01156741 0.01073633 0.0110259 1000
22 0.56 5.5 0.5 0 -0.009508266 -0.01066745 -0.01141845 -0.0109132 -0.01055809 1000 0.01066817 0.01028791 0.01102892 0.01105133 0.01104017 1000
23 0.7599998 4 0.6 -1 -0.01207585 -0.01161542 -0.01083877 -0.010758 -0.01098584 1000 0.01039047 0.01082318 0.01060203 0.01019515 0.01074754 1000
24 1.199999 -4 1 0 -0.01074733 -0.0103434 -0.01080073 -0.01104441 -0.01143996 1000 0.01056216 0.01128998 0.01091483 0.01084518 0.01094885 1000
25 0.9199997 -4.75 0.6 0 -0.009949574 -0.01084599 -0.01110862 -0.01125425 -0.01106455 1000 0.01000465 0.009609221 0.009814929 0.01043688 0.01047527 1000
26 0.8999997 -4 0.7 1 -0.01113996 -0.01042124 -0.01043154 -0.01102899 -0.01110102 1000 0.009292761 0.01046236 0.01002502 0.009683183 0.009560402 1000
27 0.8399997 -4.75 0.8 0 -0.01097248 -0.01110626 -0.01121317 -0.01092281 -0.01113505 1000 0.01103225 0.01071824 0.01014823 0.0105424 0.009794661 1000
28 0.4 -5.5 0.2 0 -0.01027051 -0.0104585 -0.009753784 -0.009288822 -0.009296623 1000 0.009585598 0.01022733 0.01048734 0.01016891 0.009443563 1000
29 0.6199999 -4 0.9 0 -0.01031435 -0.01075507 -0.01014253 -0.00958344 -0.009445973 1000 0.00950277 0.009345907 0.009585502 0.009205407 0.008595799 1000
30 0.32 -4.75 0.2 0 -0.008720339 -0.00865121 -0.008756127 -0.008396673 -0.008564324 1000 0.00917356 0.008833407 0.008352466 0.009406447 0.00898922 1000
31 0.8999997 5.5 0.7 -1 -0.0104033 -0.0102035 -0.01058615 -0.01066226 -0.01022234 1000 0.008578552 0.00848978 0.00774948 0.008112407 0.008389542 1000
32 0.38 5.5 0.1 0 -0.00819004 -0.008380082 -0.008985617 -0.008909336 -0.008932921 1000 0.00836887 0.008206321 0.00882349 0.009200904 0.008423754 1000
33 0.5000001 4 0.6 -1 -0.009850584 -0.009945394 -0.009338842 -0.009074808 -0.009331401 1000 0.008225681 0.008456432 0.008536518 0.008581006 0.008223164 1000
34 0.6199999 4 0.4 0 -0.0082997 -0.009477895 -0.01163998 -0.01146742 -0.0109595 1000 0.008123806 0.009071771 0.009445839 0.008776567 0.00754094 1000
35 0.56 5.5 0.5 0 -0.01031385 -0.01033775 -0.01069443 -0.01033928 -0.009735547 1000 0.008340897 0.008508294 0.007783071 0.007634779 0.007995748 1000
36 0.6199999 5.5 0.4 0 -0.009648882 -0.00999304 -0.00998828 -0.009768542 -0.009793282 1000 0.008340559 0.007640062 0.00785162 0.00843581 0.007742314 1000
37 1.159999 -4.75 0.5 1 -0.009992223 -0.01010482 -0.01015955 -0.01021124 -0.009663996 1000 0.007673114 0.007833036 0.0072598 0.007347783 0.007379599 1000
38 0.9199997 5.5 0.5 1 -0.009649814 -0.009699972 -0.01009751 -0.01055089 -0.0106274 1000 0.007980432 0.007971874 0.007585878 0.00819446 0.008779787 1000
39 1.199999 -4.75 0.9 0 -0.01106353 -0.01105007 -0.0108956 -0.0115136 -0.01160998 1000 0.007912951 0.007952698 0.009016943 0.008423822 0.007986065 1000
40 0.9199997 -4.75 0.5 0 -0.0117008 -0.01128486 -0.01142531 -0.01157135 -0.01132504 1000 0.007865964 0.008048603 0.007455691 0.007491326 0.007670705 1000
41 1.199999 4.75 0.6 -1 -0.01166918 -0.01187733 -0.01166004 -0.01078319 -0.01133693 1000 0.007668734 0.007210785 0.007439008 0.007620744 0.007275841 1000
42 0.9999996 -4.75 0.5 1 -0.01165366 -0.01134086 -0.01089531 -0.01142982 -0.01243198 1000 0.007091653 0.00687815 0.007302775 0.006759351 0.006953194 1000
43 1.179999 -5.5 0.6 1 -0.01199489 -0.01188197 -0.01197975 -0.01176815 -0.01170616 1000 0.006737905 0.006789278 0.007938308 0.006727492 0.006708604 1000
44 0.9199997 -4 1 0 -0.01118618 -0.01100492 -0.0111445 -0.01161558 -0.01179319 1000 0.006780578 0.007544607 0.006739648 0.00645599 0.006484784 1000
45 1.159999 4.75 0.6 1 -0.01162683 -0.01097798 -0.01106743 -0.01159338 -0.01145334 1000 0.007461288 0.007372446 0.006909056 0.007160998 0.007404428 1000
46 1.1 -5.5 0.5 -1 -0.01068495 -0.010555 -0.0106394 -0.01035619 -0.009746868 1000 0.007129805 0.007428081 0.006801001 0.006696702 0.007093527 1000
47 1.299999 5.5 0.7 1 -0.009829427 -0.009418512 -0.009520244 -0.00920432 -0.009047871 1000 0.007334181 0.0071283 0.006675048 0.007273306 0.006823462 1000
48 0.8999997 -5.5 0.4 0 -0.009265431 -0.009298375 -0.00922753 -0.009634612 -0.009677554 1000 0.006329207 0.006840771 0.006900384 0.006436034 0.006501387 1000
49 0.18 4 0.1 0 -0.009551118 -0.009898614 -0.009096609 -0.009103975 -0.008532057 1000 0.007234037 0.007287067 0.006533222 0.006263171 0.006911618 1000
50 0.8399997 -5.5 0.7 0 0.00089974 0.0001290434 -0.001027354 -0.001059056 -0.001063802 1000 0.005189209 0.006456656 0.007720858 0.007552579 0.006647816 1000
51 0.7399998 -4.75 0.5 0 -0.001783491 -0.001848377 -0.0015463 -0.001063925 -0.0009828549 1000 0.007583061 0.007721965 0.007743107 0.008008146 0.008086398 1000
52 0.6799999 -4 0.5 0 -0.002236219 -0.001961416 -0.001696722 -0.001313326 -0.001329408 1000 0.007170285 0.007259739 0.007354236 0.00725448 0.006778205 1000
53 0.6799999 4 0.6 1 -0.0004720874 -0.0005711663 -2.803685E-05 -0.0001765868 -0.0007721233 1000 0.007987786 0.008309665 0.008637267 0.008115069 0.007645375 1000
54 0.7199998 -4 0.6 1 -0.002019826 -0.001863979 -0.001957458 -0.00218992 -0.002435309 1000 0.008290051 0.008149816 0.007496165 0.007653574 0.007909865 1000
55 0.7599998 4 0.4 0 -0.002874481 -0.003323721 -0.003555212 -0.003075119 -0.00307805 1000 0.008311342 0.008989047 0.008960123 0.00853695 0.008005679 1000
56 0.6 4.75 0.3 0 -0.002256949 -0.002387409 -0.00182293 -0.0020178 -0.002035066 1000 0.008914079 0.008447179 0.008361552 0.008835682 0.008309013 1000
57 0.34 -4.75 0.1 0 -0.003185772 -0.003098794 -0.002259047 -0.002156825 -0.002731876 1000 0.008114457 0.008502945 0.008854169 0.007861747 0.007906637 1000
58 0.4400001 -5.5 0.5 1 -0.002440766 -0.002017814 -0.002021478 -0.002265979 -0.002283713 1000 0.008786098 0.008214471 0.008152669 0.008598884 0.008762332 1000
59 0.36 -5.5 0.5 0 -0.002976445 -0.002682001 -0.002907339 -0.003055706 -0.003395425 1000 0.008837364 0.009032904 0.00848846 0.008646728 0.008851103 1000
60 0.4600001 4.75 0.8 0 -0.003048626 -0.002923276 -0.002866911 -0.0025817 -0.002232428 1000 0.008793638 0.008704043 0.009052648 0.009600104 0.00905776 1000
61 0.8199998 4.75 0.6 0 -0.003214624 -0.003167854 -0.003062326 -0.002791431 -0.002244555 1000 0.009456875 0.008551501 0.008966953 0.009121615 0.009296588 1000
62 0.8799997 -5.5 0.7 0 -0.002188389 -0.002384522 -0.002123888 -0.002315767 -0.002183193 1000 0.0091757 0.009538793 0.008971857 0.008465649 0.009220107 1000
63 0.9599996 -5.5 0.7 0 -0.002930109 -0.002577243 -0.002608077 -0.002729864 -0.002833852 1000 0.009408384 0.009635301 0.008826272 0.008864369 0.009043656 1000
64 0.8999997 -5.5 0.7 0 -0.003518164 -0.003318375 -0.003134558 -0.003329781 -0.00335226 1000 0.009200931 0.00887448 0.008268041 0.008472577 0.008898134 1000
65 1.06 -4.75 1 0 -0.002859642 -0.003853393 -0.004479727 -0.004535518 -0.004916216 1000 0.009875897 0.009576556 0.008553959 0.008968322 0.009760621 1000
66 1.279999 4.75 0.7 -1 -0.003002272 -0.003155644 -0.002751855 -0.002494465 -0.002481562 1000 0.009084316 0.008809684 0.009408306 0.009406149 0.008873375 1000
67 0.6399999 -4.75 0.5 0 -0.004737807 -0.004496936 -0.003859706 -0.003904351 -0.004133381 1000 0.009273333 0.009153199 0.009457554 0.008825307 0.008737438 1000
68 0.7199998 -5.5 0.7 -1 -0.002425835 -0.002677432 -0.003243089 -0.003698944 -0.003349256 1000 0.009233811 0.008767552 0.008583897 0.008675029 0.008991414 1000
69 1.159999 5.5 0.7 1 -0.002736488 -0.003078808 -0.002570334 -0.002479337 -0.002304658 1000 0.008383658 0.008442485 0.008800517 0.008474235 0.008446922 1000
70 0.9599996 4 0.6 0 -0.003606649 -0.004160793 -0.003830853 -0.003504202 -0.003443205 1000 0.00814668 0.008508615 0.00848738 0.008403406 0.007989685 1000
71 0.8799997 5.5 0.6 0 -0.005163718 -0.004884397 -0.005180428 -0.005524215 -0.005713387 1000 0.008115626 0.008365 0.007728818 0.007510018 0.007939167 1000
72 0.7799998 -4.75 0.6 0 -0.005121494 -0.004940512 -0.005115806 -0.005042024 -0.00490636 1000 0.0079266 0.007889084 0.00745783 0.007873343 0.008114559 1000
73 0.6599999 4.75 0.9 0 -0.003992153 -0.004074122 -0.004514364 -0.004745662 -0.004423182 1000 0.007852299 0.007267335 0.007504454 0.007714354 0.007690242 1000
74 0.7999998 4 0.5 1 -0.003216712 -0.004079961 -0.003565579 -0.003042639 -0.002966176 1000 0.008259533 0.008836819 0.008921095 0.007927499 0.007653604 1000
75 0.2 4 0.2 0 -0.001808306 -0.001786582 -0.001651943 -0.001274717 -0.001406577 1000 0.007537218 0.007907812 0.008445719 0.007683641 0.007743099 1000
76 0.42 -4 0.5 -1 -0.00169142 -0.002251986 -0.00109635 -0.001300638 -0.0017738 1000 0.00805076 0.008377501 0.008634411 0.008070085 0.008094142 1000
77 0.58 -4 0.5 -1 -0.001533487 -0.001951691 -0.002007429 -0.001704301 -0.001734345 1000 0.007852573 0.008172219 0.008361868 0.008365876 0.007707444 1000
78 0.8399997 4.75 0.7 -1 -0.002783944 -0.003266033 -0.003015283 -0.002977228 -0.0032036 1000 0.0084759 0.009084038 0.009262845 0.009142875 0.008889079 1000
79 0.9799996 -5.5 0.8 0 -0.003514327 -0.003708362 -0.003473366 -0.00339862 -0.002988806 1000 0.009493517 0.00905572 0.009889662 0.01018372 0.009286374 1000
80 0.8799997 -4.75 0.7 -1 -0.00434506 -0.004438747 -0.004302994 -0.004264547 -0.004463435 1000 0.009075684 0.009620074 0.009482716 0.009560941 0.009385682 1000
81 0.26 4.75 0.4 0 -0.011908 -0.009190541 -0.008459556 -0.009237536 -0.008952999 1000 0.01474741 0.01435043 0.01454952 0.01546251 0.0151756 1000
82 1.219999 -5.5 0.6 -1 -0.009157542 -0.008456473 -0.009099114 -0.0105751 -0.01096272 1000 0.01466926 0.01468271 0.01522344 0.01528858 0.01490809 1000
83 1.08 -4.75 0.6 1 -0.01308199 -0.0135698 -0.0128424 -0.0125968 -0.01273902 1000 0.01474497 0.01514183 0.01558037 0.01504876 0.01451553 1000
84 0.8199998 -4.75 0.5 0 -0.01435846 -0.01412211 -0.01368713 -0.01397663 -0.01349414 1000 0.01502744 0.01502559 0.01485112 0.01442085 0.0153496 1000
85 1.279999 -5.5 1 0 -0.01467311 -0.01432257 -0.01412753 -0.01441434 -0.01417718 1000 0.01523973 0.01528433 0.01496979 0.01480107 0.01505314 1000
86 1.08 4 0.7 -1 -0.01280179 -0.01334904 -0.01311238 -0.01325049 -0.01384934 1000 0.0158663 0.01553315 0.01537202 0.01495571 0.01490093 1000
87 0.8599997 4 0.6 0 -0.01395076 -0.01389696 -0.01329249 -0.01337691 -0.01357176 1000 0.01554012 0.01546266 0.01478248 0.01500675 0.01528785 1000
88 0.7599998 4.75 0.4 0 -0.014054 -0.01431818 -0.01348207 -0.01333151 -0.01378266 1000 0.01444307 0.01488083 0.01474314 0.01384775 0.0139728 1000
89 1.08 4.75 0.9 0 -0.01362119 -0.01344509 -0.01367476 -0.01450719 -0.01433546 1000 0.01477297 0.01385412 0.01373681 0.01453368 0.01483475 1000
90 1.259999 -4 0.6 1 -0.01219967 -0.01226331 -0.01250522 -0.0126226 -0.01262611 1000 0.01377555 0.01397959 0.01421492 0.01441344 0.0134302 1000
91 0.7399998 4.75 0.6 1 -0.01317988 -0.01286223 -0.01288752 -0.01279037 -0.01257806 1000 0.01425133 0.01387174 0.0135125 0.01386688 0.01382242 1000
92 0.8799997 -4 0.8 0 -0.01222971 -0.01238209 -0.01244716 -0.01184207 -0.01166403 1000 0.0133138 0.0139628 0.01484594 0.01410935 0.01328598 1000
93 1.06 -4.75 1 0 -0.009939998 -0.01076601 -0.01123041 -0.01074599 -0.01039912 1000 0.01285659 0.01346303 0.01353606 0.0136496 0.01320794 1000
94 0.7999998 -4.75 0.5 0 -0.01043758 -0.01074026 -0.01028294 -0.01040814 -0.01043932 1000 0.01259028 0.01281161 0.01259294 0.0119535 0.01217084 1000
95 0.4800001 -4 0.5 1 -0.009195812 -0.009554241 -0.01005549 -0.01024114 -0.01026217 1000 0.01249737 0.01269107 0.01308891 0.0130878 0.0130143 1000
96 0.7999998 5.5 0.5 -1 -0.008304087 -0.008357346 -0.00848623 -0.008336705 -0.007909268 1000 0.01341428 0.01255241 0.01277083 0.0131517 0.01386745 1000
97 0.2 -4.75 0.3 0 -0.009480975 -0.009048984 -0.008845518 -0.008626933 -0.00838752 1000 0.013776 0.01375711 0.01323745 0.01332408 0.01373548 1000
98 0.28 5.5 0.2 0 -0.008209902 -0.008244474 -0.008675162 -0.008844752 -0.008443626 1000 0.01324573 0.01292318 0.01362847 0.01341594 0.01410152 1000
99 0.8799997 5.5 0.7 -1 -0.008971211 -0.009045832 -0.008472629 -0.008797055 -0.009141743 1000 0.0136345 0.01377533 0.01387654 0.01304709 0.01316702 1000
100 0.5000001 -4 0.4 0 -0.009815685 -0.0102742 -0.01052595 -0.009969434 -0.01003675 1000 0.01288934 0.01318523 0.01326987 0.01324716 0.01275213 1000
101 0.7399998 -4.75 0.4 0 -0.009158696 -0.009045954 -0.009742825 -0.00993286 -0.009273219 1000 0.0135766 0.01325924 0.01359887 0.01368828 0.01368051 1000
102 0.9799996 4 1 0 -0.009508453 -0.009577364 -0.009443617 -0.009353832 -0.008617647 1000 0.0134496 0.01362433 0.01343194 0.0128235 0.01375855 1000
103 0.7399998 -4.75 0.5 0 -0.01139617 -0.01067264 -0.01032632 -0.0103421 -0.01075132 1000 0.01333077 0.01399072 0.01332154 0.01298339 0.01353075 1000
104 0.7399998 4 0.6 0 -0.009646319 -0.009826083 -0.01037598 -0.01045089 -0.01006993 1000 0.01280726 0.01254426 0.01274064 0.01282581 0.01357636 1000
105 0.8199998 -4.75 0.6 1 -0.01061382 -0.01085095 -0.0103399 -0.01039192 -0.01047385 1000 0.01329687 0.01339818 0.01351907 0.01310415 0.01303325 1000
106 0.7599998 -4.75 0.7 0 -0.01101625 -0.01123969 -0.01109032 -0.01060756 -0.01075296 1000 0.01407684 0.01373119 0.01404519 0.01408668 0.01370403 1000
107 0.7599998 5.5 0.7 0 -0.01019306 -0.01015114 -0.01020863 -0.01045742 -0.01049479 1000 0.01411998 0.01337859 0.01289447 0.01356886 0.01369195 1000
108 0.34 -4 0.3 0 -0.01124556 -0.01172563 -0.01116293 -0.01081668 -0.01106786 1000 0.01338649 0.01385169 0.01441998 0.01410154 0.01365393 1000
109 0.8599997 -5.5 0.5 -1 -0.0105071 -0.01062265 -0.01077839 -0.01101187 -0.01089884 1000 0.01436662 0.01328593 0.01313843 0.01366113 0.01394798 1000
110 0.58 -4.75 0.6 -1 -0.01197334 -0.0122031 -0.01188023 -0.01188823 -0.01138316 1000 0.01374473 0.01401948 0.01360663 0.01310922 0.01380453 1000
111 0.58 -5.5 0.5 1 -0.01170002 -0.01097736 -0.01050253 -0.01050415 -0.01079262 1000 0.01458634 0.01473798 0.01413063 0.01387844 0.01445329 1000
112 0.7799998 -4.75 0.6 -1 -0.01199164 -0.01176434 -0.01121912 -0.01111864 -0.0109664 1000 0.01520447 0.01522478 0.01452708 0.01443959 0.0147057 1000
113 0.7399998 -5.5 0.8 0 -0.01076931 -0.01051769 -0.01057093 -0.01054061 -0.01070788 1000 0.01495466 0.01524368 0.01602491 0.01525405 0.01549746 1000
114 1.12 4 0.9 0 -0.009540129 -0.009891842 -0.01032967 -0.01064616 -0.01054668 1000 0.0165182 0.01579648 0.01613105 0.0160717 0.01625797 1000
115 1.02 -4 0.6 0 -0.009804242 -0.00983443 -0.009782723 -0.010069 -0.01063886 1000 0.01631541 0.01668775 0.01653459 0.01621821 0.01663604 1000
116 0.6199999 5.5 0.6 0 -0.009241907 -0.009739757 -0.009528119 -0.009155088 -0.008708934 1000 0.0176503 0.01706069 0.01717372 0.01789583 0.01723671 1000
117 0.4400001 -4.75 0.2 0 -0.009146994 -0.009144013 -0.008664514 -0.008933404 -0.009489243 1000 0.01831986 0.01931206 0.01862106 0.01798181 0.01824658 1000
118 0.14 4 0.1 0 -0.007591834 -0.007779002 -0.007335259 -0.007425262 -0.007327585 1000 0.01788901 0.01832301 0.01865466 0.0185498 0.0186132 1000
119 0.58 4 0.3 0 -0.00780843 -0.008093104 -0.007813174 -0.007505388 -0.007623819 1000 0.01851948 0.0188339 0.01872709 0.01825013 0.01845042 1000
120 0.6199999 5.5 0.3 0 -0.006819519 -0.0067811 -0.006212832 -0.006595183 -0.006629196 1000 0.01879214 0.01868946 0.01841966 0.01880069 0.01874756 1000
121 0.8599997 4.75 0.7 -1 -0.00799716 -0.007791516 -0.007530633 -0.007157119 -0.006550069 1000 0.01896895 0.01838726 0.01842491 0.01879709 0.01857786 1000
122 1.08 -5.5 0.7 1 -0.007245025 -0.007661287 -0.008132597 -0.008311001 -0.00760115 1000 0.01879702 0.01813179 0.0182795 0.01834924 0.01855233 1000
123 0.16 -4 0.2 0 -0.007112935 -0.007035561 -0.007552415 -0.007955875 -0.007853526 1000 0.01882301 0.018678 0.01788781 0.01805918 0.01807323 1000
124 1.04 -4.75 0.8 0 -0.008295868 -0.008397113 -0.008376159 -0.008454386 -0.008849522 1000 0.01872461 0.01789431 0.0176341 0.01831642 0.01836874 1000
125 1.08 4.75 0.6 -1 -0.007908874 -0.007982958 -0.00818054 -0.008296647 -0.007552776 1000 0.0181888 0.0183518 0.01847568 0.017673 0.01890727 1000
126 1.219999 5.5 0.8 0 -0.009196176 -0.009887595 -0.009780086 -0.008975013 -0.008616724 1000 0.01835133 0.01849705 0.01844067 0.01816764 0.01790228 1000
127 1.779999 4.75 0.7 1 -0.009760884 -0.009794647 -0.009060994 -0.009550564 -0.009209162 1000 0.01896079 0.01909797 0.01912739 0.01872677 0.01903636 1000
128 0.9999996 4 0.5 0 -0.01022211 -0.01004046 -0.01013121 -0.00995842 -0.009965966 1000 0.01914339 0.01968155 0.01957656 0.01896895 0.019114 1000
129 0.56 5.5 0.2 0 -0.007975045 -0.008711079 -0.008355171 -0.008136971 -0.008128719 1000 0.01912387 0.0193717 0.01902742 0.01865956 0.01895845 1000
130 0.3 -4.75 0.1 0 -0.008205099 -0.007539184 -0.007321448 -0.007194819 -0.006946517 1000 0.01862349 0.01879489 0.01864173 0.01811645 0.01829428 1000
131 0.7199998 -4.75 0.3 0 -0.007214292 -0.007221906 -0.007177616 -0.006720382 -0.006771344 1000 0.01774801 0.01766746 0.01779775 0.01832902 0.01795529 1000
132 0.5000001 -4.75 0.7 0 -0.008136564 -0.0077931 -0.008063057 -0.008105259 -0.007649404 1000 0.01805253 0.01811172 0.01787665 0.0184224 0.01856297 1000
133 0.58 4 0.6 1 -0.007215345 -0.007108646 -0.007359931 -0.007290198 -0.007022501 1000 0.01834652 0.01811649 0.01820339 0.01867166 0.0184982 1000
134 1.219999 4.75 0.5 1 -0.006852859 -0.006727785 -0.006127797 -0.005934876 -0.00628472 1000 0.01779654 0.01774644 0.01819936 0.01770029 0.01750548 1000
135 0.8999997 -4 0.6 1 -0.006481904 -0.006581163 -0.006222058 -0.005726167 -0.005970964 1000 0.01838857 0.01819765 0.01854421 0.01811516 0.01808194 1000
136 0.6999999 -4.75 0.7 0 -0.00750363 -0.007938346 -0.007717885 -0.007328659 -0.007227614 1000 0.01802405 0.01849972 0.01876939 0.0183484 0.01781812 1000
137 0.56 -4 0.8 0 -0.007293797 -0.007046626 -0.007034814 -0.006829499 -0.007085881 1000 0.01840997 0.01773489 0.01787172 0.01841085 0.017747 1000
138 0.7999998 -5.5 0.9 0 -0.006343626 -0.006501461 -0.006055215 -0.006428218 -0.006686877 1000 0.01802895 0.01838261 0.01845948 0.01760971 0.01780812 1000
139 1.239999 -5.5 0.6 0 -0.009254852 -0.00878517 -0.009022974 -0.008546737 -0.00798301 1000 0.01781161 0.01801319 0.0186104 0.01904171 0.01862783 1000
140 0.22 -4.75 0.1 0 -0.007632831 -0.007845556 -0.008318716 -0.008796995 -0.008017479 1000 0.01927688 0.01839281 0.01882477 0.01892533 0.0190229 1000
141 1.859999 5.5 1 0 -0.008681969 -0.008799127 -0.008489802 -0.0079591 -0.008182893 1000 0.01828954 0.01807376 0.0182745 0.01834755 0.01803175 1000
142 1.799999 -5.5 0.7 -1 -0.008819134 -0.008538163 -0.008062849 -0.008552345 -0.008618728 1000 0.01945672 0.0194116 0.01897955 0.01871838 0.01927046 1000
143 2.119999 5.5 0.9 0 -0.009028155 -0.009010466 -0.00905489 -0.009589319 -0.009620205 1000 0.0189378 0.01865091 0.01844868 0.01878607 0.01879214 1000
144 1.439999 -5.5 0.6 1 -0.008193387 -0.008488865 -0.008234182 -0.008550296 -0.008739404 1000 0.01947438 0.01951042 0.01879029 0.01900395 0.01926354 1000
145 0.6999999 4 0.5 -1 -0.008236208 -0.008816116 -0.009365102 -0.009021551 -0.009029701 1000 0.01889054 0.01885994 0.0191214 0.01910837 0.01877827 1000
146 1.219999 4.75 0.9 0 -0.008582424 -0.008172683 -0.008237382 -0.008179397 -0.008296729 1000 0.01923169 0.01928677 0.01874962 0.01905114 0.01963251 1000
147 0.9399996 4.75 0.6 -1 -0.009699899 -0.009962648 -0.009473111 -0.009626053 -0.009314779 1000 0.01950409 0.01982238 0.01932626 0.01890229 0.01943617 1000
148 1.04 4 0.5 -1 -0.008039622 -0.008550527 -0.009230934 -0.009156465 -0.009073085 1000 0.02001944 0.01978322 0.01939708 0.01871332 0.01977504 1000
149 0.7999998 4 0.4 0 -0.009620613 -0.009740504 -0.01027242 -0.009545988 -0.009305318 1000 0.01993474 0.019747 0.01942476 0.0194813 0.01994757 1000
150 1.559999 5.5 0.8 0 -0.01057669 -0.01009723 -0.009602118 -0.009142327 -0.008635366 1000 0.01994247 0.0197041 0.0191819 0.01955767 0.01996306 1000
151 1.619999 -5.5 0.7 0 -0.008259437 -0.008115094 -0.008656944 -0.009140651 -0.009003943 1000 0.02036519 0.02018692 0.0196337 0.01967975 0.01972426 1000
152 1.379999 4.75 1 0 -0.00700245 -0.007557415 -0.008036627 -0.007840983 -0.00746556 1000 0.01958869 0.01912573 0.0192161 0.01949511 0.01956374 1000
153 1.04 -4.75 0.4 0 -0.007870906 -0.007320096 -0.007036033 -0.007875593 -0.008800922 1000 0.01877785 0.01862118 0.01847341 0.01875785 0.01909255 1000
154 0.7999998 4.75 0.5 0 -0.01376615 -0.01606634 -0.01656514 -0.01694103 -0.01805473 1000 0.01832898 0.01874607 0.01903351 0.01949776 0.02053238 1000
155 1.639999 5.5 1 0 -0.01413588 -0.01406615 -0.01415257 -0.01313603 -0.01359619 1000 0.02209966 0.02230849 0.02234028 0.02212632 0.02204077 1000
156 0.9599996 -4 0.5 -1 -0.01567799 -0.01596396 -0.01569313 -0.01500301 -0.01514998 1000 0.02299654 0.02242107 0.02172826 0.02158561 0.02152776 1000
157 1.459999 5.5 1 0 -0.01433194 -0.0149734 -0.01537645 -0.01494995 -0.01491299 1000 0.02179941 0.0214001 0.02162402 0.0212394 0.02130745 1000
158 0.2 5.5 0.1 0 -0.01380443 -0.01408735 -0.01352123 -0.01401304 -0.01401171 1000 0.02171411 0.02133856 0.02149609 0.02106025 0.02114032 1000
159 1.459999 -4.75 0.7 1 -0.01125637 -0.0115902 -0.01234027 -0.01253172 -0.01200038 1000 0.02203149 0.02120317 0.02112173 0.02088088 0.02169277 1000
160 0.9799996 -5.5 0.3 0 -0.01226788 -0.01236731 -0.01215851 -0.01209812 -0.01177513 1000 0.02065402 0.02074794 0.02055766 0.01997101 0.02023368 1000
161 1.819999 -4 0.8 0 -0.01124769 -0.0109459 -0.01173471 -0.01223863 -0.01290475 1000 0.020934 0.0209609 0.01998131 0.02014132 0.02055343 1000
162 1.859999 -5.5 0.8 0 -0.01191673 -0.01272546 -0.01311176 -0.01238294 -0.0127046 1000 0.01114078 0.01185187 0.0114762 0.01167143 0.0116134 1000
163 0.8199998 -4.75 0.9 0 -0.008069597 -0.007226252 -0.00681505 -0.007005815 -0.006573582 1000 0.0131031 0.0130872 0.01236057 0.01283335 0.01317991 1000
164 1.259999 -4 0.9 0 -0.004856398 -0.004961459 -0.00506048 -0.005052115 -0.004525758 1000 0.01438666 0.0141111 0.01449783 0.01482998 0.01506374 1000
165 1.399999 5.5 0.9 0 -0.003540048 -0.005618646 -0.005617243 -0.0039674 -0.003660926 1000 0.01517102 0.01609965 0.0153905 0.01478398 0.01513223 1000
166 0.8199998 4.75 0.5 1 -0.00357936 -0.003718746 -0.003234359 -0.00291469 -0.002899259 1000 0.01544938 0.01559187 0.01584929 0.01581354 0.01544058 1000
167 0.7799998 4 0.6 0 -0.002559462 -0.002321639 -0.002319794 -0.002644008 -0.002645595 1000 0.01612539 0.01573088 0.01539968 0.01488415 0.01579482 1000
168 1.08 5.5 0.7 0 -0.001369031 -0.001392114 -0.0006007371 -0.0007077134 -0.00100895 1000 0.01539491 0.01605928 0.01508725 0.01465935 0.01531578 1000
169 1.02 -4 0.6 1 0.0008625216 0.001082486 0.001744003 0.001289987 0.001177419 1000 0.01613986 0.01601972 0.0158662 0.01621484 0.01659921 1000
170 0.22 -4.75 0.1 0 0.001075797 0.001475392 0.002577431 0.001629568 0.001326524 1000 0.01711406 0.0166635 0.01629541 0.01612632 0.01623729 1000
171 0.34 -4 1 0 0.002965368 0.002675263 0.003191886 0.002689029 0.002444093 1000 0.01745348 0.01743723 0.01757201 0.0167514 0.01664354 1000
172 0.2 4 0.1 0 0.003034839 0.003197598 0.002448002 0.002216628 0.00228329 1000 0.01738305 0.01790024 0.01714008 0.01743097 0.01766217 1000
173 0.9399996 -4.75 0.6 -1 0.00277965 0.002621736 0.003205064 0.003309435 0.003469517 1000 0.01704053 0.01710833 0.01713454 0.0173908 0.01791318 1000
174 0.9999996 4.75 0.6 1 0.003341703 0.003486739 0.003445466 0.004397112 0.004616468 1000 0.01751139 0.0180899 0.01779277 0.01749808 0.01746815 1000
175 1.04 -4.75 0.6 -1 0.004198577 0.003864543 0.003580717 0.004329407 0.004751876 1000 0.01782368 0.0185001 0.01860583 0.01835483 0.01822708 1000
176 0.9999996 5.5 0.6 1 0.004431607 0.00453884 0.004606733 0.004653177 0.004068385 1000 0.01821073 0.01784551 0.01787303 0.01772857 0.01759693 1000
177 0.7599998 -4 0.4 0 0.003787089 0.003632202 0.00370052 0.004300639 0.00445384 1000 0.0175885 0.01769188 0.01776789 0.0174476 0.01730452 1000
178 0.7599998 4 0.4 0 0.003810773 0.004155262 0.004037566 0.004533202 0.00520913 1000 0.01733308 0.01737726 0.01699725 0.017548 0.01789747 1000
179 0.7999998 4.75 0.6 -1 0.004587684 0.004575176 0.004608609 0.004935305 0.004792211 1000 0.01750411 0.01765051 0.01784678 0.01716517 0.01692751 1000
180 0.9399996 4 0.5 0 0.004941821 0.00497842 0.004363205 0.004064117 0.004486315 1000 0.01771637 0.01707744 0.01723278 0.01714551 0.01724672 1000
181 0.8399997 -5.5 0.3 0 0.003793318 0.004460137 0.004629939 0.00452403 0.004739881 1000 0.01749996 0.01763302 0.01734353 0.01757866 0.01782166 1000
182 1.339999 5.5 0.9 0 0.005399325 0.005214565 0.005422302 0.004970544 0.004315182 1000 0.01803769 0.01798247 0.01786322 0.01764686 0.01749316 1000
183 1.299999 -5.5 0.5 -1 0.004000164 0.003764604 0.003911158 0.004450884 0.003692415 1000 0.01664304 0.01690247 0.01698045 0.01699829 0.01723337 1000
184 0.38 -4.75 0.3 0 0.00298179 0.00286717 0.003396877 0.003759332 0.003427028 1000 0.01692745 0.01661999 0.01701814 0.01688035 0.01643177 1000
185 0.9799996 5.5 0.5 -1 0.003478237 0.003285761 0.002783453 0.002959701 0.003259244 1000 0.01786533 0.01800065 0.01756188 0.01732082 0.01739095 1000
186 0.7599998 4 0.3 0 0.004386153 0.004232936 0.003778277 0.003692704 0.003909612 1000 0.01787612 0.01718564 0.01748713 0.01734936 0.01734013 1000
187 0.7399998 -5.5 0.3 0 0.003415583 0.00308459 0.003066836 0.003051942 0.003502843 1000 0.01842581 0.01820828 0.01749146 0.01729556 0.01780715 1000
188 0.6799999 -5.5 0.5 1 0.004000163 0.004498546 0.00496944 0.004498517 0.003620314 1000 0.01788424 0.0181336 0.01768601 0.01730066 0.01805133 1000
189 0.36 -5.5 0.4 0 0.004791975 0.00434515 0.004210818 0.004717214 0.004983787 1000 0.01793307 0.01785197 0.01738469 0.01739591 0.01710203 1000
190 1.459999 4 0.7 0 0.005219584 0.004538982 0.003933658 0.003825309 0.004514554 1000 0.01849989 0.01793725 0.01745272 0.0174939 0.01800188 1000
191 1.439999 4 0.7 0 0.00537591 0.0046512 0.004697864 0.005485178 0.005547746 1000 0.01730542 0.01741482 0.01779929 0.01816603 0.01760413 1000
192 1.04 -4 0.5 1 0.005413191 0.004712431 0.005107053 0.005937833 0.005488483 1000 0.01767819 0.01851907 0.01811575 0.0180567 0.01732293 1000
193 0.52 4 0.3 0 0.005283045 0.005629627 0.006717105 0.006879613 0.006524446 1000 0.01756684 0.01778736 0.01756551 0.01669974 0.01721149 1000
194 1.12 5.5 1 0 0.006225511 0.006099851 0.006838907 0.007073476 0.006464355 1000 0.01733022 0.01753638 0.0172851 0.01682258 0.01736166 1000
195 0.38 5.5 0.1 0 0.007062512 0.007224806 0.007039423 0.00694156 0.006940783 1000 0.01761517 0.01720655 0.0170286 0.01792516 0.01785984 1000
196 0.9799996 4 0.5 1 0.00613944 0.005579599 0.006351643 0.006412108 0.006534411 1000 0.01711367 0.01692946 0.01710916 0.01671691 0.01671531 1000
197 1.159999 -4.75 0.6 0 0.007239094 0.007056674 0.007200765 0.006361619 0.005845719 1000 0.01706372 0.01747182 0.01688615 0.01702 0.01734111 1000
198 1.519999 -4 0.8 0 0.006545792 0.006431949 0.007036168 0.007280651 0.00660706 1000 0.01623954 0.01655914 0.01672529 0.0172215 0.01710529 1000
199 1.439999 -5.5 0.9 0 0.007464241 0.006802957 0.006313889 0.006286773 0.00672022 1000 0.01708783 0.01664113 0.01658519 0.01659043 0.01657985 1000
200 1.319999 -4 0.8 0 0.005427364 0.005923184 0.005890948 0.00541635 0.004391428 1000 0.01800948 0.01761155 0.01707463 0.0172634 0.01766303 1000
201 0.54 -4 0.6 1 0.007468431 -0.004946716 -0.004240263 -0.001884282 -0.002357059 1000 0.01957952 0.02095592 0.02142115 0.02230171 0.02176902 1000
202 1.219999 -5.5 0.5 1 -0.0006919352 -0.000477724 -0.0001896193 -0.0009729264 -0.001819174 1000 0.01981713 0.02033292 0.02038165 0.01953929 0.01952154 1000
203 0.18 4 0.4 0 1.669631E-05 -0.0005540331 -0.0006068878 0.001397412 0.003879592 1000 0.02100227 0.02023875 0.02072418 0.02068985 0.0202445 1000
204 0.24 5.5 0.4 0 -0.003914441 -0.001237921 -9.732515E-05 0.0002228638 0.0007033853 1000 0.0208601 0.0211793 0.02133908 0.02189567 0.02347242 1000
205 0.34 -4 0.7 0 -0.001737695 -0.001553253 -0.000404267 0.0003883941 -0.0008520829 1000 0.02348782 0.02395495 0.02370637 0.0231387 0.02344171 1000
206 0.42 5.5 0.1 0 -0.007267288 -0.006003865 -0.005622386 -0.005593021 -0.004718576 1000 0.02280436 0.0228712 0.0224395 0.02261868 0.02325384 1000
207 0.8799997 -5.5 0.6 0 -0.005127206 -0.004524663 -0.004086103 -0.002699048 -0.002536881 1000 0.02353656 0.02340375 0.02310725 0.02276794 0.02287264 1000
208 0.56 4 0.2 0 -0.005816735 -0.005666731 -0.005337402 -0.005033195 -0.005093911 1000 0.02350571 0.0233657 0.02366107 0.02352628 0.02331607 1000
209 0.7999998 -4.75 0.4 0 -0.004016604 -0.003159686 -0.002763504 -0.003194647 -0.00257119 1000 0.02360176 0.02403356 0.02411651 0.02336034 0.02382815 1000
210 1.659999 5.5 0.6 0 -0.003221038 -0.002994341 -0.003273844 -0.002934861 -0.002849123 1000 0.02461992 0.02378295 0.02401278 0.02412232 0.02510768 1000
211 0.8199998 -5.5 0.9 0 -0.003025642 -0.002950912 -0.002666808 -0.002274523 -0.002090729 1000 0.0218595 0.02138777 0.02133232 0.02182473 0.02164831 1000
212 0.9999996 -4 0.6 1 -0.002500062 -0.002063095 -0.002254881 -0.002148914 -0.001897321 1000 0.02224067 0.02187959 0.02142108 0.02121964 0.02196996 1000
213 1.779999 -5.5 1 0 -0.00175883 -0.001283747 -0.001637634 -0.002243717 -0.00258098 1000 0.02218633 0.02186647 0.02156195 0.02220469 0.02233415 1000
214 1.239999 4 0.5 0 -0.002409723 -0.002836095 -0.001711072 -0.001453827 -0.002256972 1000 0.02269281 0.0222605 0.02101601 0.02189912 0.02206018 1000
215 0.6399999 4 0.1 0 -0.002272088 -0.002200402 -0.001839345 -0.002123992 -0.001909012 1000 0.02117681 0.02116504 0.02130544 0.02094956 0.02125718 1000
216 1.199999 -5.5 0.8 0 -0.001657974 -0.0009924275 -0.000993325 -0.001289115 -0.001298147 1000 0.02161412 0.02212702 0.02163755 0.02135726 0.0217423 1000
217 0.9799996 -4.75 0.7 1 0.001346488 0.0007327216 0.0008426592 0.001046284 0.0003727532 1000 0.02137355 0.02144251 0.02190127 0.02145042 0.02102328 1000
218 1.459999 5.5 0.5 1 0.0002154222 0.0001868686 0.000228454 0.0003018275 0.0001639276 1000 0.02118277 0.02156492 0.02131979 0.02075932 0.02107193 1000
219 1.199999 5.5 0.4 0 0.001170664 0.001588039 0.002018267 0.002351884 0.002084725 1000 0.02146993 0.02180966 0.02171835 0.02136588 0.02155961 1000
220 0.8799997 5.5 0.6 0 0.0008425306 0.001562839 0.001603182 0.00226888 0.002757461 1000 0.02144636 0.02101649 0.02089784 0.0212597 0.02143609 1000
221 0.6799999 -4.75 0.6 0 0.001894234 0.002489517 0.003133254 0.002826598 0.002435548 1000 0.02127483 0.02145135 0.02140789 0.02101948 0.02119595 1000
222 1.219999 -5.5 0.5 0 0.004931521 0.005756772 0.005997642 0.006114888 0.005862982 1000 0.02051036 0.02041377 0.02019938 0.0208264 0.02115964 1000
223 1.679999 4 0.6 1 0.005458364 0.004780651 0.003118504 0.002813157 0.00405037 1000 0.0212539 0.02140573 0.02160227 0.02113287 0.02090469 1000
224 1.799999 4 0.6 0 0.005679114 0.006455236 0.006842826 0.006515399 0.006240248 1000 0.02092503 0.02121266 0.02040638 0.02043135 0.02048403 1000
225 1.779999 4.75 0.6 0 0.008309959 0.008327254 0.009057715 0.009248368 0.009630037 1000 0.01939737 0.01942813 0.019002 0.01899094 0.01891829 1000
226 0.8599997 4.75 0.2 0 0.01093801 0.01128649 0.01127569 0.01073871 0.01034751 1000 0.01884068 0.01806194 0.01835378 0.018505 0.01832522 1000
227 1.719999 4 0.7 1 0.009995796 0.00947172 0.009535627 0.01048137 0.01004357 1000 0.01852882 0.01799002 0.01837541 0.01874287 0.01844352 1000
228 1.199999 5.5 0.5 -1 0.01038779 0.01026525 0.01013446 0.01027182 0.01069851 1000 0.01919673 0.01907886 0.01938098 0.01889531 0.01880848 1000
229 1.259999 -4.75 0.5 -1 0.0104807 0.009616789 0.01028823 0.01028532 0.01033561 1000 0.0193821 0.01941745 0.0192314 0.0190929 0.018164 1000
230 1.419999 -4.75 0.5 -1 0.01199827 0.01120709 0.01046009 0.01044533 0.01098465 1000 0.018838 0.01856922 0.01887211 0.01909749 0.01902429 1000
231 2.139999 4.75 0.9 0 0.0123275 0.0120879 0.01218223 0.01230644 0.0127127 1000 0.01909997 0.01902865 0.01924456 0.01880781 0.019137 1000
232 1.859999 -5.5 0.5 -1 0.01229425 0.01152506 0.01189634 0.01243014 0.01219615 1000 0.01959993 0.01990166 0.0192066 0.01911267 0.01932491 1000
233 1.659999 4.75 0.7 0 0.01266303 0.01179054 0.01122233 0.01212629 0.01211128 1000 0.01898483 0.01951526 0.01953921 0.01924272 0.01908789 1000
234 2.019999 -5.5 0.6 -1 0.01190722 0.01187723 0.01234027 0.01188895 0.01148042 1000 0.01893367 0.01930561 0.01923906 0.01846 0.01909713 1000
235 1.299999 4.75 0.5 1 0.0107766 0.0109939 0.01113756 0.01088706 0.01035875 1000 0.01876622 0.0191412 0.01847446 0.01857593 0.0193456 1000
236 1.699999 -4 0.5 -1 0.01145381 0.01211995 0.01313829 0.01199721 0.01157822 1000 0.01888112 0.01865602 0.01849805 0.01799539 0.01859912 1000
237 2.379998 -4.75 0.5 -1 0.01101267 0.01118365 0.0116966 0.01194936 0.01221079 1000 0.01898743 0.01875672 0.01876744 0.01890095 0.01871535 1000
238 1.499999 5.5 0.4 0 0.01109298 0.01086584 0.01075432 0.01075222 0.01115891 1000 0.01952545 0.01869779 0.019149 0.01892967 0.01897483 1000
239 1.699999 -5.5 0.6 -1 0.009804467 0.01022144 0.01026385 0.01030603 0.01076999 1000 0.01874954 0.01889247 0.01854306 0.0184922 0.01932188 1000
240 1.779999 4.75 0.6 1 0.01066176 0.01069065 0.01076935 0.01110813 0.01175417 1000 0.01941472 0.01845573 0.01869878 0.01893932 0.01912538 1000
241 1.359999 4 0.8 0 0.01268176 0.0125547 0.01291489 0.01243433 0.01215137 1000 0.01892746 0.0188993 0.01913432 0.01864449 0.01912396 1000
242 1.559999 4.75 0.5 -1 0.01344357 0.01329461 0.01293186 0.01348909 0.01379536 1000 0.01939437 0.01874788 0.01883741 0.01901383 0.01902031 1000
243 1.239999 -5.5 0.6 1 0.01390026 0.01412926 0.01460724 0.01500793 0.01484978 1000 0.01979964 0.01994855 0.02055832 0.01976367 0.01913388 1000
244 0.34 -4 0.2 0 0.01545927 0.01554432 0.01588824 0.01563784 0.0148746 1000 0.02005268 0.02069324 0.01997979 0.01945736 0.01966631 1000
245 0.7999998 -4.75 0.6 -1 0.01482478 0.0151527 0.01610405 0.01654146 0.01633517 1000 0.01900387 0.01882491 0.01952597 0.01924827 0.01919822 1000
246 1.779999 4.75 0.8 0 0.01703366 0.01635068 0.01714112 0.01761116 0.01764951 1000 0.02018091 0.02062434 0.02085691 0.02003149 0.0197104 1000
247 1.939999 -4 0.9 0 0.01784544 0.0143095 0.01292461 0.01419991 0.01537497 1000 0.02105752 0.02153176 0.02056886 0.02022864 0.02047612 1000
248 1.679999 -4 0.7 1 0.01650345 0.01569855 0.01548225 0.0159002 0.01663102 1000 0.02146447 0.02095235 0.02149808 0.02156602 0.02134368 1000
249 1.659999 4 0.7 0 0.01710141 0.01708504 0.01741674 0.01771163 0.01696246 1000 0.02124001 0.02099532 0.02109369 0.02069535 0.02043046 1000
250 0.18 -4 0.2 0 0.003026487 0.003857769 0.00353442 0.003914527 0.005110925 1000 0.02455633 0.02082622 0.02106094 0.02119153 0.01858644 1000
251 1.159999 -5.5 0.8 0 0.002417707 0.0009300445 -0.0007251475 0.004222924 0.01005627 1000 -0.001158812 -0.001601625 -0.00159897 0.003483015 0.009194147 1000
252 0.58 4 0.2 0 -0.0003889839 -0.0003874502 0.0002374808 0.0004364913 0.0006233393 1000 0.007579017 0.007334061 0.007657579 0.006917061 0.006561612 1000
253 1.14 -4 0.6 1 -2.765044E-05 0.001762479 0.002975935 0.002213919 0.001509255 1000 0.006939446 0.006648711 0.007470292 0.00688646 0.006383204 1000
254 0.52 -5.5 0.6 1 0.0006324999 0.00085791 0.000525285 0.0003575733 0.0007347701 1000 0.005910311 0.005656437 0.00613251 0.005807447 0.005623631 1000
255 1.239999 4.75 0.7 0 0.0005015284 0.0001029444 -0.0001036003 0.0004703513 0.001041007 1000 0.006041199 0.005841423 0.005503506 0.005592334 0.00541655 1000
256 1.359999 4.75 0.7 0 9.467141E-05 0.0006328367 0.0008256449 0.0007852428 0.0007274976 1000 0.005448985 0.006101438 0.006026716 0.005244492 0.005879884 1000
257 1.339999 4.75 1 0 0.000666514 0.0005273728 0.0001785519 0.0002126606 0.0003430713 1000 0.005566608 0.005696579 0.005754319 0.005584847 0.005247482 1000
258 0.8799997 -5.5 0.2 0 0.001303776 0.001443487 0.001155165 0.000838478 0.001857609 1000 0.006134886 0.006140341 0.005495898 0.00523016 0.005552409 1000
259 0.56 -4 0.1 0 0.001844212 0.002334356 0.002397597 0.00263197 0.00276891 1000 0.005365449 0.005782074 0.005704901 0.004907939 0.005418089 1000
260 1.219999 -5.5 0.4 0 0.004455347 0.005357935 0.005580203 0.005680967 0.005158997 1000 0.004951407 0.00533769 0.005002269 0.004852608 0.004686219 1000
261 1.159999 -5.5 0.2 0 0.006306188 0.006579125 0.006544548 0.006573471 0.006093363 1000 0.00514611 0.005102573 0.004655145 0.004813804 0.0049964 1000
262 0.34 4.75 0.2 0 0.004029737 0.004438945 0.004387785 0.004118765 0.003967416 1000 0.003818277 0.004142128 0.003765345 0.004065339 0.004013016 1000
263 0.8599997 4 0.8 0 0.004030654 0.004311302 0.004194744 0.004099824 0.00393913 1000 0.004148097 0.004761611 0.004291182 0.004221041 0.004483865 1000
264 1.12 4 0.7 -1 0.004679778 0.004646615 0.004863023 0.005451152 0.005794343 1000 0.004944463 0.004648988 0.004330445 0.004293006 0.004599358 1000
265 1.199999 -5.5 0.9 0 0.004540325 0.004524949 0.00477295 0.005166094 0.00515924 1000 0.004621623 0.0044344 0.004324944 0.004506338 0.004442935 1000
266 1.259999 5.5 0.5 1 0.001249048 0.001088564 0.001525892 0.001436818 0.001338461 1000 0.003570498 0.003351765 0.003875703 0.00348046 0.003358883 1000
267 0.24 4.75 0.1 0 0.002076336 0.002251592 0.002190934 0.00198512 0.002631853 1000 0.003352634 0.003171867 0.002683213 0.003219525 0.003377034 1000
268 0.7199998 -4 0.3 0 0.004685708 0.005082519 0.005608419 0.005633908 0.005217092 1000 0.002796304 0.003651215 0.003436828 0.002631117 0.002826808 1000
269 1.219999 4 0.9 0 0.006698255 0.006712588 0.006792439 0.006821501 0.007095898 1000 0.001661455 0.001894484 0.002043349 0.001664496 0.001609628 1000
270 1.879999 5.5 0.2 0 0.006073078 0.005589707 0.005432387 0.005786351 0.00639656 1000 0.002254942 0.002064039 0.002262346 0.002299591 0.00250975 1000
271 1.1 -4.75 0.7 0 0.004236613 0.004282004 0.004249234 0.004383571 0.005295354 1000 0.002353095 0.002146853 0.002142475 0.002089635 0.002544254 1000
272 0.34 -4 0.1 0 0.003498599 0.003643146 0.003564932 0.003710985 0.004315718 1000 0.00249701 0.00218677 0.002110135 0.002310653 0.002454214 1000
273 0.9199997 -5.5 0.6 -1 0.004612864 0.004145473 0.004545252 0.005087068 0.004718157 1000 0.002585356 0.002351817 0.002643749 0.002400801 0.002198864 1000
