trial Response_Time velH Occlusion_Duration velH_Subject xRotations_first0 xRotations_first1 xRotations_first2 xRotations_first3 xRotations_first4 xRotations_first5 yRotations_first0 yRotations_first1 yRotations_first2 yRotations_first3 yRotations_first4 yRotations_first5
1 0.3 -4.75 0.7 1 -0.02080283 -0.01922079 -0.01186556 -0.01063559 -0.01183051 1000 0.001382258 -0.01179405 -0.009645711 -0.007341875 -0.01096565 1000
2 0.36 -4.75 0.7 0 -0.01879293 -0.0178903 -0.01795197 -0.01893237 -0.02006074 1000 -0.01897086 -0.00490443 0.0003015301 -0.003237109 -0.005876636 1000
3 0.3 -4 0.4 0 -0.02209911 -0.02195756 -0.02138669 -0.02141286 -0.02169452 1000 0.002376143 0.00459834 0.005826053 0.005893083 0.005936714 1000
4 0.4 4 0.8 0 -0.02451751 -0.02492798 -0.02538139 -0.02560643 -0.02681936 1000 0.006255103 0.005544373 0.005699153 0.007932206 0.01278338 1000
5 0.4800001 4 0.9 0 0.0007324445 0.0009471154 -0.001001316 0.0006481027 -0.0002084606 1000 0.003418784 0.004117411 0.003184188 0.004329735 0.009171668 1000
6 0.56 -4 1 0 -0.009762147 -0.01010844 -0.009636938 -0.009233251 -0.008966252 1000 0.01597904 0.01316691 0.01353482 0.01357756 0.01265038 1000
7 0.56 -4 0.8 0 -0.005876599 -0.005641408 -0.005196197 -0.005119667 -0.005403081 1000 0.009707298 0.01059439 0.01181477 0.01147108 0.01028003 1000
8 0.4600001 -4.75 0.6 -1 -0.00608889 -0.005726947 -0.00533845 -0.005316278 -0.005337512 1000 0.01120949 0.01119183 0.01186145 0.01165423 0.008025304 1000
9 0.56 -4 0.9 0 -0.004120339 -0.003669732 -0.003489473 -0.003395081 -0.003298598 1000 0.001961664 0.002542712 0.002962693 0.00192756 -0.0007347574 1000
10 0.22 -5.5 0.3 0 -0.002556305 -0.002551509 -0.002707107 -0.003036343 -0.002860128 1000 -0.009124387 -0.007719044 -0.006640092 -0.007615402 -0.008556936 1000
11 0.38 4.75 0.6 1 -0.002666541 -0.002166484 -0.001491017 -0.00123483 -0.0009497411 1000 -0.01088023 -0.01041446 -0.009442445 -0.00905429 -0.008433543 1000
12 0.6599999 -5.5 0.7 -1 0.0003162345 0.0007157184 0.0007688674 0.0007644948 0.001131922 1000 -0.004857372 -0.005203197 -0.005463818 -0.004603932 -0.004536437 1000
13 0.42 -4.75 0.6 0 0.004396161 0.003870999 0.006133836 0.004503078 0.005448537 1000 -0.0008728369 -0.001917324 -0.007227632 -0.007856029 -0.01199429 1000
14 0.4400001 4 0.7 -1 -0.001507046 -0.003835832 -0.0005179351 0.002241677 0.004660379 1000 -0.008418106 -0.009878099 -0.01128208 -0.008336767 -0.006474857 1000
15 0.52 -5.5 0.7 -1 -0.00782688 -0.007122802 -0.005822377 -0.00532851 -0.00312285 1000 0.002897173 0.004779981 0.004653701 0.004342136 0.003655259 1000
16 0.6 -5.5 0.6 -1 -0.006347986 -0.005855686 -0.004746702 -0.004094797 -0.003504664 1000 -0.002975733 -0.002070639 -0.0009596464 -0.0008283287 -0.001601065 1000
17 0.28 5.5 0.4 0 -0.004182477 -0.003486102 -0.002636335 -0.002267275 -0.001724896 1000 -0.008803549 -0.009017209 -0.008362989 -0.007276315 -0.006256044 1000
18 0.22 -4 0.2 0 -0.004986093 -0.004290576 -0.00363099 -0.003250141 -0.003186564 1000 -0.007767038 -0.006877901 -0.00687763 -0.006650199 -0.006717504 1000
19 0.7199998 4.75 1 0 -0.00441884 -0.00381712 -0.003132656 -0.002645619 -0.002261777 1000 -0.007655072 -0.006657106 -0.006693789 -0.00637303 -0.006456986 1000
20 0.16 4.75 0.2 0 -0.003526568 -0.003820744 -0.003418748 -0.003088002 -0.002977163 1000 -0.005569681 -0.00413703 -0.004408398 -0.004582461 -0.00439817 1000
21 0.58 5.5 1 0 -0.002794596 -0.001726011 -0.001008842 3.010008E-05 0.0001441538 1000 -0.004191923 -0.003496575 -0.004169249 -0.004183767 -0.003777039 1000
22 0.34 4.75 0.5 0 -0.0001402909 0.0001876704 0.0006381014 0.0007219567 0.0007655281 1000 -0.004311887 -0.003641721 -0.003842616 -0.003601582 -0.003421152 1000
23 0.28 5.5 0.6 0 0.006018067 0.006467662 0.005079258 0.01480097 0.01156333 1000 -0.01083267 -0.01492945 -0.02788854 -0.03068777 -0.02003777 1000
24 0.32 -4.75 0.5 1 -0.01138173 -0.008133117 -0.005409897 -0.00490669 -0.005356829 1000 -0.009671383 -0.007879075 -0.009576042 -0.01202438 -0.01454449 1000
25 0.26 4 0.5 1 -0.002858478 -0.002517791 -0.001822858 -0.001725806 -0.001619656 1000 -0.01496277 -0.01437795 -0.01394694 -0.01411618 -0.01317197 1000
26 0.2 5.5 0.3 0 -0.002114163 -0.00160155 -0.001075101 -0.0004572525 5.45749E-05 1000 -0.01164341 -0.01141022 -0.01146709 -0.01082708 -0.01071091 1000
27 0.26 5.5 0.3 0 0.0006308131 0.0004870014 0.0006746588 0.001033816 0.002335594 1000 -0.01021035 -0.008836998 -0.008988129 -0.00897059 -0.009160088 1000
28 0.14 4.75 0.5 -1 0.004379701 0.004364839 0.004290235 0.003936555 0.004651931 1000 -0.008161256 -0.007550622 -0.007722519 -0.007973323 -0.007953021 1000
29 0.8599997 5.5 1 0 0.006174116 0.005861184 0.005736359 0.005718276 0.005759694 1000 -0.007411366 -0.006548787 -0.006710336 -0.006515854 -0.006930497 1000
30 0.6199999 -4.75 0.6 0 0.008086883 0.008249337 0.008688578 0.009138768 0.009357093 1000 -0.00588211 -0.005724307 -0.006230744 -0.006624311 -0.007169219 1000
31 0.6799999 -5.5 0.6 0 0.01038047 0.01060134 0.01157053 0.01161678 0.01199358 1000 -0.006997922 -0.005590211 -0.006012527 -0.007154207 -0.008050598 1000
32 0.56 4 0.5 0 0.01161811 0.01132992 0.01166967 0.0118841 0.01206456 1000 -0.007305815 -0.004777132 -0.005137234 -0.00590525 -0.005757315 1000
33 0.4 -4.75 0.6 1 0.008561753 0.009935632 0.01059725 0.01094495 0.01170596 1000 -0.00357311 -0.003466841 -0.00450085 -0.00558088 -0.005926014 1000
34 0.5000001 5.5 0.7 0 0.01548496 0.01516279 0.01546145 0.0155906 0.01577622 1000 -0.008600104 -0.007620603 -0.007609119 -0.007748513 -0.007543474 1000
35 0.26 5.5 0.2 0 0.01990538 0.02022355 0.0201393 0.02005977 0.0205464 1000 -0.007379563 -0.006940906 -0.007250523 -0.006831538 -0.007184933 1000
36 0.12 4.75 0.1 0 0.02275531 0.02244403 0.02238921 0.02228282 0.0227503 1000 -0.00839093 -0.007048789 -0.007289803 -0.007698975 -0.007527179 1000
37 0.2 4 0.5 -1 0.02366742 0.02357669 0.0236442 0.02428566 0.02479254 1000 -0.008063958 -0.007268164 -0.00720712 -0.007345885 -0.007643715 1000
38 0.6799999 -4.75 0.8 0 0.02001912 0.0192831 0.0209254 0.02219998 0.02232272 1000 -0.008454894 -0.008119376 -0.007743176 -0.00804857 -0.008153846 1000
39 0.42 4 0.5 1 0.01615832 0.0155357 0.01545481 0.0151861 0.01712649 1000 -0.01218945 -0.01070868 -0.01147727 -0.011155 -0.0141506 1000
40 0.42 4.75 0.7 0 0.008570999 0.008991963 0.009559621 0.009612435 0.009996559 1000 -0.01467688 -0.01262858 -0.01163262 -0.01205697 -0.01099336 1000
41 0.24 5.5 0.4 0 0.01151328 0.01353999 0.01258146 0.0108364 0.01035519 1000 -0.009474577 -0.01307472 -0.01504122 -0.01365751 -0.01219886 1000
42 0.56 4.75 1 0 0.008762009 0.007793034 0.00931015 0.01168465 0.01254957 1000 -0.01372303 -0.01419185 -0.01412036 -0.01082695 -0.003843953 1000
43 0.6 -5.5 0.8 0 0.01315695 0.01109987 0.009150871 0.006259589 0.007553661 1000 -0.002279277 -0.001004826 0.0007716034 -0.004473879 -0.01568868 1000
44 0.36 4.75 0.4 0 0.003793512 0.004154008 0.00375023 0.003163734 0.002867953 1000 -0.01927928 -0.01461582 -0.01217385 -0.01080225 -0.007020011 1000
45 0.24 4 0.2 0 0.003336923 0.00318104 0.002732233 0.002440879 0.001346092 1000 0.002100463 0.002156196 0.003108299 0.002692234 0.004739878 1000
46 0.02 -4 0.1 0 -0.0007724823 -0.001211672 -0.001661286 -0.001780965 -0.001293915 1000 0.005167447 0.005896924 0.00623308 0.00605398 0.005491085 1000
47 0.38 -4 0.5 -1 -0.001665024 -0.00179326 -0.0011935 -0.0005138029 -0.0004975936 1000 0.004053166 0.004350592 0.004196831 0.004228801 0.004192447 1000
48 0.34 -5.5 0.5 -1 0.0009324034 0.0009589899 0.001366329 0.001566625 0.001855038 1000 0.004076824 0.005371108 0.00505844 0.004537801 0.004338243 1000
49 0.4 4.75 0.5 -1 0.002399326 0.002694057 0.002764436 0.00319504 0.003458962 1000 0.003942268 0.004522261 0.004595516 0.004289026 0.004332506 1000
50 0.4800001 -5.5 0.4 0 0.002782294 0.00239104 0.002150583 0.002671398 0.003184629 1000 0.003592588 0.002996345 0.001658669 0.002086449 0.001722833 1000
51 0.36 4 0.3 0 0.005957089 0.005905587 0.006256226 0.006957681 0.00733339 1000 -0.001811986 -0.001098445 -0.0009486203 -0.001240993 -0.0008734312 1000
52 0.52 4 1 0 0.01297417 0.01294944 0.0132314 0.01265284 0.01333418 1000 -0.004400444 -0.004901048 -0.002781441 -0.002143964 0.0007373364 1000
53 0.42 -4.75 0.6 1 0.01527545 0.01945184 0.0195983 0.01980738 0.02032488 1000 0.003523755 0.002217046 0.0003919126 -0.004420003 -0.01345663 1000
54 0.34 4 0.7 -1 0.0106935 0.01011051 0.009102837 0.01031047 0.00960902 1000 -0.01008181 -0.007775184 -0.003618558 0.000911965 0.006490989 1000
55 0.38 -4 0.7 -1 0.01211705 0.01357267 0.0134536 0.01311997 0.01296516 1000 0.01392421 0.01305499 0.0136943 0.01446881 0.01397918 1000
56 0.56 5.5 0.7 1 0.01099378 0.01176446 0.0128587 0.01275797 0.01295907 1000 0.0111332 0.01120543 0.01220644 0.01286751 0.01373811 1000
57 0.56 4.75 0.7 1 0.01792104 0.01753127 0.01715158 0.01972725 0.02355446 1000 0.002343566 0.00352961 0.003498621 0.006123896 0.01006145 1000
58 0.12 5.5 0.1 0 0.002955027 0.001998081 0.003394499 0.007516102 0.008028719 1000 0.007007566 0.006444964 0.004145137 0.004721649 0.007402866 1000
59 0.36 4.75 0.7 -1 0.006806921 0.008924494 0.009088363 0.008945568 0.01023882 1000 0.007664207 0.005688625 0.00692482 0.008872624 0.01118455 1000
60 0.42 5.5 0.3 0 0.009365627 0.009973553 0.01071753 0.01117965 0.01179265 1000 0.01507959 0.01461165 0.01340752 0.01311281 0.01485896 1000
61 0.38 -4 0.6 -1 0.009353969 0.009834842 0.01029882 0.01030191 0.01000133 1000 0.01433762 0.01431304 0.0146063 0.01480486 0.01462927 1000
62 0.36 5.5 0.3 0 0.001076523 0.00331675 0.009396503 0.01467711 0.01551145 1000 0.01322468 0.009428832 0.008109793 0.002947625 0.003728959 1000
63 0.6199999 5.5 0.7 0 0.01186422 0.01094006 0.01087031 0.01072175 0.01051713 1000 0.00698602 0.007004254 0.006408531 0.006702226 0.007308285 1000
64 0.4800001 -4.75 0.6 1 0.005763279 0.005606669 0.006014349 0.005982516 0.005532077 1000 0.006073324 0.005928292 0.005903889 0.006571131 0.006612122 1000
65 0.4800001 5.5 0.5 0 0.003335882 0.003953698 0.003475431 0.00316254 0.002269534 1000 0.004896421 0.005359775 0.00513147 0.005753885 0.005532555 1000
66 0.38 -5.5 0.5 1 0.0006991585 0.003009167 0.001462685 -0.002985537 -0.005503067 1000 0.003220202 -0.002076732 -0.005686224 -0.003096566 -0.0003194543 1000
67 0.4800001 4 0.6 0 -0.01848046 -0.01808498 -0.01445033 -0.01350717 -0.0133856 1000 -0.02539091 -0.02832538 -0.02562223 -0.01240159 0.001043545 1000
68 0.3 -5.5 0.6 -1 -0.02259702 -0.02212191 -0.02142687 -0.02083081 -0.01755512 1000 0.008643417 0.01058762 0.01148602 0.0104347 0.008739253 1000
69 0.18 5.5 0.5 -1 -0.01912875 -0.02341008 -0.0278063 -0.02888801 -0.02701056 1000 0.0008268675 0.005979287 0.011055 0.01293218 0.01653224 1000
70 0.3 4 0.7 -1 -0.02094532 -0.01972848 -0.01963442 -0.02014078 -0.01649193 1000 0.01885691 0.01872583 0.01866089 0.02111335 0.02272338 1000
71 0.32 5.5 0.5 0 -0.01524286 -0.01379176 -0.01156757 -0.01122146 -0.01191958 1000 0.01914811 0.01797937 0.01820156 0.01771196 0.01575882 1000
72 0.4600001 -5.5 0.9 0 0.0001989794 0.002532379 0.003971547 0.01266748 0.02304309 1000 0.01237323 0.006271991 -0.0005105375 0.000309461 0.009157252 1000
73 0.36 -4 0.5 1 -0.000637214 0.004517183 0.001435737 -0.0003381169 -0.001496769 1000 -0.00529879 -0.006291965 -0.008251395 -0.01162462 -0.01634594 1000
74 0.32 -4 0.5 0 -0.011607 -0.00499547 -0.003015809 -0.002078546 -0.001244448 1000 -0.005186397 -0.003023759 -0.002206862 -0.002912279 -0.003347651 1000
75 0.12 4 0.1 0 0.003369914 0.005518721 0.00788834 0.00841918 0.009881641 1000 0.0005962467 0.001071544 -0.002642635 -0.001371646 0.0006725091 1000
76 0.42 4.75 0.7 -1 0.009330397 0.01038371 0.01202249 0.0139277 0.01396057 1000 0.006476722 0.008809537 0.009984208 0.009099044 0.01053713 1000
77 0.6399999 4 0.7 0 0.01196155 0.01218538 0.01153846 0.01247148 0.01339892 1000 0.01513934 0.01541442 0.01643688 0.0163055 0.01544528 1000
78 0.42 4.75 0.5 -1 0.01450814 0.01506328 0.01530266 0.01495297 0.01526253 1000 0.01258966 0.01436236 0.0147417 0.01461772 0.01438521 1000
79 0.4600001 -5.5 0.7 0 0.01609192 0.01595287 0.01694893 0.01845287 0.01880628 1000 0.01171796 0.0123963 0.01181088 0.01141454 0.01132706 1000
80 0.4800001 -4.75 0.4 0 0.02081658 0.02054059 0.02034018 0.02107057 0.02132681 1000 0.009391562 0.01057154 0.01124769 0.009940945 0.009437894 1000
81 0.4600001 5.5 0.7 -1 0.02002873 0.02008082 0.02007046 0.01956084 0.01892989 1000 0.009167862 0.008951477 0.008799434 0.008978309 0.008991361 1000
82 0.26 -4 0.5 1 0.02081039 0.0206189 0.02114085 0.02105767 0.0207529 1000 0.008983163 0.009867625 0.009183155 0.008115134 0.008092969 1000
83 0.38 4.75 0.6 1 0.02051415 0.02231352 0.02329231 0.0234083 0.02342072 1000 0.01000282 0.0109049 0.007543996 0.007603416 0.008239468 1000
84 0.32 -5.5 0.7 1 0.02276919 0.02262956 0.02378014 0.02442703 0.02445633 1000 0.003595155 0.004453721 0.005819398 0.005031402 0.004577038 1000
85 0.42 4.75 0.4 0 0.0211255 0.02203603 0.02198665 0.02278582 0.02361975 1000 0.002581068 0.003296691 0.003593459 0.0038337 0.003655062 1000
86 0.4600001 -4.75 0.6 -1 0.020415 0.02097243 0.0219885 0.02287958 0.0229278 1000 -0.002085431 -0.001751846 -0.001081566 -0.00173224 -0.001791878 1000
87 0.38 4 0.4 0 0.01749175 0.01755194 0.018628 0.01970589 0.0204025 1000 -0.002059046 -0.00198867 -0.000411499 0.0004167947 -0.0004892383 1000
88 0.4400001 -5.5 0.5 -1 0.01756766 0.01760077 0.01782167 0.01838061 0.01828982 1000 -0.002741897 -0.0007443791 -0.001151465 -0.001852941 -0.001767177 1000
89 0.4800001 5.5 0.5 0 0.01946109 0.01973488 0.02046634 0.02065182 0.02056503 1000 -0.003214028 -0.001541088 -0.001452157 -0.001476375 -0.001827744 1000
90 0.4600001 4.75 0.9 0 0.02107072 0.0214261 0.02235444 0.02267227 0.02233915 1000 0.0002995055 0.0007421984 0.0007606376 9.147135E-05 0.0008990541 1000
91 0.5000001 5.5 0.3 0 0.01577047 0.01618981 0.01800665 0.02215879 0.0211566 1000 -0.007194834 -0.004870642 -0.004763867 -0.003910082 -0.003330163 1000
92 0.6999999 -5.5 0.9 0 0.02456157 0.02341023 0.02228526 0.02309622 0.02289451 1000 -0.001084361 -0.0008155257 -0.001482602 -0.001567256 -0.002108906 1000
93 0.34 -5.5 0.3 0 0.01568981 0.01657723 0.01760677 0.01779205 0.01820646 1000 -0.003931937 -0.00371572 -0.00435642 -0.004956768 -0.004855388 1000
94 0.8599997 -5.5 0.8 0 0.01801399 0.01823409 0.01877479 0.01854113 0.01858642 1000 -0.003396553 -0.003275515 -0.003780782 -0.003552082 -0.003626803 1000
95 0.16 -5.5 0.1 0 0.02060721 0.02146323 0.02184799 0.02169081 0.0217928 1000 -0.003527264 -0.003225883 -0.00371909 -0.004381483 -0.004440784 1000
96 0.36 5.5 0.6 -1 0.02262784 0.02312947 0.02355345 0.02288598 0.02262433 1000 -0.003192332 -0.001501415 -0.00204059 -0.002083046 -0.002205494 1000
97 0.56 -5.5 0.5 0 0.01898601 0.01977191 0.02089321 0.02076311 0.02082416 1000 -0.002290413 -0.001498493 -0.002002015 -0.002543459 -0.002197554 1000
98 0.32 4 0.4 0 0.01962827 0.02050177 0.02088601 0.02113696 0.02121907 1000 -0.001580068 -0.001224327 -0.002228325 -0.002091693 -0.001780955 1000
99 0.7399998 -4 0.8 0 0.019114 0.02013334 0.0209134 0.02098594 0.0213259 1000 -0.001670449 -0.001229026 -0.001206715 -0.001406861 -0.001667024 1000
100 0.5000001 -4.75 0.7 0 -0.003297056 -0.008026271 -0.0110926 -0.0114008 -0.01033875 1000 -0.001113745 -0.003160024 -0.0007461373 -0.0005540848 -0.003112808 1000
101 0.34 4.75 0.7 0 -0.01325584 -0.01188145 -0.01254219 -0.01062792 -0.008665411 1000 0.003605996 0.002257872 -0.0002249646 0.001104806 0.004524158 1000
102 0.3 -4.75 0.4 0 -0.008053768 -0.008105929 -0.008459602 -0.008119857 -0.00816255 1000 0.003000484 0.004654643 0.004548793 0.001724463 0.0001007584 1000
103 0.32 4.75 0.5 1 -0.01060905 -0.01000487 -0.008869399 -0.008066706 -0.007563257 1000 0.002883875 0.004063448 0.003906799 0.003588929 0.002745041 1000
104 0.14 -5.5 0.1 0 -0.007855056 -0.007616554 -0.007420093 -0.007545748 -0.007647331 1000 -0.001208141 -0.0008851076 -3.246263E-05 -0.0001644753 -0.001393316 1000
105 0.38 -5.5 0.6 0 -0.008313744 -0.007943399 -0.007627722 -0.007233273 -0.007021104 1000 -0.000846936 -0.0002113044 -0.0005855087 -0.001707549 -0.002222515 1000
106 0.3 -5.5 0.5 1 -0.007737347 -0.008048913 -0.00789492 -0.007402482 -0.006792468 1000 -0.002074312 -0.001366507 -0.001716263 -0.002582153 -0.00307624 1000
107 0.06 4.75 0.1 0 -0.003736215 -0.004023219 -0.00246948 -0.0009435191 -0.005099627 1000 0.003408597 0.003465032 0.001128177 -0.000776858 -0.003219989 1000
108 0.6399999 5.5 0.9 0 -0.003927875 -0.007937106 -0.01559005 -0.02202184 -0.02557568 1000 -0.01499749 -0.01962484 -0.02111602 -0.01729317 -0.01053134 1000
109 0.38 -4 0.7 -1 -0.00933128 -0.006526084 -0.003446582 -0.00471985 -0.004868953 1000 -0.001184836 -0.001696527 0.0004526523 0.001462889 0.003459298 1000
110 0.3 5.5 0.4 0 -0.004705078 -0.004854624 -0.004687674 -0.003788935 -0.002866721 1000 0.002784977 0.003309878 0.003556535 0.003733709 0.00466406 1000
111 0.32 4 0.7 1 -0.004578531 -0.003750096 -0.003463793 -0.003052147 -0.003059248 1000 0.0006634834 0.002444637 0.002308278 0.001911208 0.00239255 1000
112 0.38 4 0.5 -1 0.009656555 0.003648347 0.000779644 0.002252124 0.0004512264 1000 -0.01217487 -0.007895795 -0.00265846 0.002523544 0.01025195 1000
113 0.4400001 5.5 0.9 0 0.00724 0.008829152 0.007667537 0.006328985 0.006160172 1000 0.004966042 0.002395288 0.001385221 0.004169799 0.005817786 1000
114 0.36 -4 0.7 1 0.005423941 0.00586864 0.006739861 0.006510707 0.006050402 1000 -0.0002215873 -0.001702949 -0.001746892 -0.001603595 -0.002095199 1000
115 0.34 -5.5 0.4 0 0.006656096 0.006144416 0.006965582 0.007136178 0.006313154 1000 0.0006046355 -5.223068E-05 0.0008648667 0.001255516 -3.500507E-06 1000
116 0.32 -5.5 0.5 0 0.005686991 0.005250455 0.004774617 0.005390001 0.005146738 1000 0.0002042834 6.430935E-05 0.0008278851 0.000869341 0.001058492 1000
117 0.6199999 5.5 0.9 0 0.007194219 0.007967509 0.008624645 0.009071763 0.008771718 1000 -0.001402241 -0.000358649 0.000557909 0.0002157493 0.0003312471 1000
118 0.26 -4.75 0.4 0 0.01367996 0.01345183 0.01421852 0.01397631 0.0140883 1000 -0.003092539 -0.002548307 -0.001653086 -0.001716955 -0.002273762 1000
119 0.3 4 0.6 -1 0.01662335 0.01657149 0.01646932 0.01683968 0.01730604 1000 -0.00260987 -0.002350564 -0.001648537 -0.001260029 -0.001127939 1000
120 0.52 5.5 0.7 1 0.02125846 0.02174119 0.02187676 0.02157967 0.02133329 1000 -0.001587659 -0.001469529 -0.001483863 -0.001380096 -0.001217746 1000
121 0.58 5.5 0.7 1 0.02302133 0.02111222 0.02112074 0.02127922 0.02160498 1000 -0.001784767 -0.002022491 -0.001964535 -0.002402991 -0.00256222 1000
122 0.42 4.75 0.6 0 0.02257213 0.02229616 0.02285978 0.02292561 0.02341675 1000 -0.002852227 -0.002052918 -0.001987317 -0.001576791 -0.001349587 1000
123 0.2 4 0.2 0 0.01272339 0.01326574 0.01420064 0.01299581 0.01194294 1000 -0.00409283 -0.003225453 -0.003108561 -0.003601032 -0.004368505 1000
124 0.4600001 4 0.7 0 0.008528302 0.008803163 0.009097629 0.008996335 0.008917632 1000 -0.005408947 -0.004353383 -0.004654872 -0.004302002 -0.004091653 1000
125 0.4400001 4 0.3 0 0.009665814 0.01012348 0.01094007 0.01061858 0.01044989 1000 -0.003502875 -0.002910957 -0.003067681 -0.003141831 -0.002328845 1000
126 0.4800001 -4.75 0.6 0 0.01160271 0.01172104 0.01183387 0.01119725 0.01092667 1000 -0.005642193 -0.005747567 -0.005071503 -0.00395353 -0.00411195 1000
127 0.56 -4.75 0.7 1 0.00954244 0.01002793 0.00990517 0.009296292 0.008670494 1000 -0.006768703 -0.005952079 -0.005689424 -0.00497657 -0.004785873 1000
128 0.7999998 5.5 1 0 0.006834826 0.007132651 0.007205093 0.007157777 0.007635121 1000 -0.001264466 -0.0008639597 -0.001381723 -0.0007392994 -6.361062E-05 1000
129 0.5000001 4 0.8 0 0.00733165 0.007645675 0.007560543 0.007687501 0.007876229 1000 -0.0006291628 -0.0001042134 0.0006838079 0.0006612272 0.001117127 1000
130 0.2 4 0.2 0 0.01165195 0.01224588 0.01301259 0.01360914 0.01439121 1000 -0.002473034 -0.001883441 -0.001991625 -0.001919998 -0.0009424111 1000
131 0.58 -5.5 0.6 -1 0.01323497 0.0135757 0.0137689 0.01411923 0.0140047 1000 -0.002705572 -0.002542806 -0.002066499 -0.001887071 -0.001252661 1000
132 0.7799998 5.5 0.7 0 0.01801503 0.01697066 0.02191974 0.02504716 0.02121381 1000 0.003730045 0.003294439 0.008014218 0.008715163 0.006682433 1000
133 0.4800001 4 0.5 -1 0.01001521 0.009552152 0.009212936 0.009264986 0.009391025 1000 0.007360399 0.007387931 0.006828822 0.007178907 0.007374895 1000
134 0.18 4 0.1 0 -0.0005081241 -0.0003747373 0.0005257439 0.0005857691 0.0005554773 1000 0.008063455 0.007458809 0.00652208 0.006049912 0.005737428 1000
135 0.6999999 -4 0.9 0 0.001482991 0.001992323 0.002037639 0.002111442 0.002306137 1000 0.004325343 0.005539432 0.005264302 0.005002555 0.005026513 1000
136 0.38 -4.75 0.5 -1 -0.004009538 -0.003847781 -0.003819621 -0.003945364 -0.003594064 1000 0.002602971 0.003075785 0.002975193 0.002892768 0.003731425 1000
137 0.5000001 5.5 0.4 0 -0.002690823 -0.001971046 -0.001186086 -0.0009572676 -0.001035798 1000 0.005268457 0.00603722 0.006360696 0.006673541 0.006756017 1000
138 0.28 4.75 0.6 0 -0.007255462 -0.006522764 -0.005887092 -0.005239619 -0.003410616 1000 0.004786323 0.005466381 0.005277284 0.005382249 0.006531251 1000
139 0.16 4 0.2 0 -0.006564025 -0.006194079 -0.005900327 -0.004650475 -0.003887347 1000 0.005730211 0.007313674 0.007842789 0.007876297 0.007721114 1000
140 0.36 -4.75 0.6 0 -0.00542944 -0.004876844 -0.004157573 -0.003336416 -0.002419877 1000 0.006707955 0.00718348 0.007442781 0.007128774 0.007030759 1000
141 0.36 -4.75 0.6 1 -0.0007660541 -0.0001347887 9.939336E-05 0.0001712551 -0.0001464521 1000 0.007113887 0.007532478 0.006976913 0.006679203 0.006503606 1000
142 0.52 5.5 0.6 0 -0.0005198443 5.600693E-05 0.00092919 0.001388098 0.0016918 1000 0.007160082 0.00736556 0.007440827 0.00809348 0.008305447 1000
143 0.16 5.5 0.1 0 0.0005638986 0.001471471 0.002464678 0.00285561 0.003095972 1000 0.008562241 0.008939743 0.009175135 0.01001399 0.01066657 1000
144 0.4 4 0.5 -1 -8.063703E-05 0.0001250427 0.001164785 0.002667734 0.004063327 1000 0.009618104 0.009634193 0.009746717 0.009950468 0.01043982 1000
145 0.3 -4 0.5 1 0.005187165 0.005297465 0.005318824 0.005488521 0.00575564 1000 0.01031069 0.01011894 0.01043594 0.01069918 0.01046966 1000
146 0.6599999 4.75 0.9 0 0.005606695 0.006061903 0.006417991 0.006505861 0.005940687 1000 0.01002581 0.01046945 0.0108674 0.01141016 0.01157313 1000
147 0.6 4.75 0.9 0 0.004848153 0.005053276 0.005523424 0.005585725 0.005287298 1000 0.008894181 0.009030089 0.008816589 0.009318594 0.009462267 1000
148 0.54 -4.75 0.7 1 0.008710929 0.00935158 0.00984442 0.009538138 0.01001007 1000 0.01138249 0.01183968 0.01107311 0.01100911 0.01095665 1000
149 0.32 -5.5 0.5 1 0.007533999 0.008191193 0.008367157 0.008021451 0.00768888 1000 0.009824504 0.01009583 0.01033084 0.0106339 0.01022354 1000
150 0.4 4.75 0.6 0 0.003739782 0.004810121 0.007071174 0.007189189 0.008848795 1000 0.01072746 0.01232848 0.00902085 0.006867575 0.008953346 1000
151 0.32 -4 0.7 -1 0.01311065 0.01221158 0.01208396 0.01318495 0.01408034 1000 0.008772502 0.009581688 0.01224085 0.01295406 0.01274636 1000
152 0.36 -5.5 0.6 0 0.01068272 0.0107369 0.01040391 0.009970434 0.009551201 1000 0.01226077 0.01209314 0.01289962 0.01183007 0.01231437 1000
153 0.26 -4.75 0.5 0 0.01995768 0.01892709 0.01654619 0.01975011 0.02178633 1000 0.008551119 0.01315214 0.01151285 0.008400274 0.006876556 1000
154 0.3 4 0.6 1 0.004891899 0.005990756 0.002824094 0.0007478383 0.0009133302 1000 -0.0004113682 -0.003088487 -0.003769381 0.001156614 0.00138844 1000
155 0.26 4.75 0.6 -1 0.005681786 0.006940921 0.006155768 0.007125576 0.008114112 1000 0.01240898 0.01209319 0.01349497 0.01595405 0.01669656 1000
156 0.52 4.75 0.9 0 0.01490704 0.01459666 0.01473796 0.01502565 0.01468751 1000 0.0164374 0.0174729 0.01712967 0.01647843 0.01632708 1000
157 0.36 -5.5 0.4 0 0.02070802 0.02016743 0.02030929 0.02053116 0.02029287 1000 0.01563597 0.01648392 0.01701835 0.01531817 0.01446569 1000
158 0.5000001 -4 0.7 -1 0.01973713 0.02017971 0.02029815 0.02015115 0.0198086 1000 0.01610936 0.01691566 0.0178287 0.01842796 0.01843331 1000
159 0.38 -5.5 0.6 1 0.02229393 0.02279784 0.02311457 0.02389044 0.02481552 1000 0.01914944 0.02000983 0.02013221 0.02038766 0.02040234 1000
160 0.32 -4.75 0.7 1 0.01550232 0.01480477 0.0151168 0.01578839 0.01603072 1000 0.01596022 0.01524216 0.01418655 0.01266848 0.01134366 1000
161 0.16 -4.75 0.3 0 0.01225352 0.01161388 0.01059039 0.0103024 0.01139959 1000 0.008688197 0.009788761 0.008411042 0.009758954 0.01032584 1000
162 0.4 4.75 0.8 0 0.01062324 0.009974163 0.00952906 0.009587056 0.008369435 1000 0.01245003 0.0129112 0.0128119 0.01362024 0.0145039 1000
163 0.18 4.75 0.3 0 0.008171874 0.008585043 0.008695349 0.008789261 0.008760428 1000 0.009891639 0.009687848 0.01007489 0.009666567 0.009255595 1000
164 0.34 4 0.6 -1 0.007140814 0.007535927 0.007853767 0.00800401 0.008677226 1000 0.008676993 0.009686323 0.009568407 0.009835283 0.009562707 1000
165 0.32 4 0.6 1 0.009201061 0.009942187 0.01038517 0.009883302 0.009297443 1000 0.008890631 0.009444023 0.009269371 0.009077916 0.008933827 1000
166 0.4600001 5.5 0.6 1 0.009650224 0.009565519 0.009774556 0.009896745 0.01003659 1000 0.008352643 0.00936879 0.009560339 0.009212375 0.008873947 1000
167 0.52 -4.75 0.8 0 0.01147476 0.01162689 0.01203201 0.0113206 0.01120002 1000 0.009516488 0.00936961 0.00936843 0.008998692 0.00865125 1000
168 0.18 5.5 0.2 0 0.01160536 0.01172266 0.01307342 0.01159196 0.01124883 1000 0.003766445 0.009779364 0.009141685 0.01380151 0.01575275 1000
169 0.26 -5.5 0.3 0 0.01126439 0.01222713 0.01250078 0.01347101 0.01446033 1000 0.01135458 0.01235933 0.01056982 0.01023785 0.01026803 1000
170 0.4600001 -4 1 0 0.01594182 0.01618084 0.0159652 0.01548917 0.01515047 1000 0.009451311 0.00991308 0.01025136 0.009859027 0.008949733 1000
171 0.4 4 0.4 0 0.01374452 0.0143546 0.01471316 0.01442312 0.01473837 1000 0.006850726 0.007338163 0.007074445 0.006358837 0.00630461 1000
172 0.42 -4.75 0.7 0 0.01415544 0.01557015 0.01592785 0.01553831 0.0158755 1000 0.006779421 0.006898257 0.006517775 0.006095523 0.006168495 1000
173 0.36 5.5 1 0 0.01616661 0.0167713 0.01718428 0.01668251 0.01655897 1000 0.006276142 0.006639949 0.006162507 0.006073895 0.005601695 1000
174 0.4800001 4.75 0.6 1 0.01507714 0.01606131 0.01754717 0.01861027 0.0179712 1000 0.005056594 0.004374545 0.006491088 0.005254249 0.005552466 1000
175 0.2 4.75 0.5 -1 0.0182662 0.01854254 0.01831082 0.01818583 0.01844476 1000 0.005121354 0.004590093 0.004498404 0.004587302 0.004375577 1000
176 0.34 4.75 0.6 -1 0.0181852 0.01884772 0.01894666 0.01907699 0.01888141 1000 0.005346688 0.00558538 0.005173345 0.00550358 0.005090624 1000
177 0.3 4 0.2 0 0.01995101 0.0205695 0.02075107 0.02110574 0.02123337 1000 0.00526037 0.004685454 0.004385992 0.004331313 0.004151786 1000
178 0.6599999 5.5 1 0 0.02263989 0.02243491 0.02272709 0.02321955 0.02345578 1000 0.004926316 0.00503384 0.004891721 0.004498991 0.004906576 1000
179 0.4 5.5 0.6 0 0.01410627 0.01757893 0.01635582 0.01549735 0.01650984 1000 -0.01439389 -0.01135893 -0.006765674 0.004482178 0.005256395 1000
180 0.38 -4 0.4 0 0.01131588 0.01083402 0.01196755 0.01476278 0.01313805 1000 0.003229803 0.001771518 0.01405218 0.00981613 0.002998031 1000
181 0.36 4 0.3 0 0.003221598 0.004814514 0.004593662 0.003797052 0.003612421 1000 0.003029177 0.004532039 0.003298168 0.003132204 0.003718325 1000
182 0.6599999 -4.75 0.8 0 0.0002542851 0.0001115831 0.0002430134 -0.0001233242 -0.0007173689 1000 0.001753283 0.001900721 0.002140142 0.002401579 0.002274176 1000
183 0.6199999 5.5 0.8 0 -0.004315396 -0.00434075 -0.003983963 -0.004027331 -0.004122336 1000 0.0006397445 0.0006673745 0.001130754 0.001169466 0.0009740081 1000
184 0.36 4 0.5 0 -0.002108691 -0.001175691 0.0003297115 0.0001482244 0.0002866208 1000 0.002140455 0.003579501 0.003039544 0.002720015 0.003811268 1000
185 0.2 4.75 0.3 0 0.001664868 0.002250865 0.002462702 0.002648347 0.002981529 1000 0.002763711 0.002879309 0.00306719 0.002782268 0.002451413 1000
186 0.24 -5.5 0.2 0 0.002646947 0.002790998 0.00307207 0.003049823 0.003356084 1000 0.002895141 0.003052185 0.003142083 0.003138631 0.002954534 1000
187 0.32 4.75 0.3 0 0.003641285 0.00398026 0.004437539 0.00524458 0.005278441 1000 0.003280454 0.00312139 0.004139356 0.004402651 0.004109546 1000
188 0.38 4.75 0.6 -1 0.006088406 0.007030807 0.006978525 0.0068077 0.006434043 1000 0.002871277 0.002877889 0.002486034 0.002820408 0.004286674 1000
189 0.4600001 -5.5 0.7 0 0.006510187 0.006573714 0.006440165 0.006668777 0.00663262 1000 0.004453071 0.004665063 0.004433614 0.004415812 0.004384747 1000
190 0.32 -4.75 0.5 1 0.008369153 0.010084 0.009562539 0.008400918 0.001674366 1000 0.006397796 0.004759765 0.008630503 0.01222684 0.009907769 1000
191 0.28 -4.75 0.3 0 0.01394389 0.01177268 0.009787523 0.009463446 0.00933895 1000 0.01452151 0.01405743 0.01489922 0.01474051 0.01368343 1000
192 0.6399999 4 0.6 0 0.01429072 0.01426027 0.01472912 0.01419059 0.01442781 1000 0.01249502 0.01226323 0.01286786 0.0129886 0.01272038 1000
193 0.36 4.75 0.7 1 0.01935354 0.02153274 0.02164436 0.02309304 0.02330078 1000 0.01249803 0.01405431 0.01506456 0.01378305 0.01308201 1000
194 0.5000001 4 0.7 0 0.01849483 0.01876608 0.01916647 0.01890754 0.01847288 1000 0.0143729 0.01410894 0.0132319 0.01323436 0.01313104 1000
195 0.52 -4.75 0.7 -1 0.01804999 0.01828251 0.01868789 0.01851719 0.01975247 1000 0.00990821 0.01025661 0.01036229 0.0103819 0.01037704 1000
196 0.4800001 -4 0.5 0 0.02198804 0.0216286 0.02250067 0.02328257 0.02281699 1000 0.01210626 0.0128816 0.01235349 0.01230331 0.01259594 1000
197 0.4600001 -4 0.7 -1 0.02537768 0.0260396 0.02569415 0.02448594 0.02011448 1000 0.01383449 0.01317992 0.01293209 0.01280425 0.01273552 1000
198 0.32 -4 0.2 0 0.0179933 0.01791638 0.01810751 0.01762382 0.01707603 1000 0.0124011 0.0124109 0.01252162 0.01216246 0.01177696 1000
199 0.8399997 4.75 1 0 0.01631826 0.01635235 0.016818 0.01663772 0.0162746 1000 0.01180646 0.01166613 0.01197864 0.01190502 0.01160971 1000
200 0.22 4.75 0.5 -1 0.008132684 0.009001751 0.008800063 0.008635375 0.008277813 1000 0.004294988 0.0008840383 -6.269921E-05 0.003256526 0.004405781 1000
201 0.42 4.75 0.6 0 0.006656887 0.006994248 0.007049961 0.006899092 0.006877356 1000 0.006051204 0.005542696 0.005216173 0.005118344 0.005199349 1000
202 0.3 4 0.5 1 0.001447902 0.005255868 0.008811912 0.01331632 0.016345 1000 0.008846354 0.007489246 0.006767812 0.001675846 -0.0017985 1000
203 1.619999 4.75 0.5 1 0.0181481 0.01902491 0.02046375 0.02047982 0.02079232 1000 0.002714373 3.795636E-05 -0.001951226 -0.001698212 0.001169441 1000
204 0.56 -5.5 0.5 -1 0.02274331 0.02268713 0.02260626 0.02292539 0.02335131 1000 -0.003462411 -0.003281381 -0.00328259 -0.003641333 -0.003322796 1000
205 0.4 -5.5 0.7 1 0.02303884 0.02347682 0.02409475 0.02392478 0.02431033 1000 -0.003366304 -0.003718933 -0.003973538 -0.003803032 -0.00368823 1000
206 0.4800001 4.75 0.6 1 0.02214526 0.02308192 0.02264287 0.02216038 0.0215817 1000 -0.004671289 -0.004799284 -0.004273525 -0.004343324 -0.004704677 1000
207 0.3 5.5 0.6 -1 0.01555126 0.01736428 0.01521666 0.01811536 0.02199189 1000 -0.004058145 -0.002778052 -0.0004108733 0.003452299 0.007385242 1000
208 0.42 4.75 0.5 1 -0.003844183 -0.00125583 -0.002249977 0.003026533 0.0005264134 1000 -0.002695271 -0.001437002 0.001990066 0.00489212 0.005742972 1000
209 0.36 5.5 0.6 0 0.003273016 0.003059582 0.002797735 0.002409473 0.002428553 1000 0.005711287 0.007045531 0.006858089 0.007043493 0.007504502 1000
210 0.24 -4.75 0.2 0 0.0006922985 0.0008757275 0.001484105 0.002002584 0.002023 1000 0.007851839 0.007541177 0.007724243 0.007800874 0.007212086 1000
211 0.36 -4 0.3 0 0.001773297 0.002648675 0.003559867 0.004187732 0.004509481 1000 0.008310512 0.008591291 0.008834091 0.008548372 0.00792518 1000
212 0.26 -4 0.5 1 0.00253764 0.002744242 0.00309755 0.003919487 0.004149315 1000 0.008475666 0.008552567 0.008319162 0.008249986 0.008107342 1000
213 0.34 4.75 0.4 0 0.002306541 0.003058252 0.003302399 0.003652979 0.003561924 1000 0.008325995 0.008814972 0.008592296 0.009536697 0.009794352 1000
214 0.4600001 4 0.8 0 0.002096655 0.002984678 0.003886541 0.004680798 0.004610748 1000 0.008700703 0.009850974 0.00912479 0.01016856 0.01103073 1000
215 0.52 -5.5 0.5 0 0.004052352 0.004025034 0.00441678 0.004613089 0.005015715 1000 0.01189629 0.01238799 0.01158752 0.01059456 0.009087723 1000
216 0.34 4 0.4 0 0.004036052 0.004550598 0.004615499 0.004682789 0.005081971 1000 0.001709729 0.002861768 0.002396586 0.002879717 0.002897792 1000
217 0.34 4 0.3 0 0.006613537 0.006518865 0.007160054 0.0078765 0.007433825 1000 0.002664207 0.003384646 0.003674811 0.003674106 0.003717475 1000
218 0.4 4 0.6 1 0.01486017 0.01579871 0.01505601 0.01258113 0.01219669 1000 0.002958412 0.0007560799 0.002733462 0.01145164 0.01247528 1000
219 0.32 -4 0.1 0 0.004930942 0.00514971 0.005786309 0.005691472 0.004794593 1000 0.01036489 0.01032901 0.01021072 0.01037844 0.009530078 1000
220 0.6399999 4 0.8 0 0.005417482 0.0006619607 0.0008443353 0.001742052 0.0007537986 1000 0.004531003 -0.002711275 -0.0103018 -0.01483418 -0.01804191 1000
221 0.34 4.75 0.7 -1 -0.000133736 -0.001715274 -4.800131E-06 0.001559942 0.003646174 1000 -0.002568348 0.0001658509 -0.0006046853 0.001309991 0.004350021 1000
222 0.4400001 -4 1 0 0.01293411 0.01014519 0.01006949 0.01110181 0.01316131 1000 0.01133661 0.01429111 0.01533288 0.01308741 0.007714202 1000
223 0.32 -4.75 0.5 0 0.01817311 0.02212653 0.02277559 0.02353411 0.02517836 1000 0.008261701 0.006209254 0.004803141 0.007080753 0.007543443 1000
224 0.28 -4 0.7 1 0.01005873 0.009896902 0.01650248 0.01471968 0.01454211 1000 0.009066338 0.01112895 0.007297155 0.005334896 0.006955952 1000
225 0.28 4.75 0.7 1 0.006073772 0.001449188 -0.002223661 -0.001983868 -0.001049867 1000 0.001881121 0.004689918 0.007339885 0.00619902 0.006241724 1000
226 0.36 4 1 0 -0.01148181 -0.008705546 -0.00325312 0.000807568 0.002309787 1000 -0.01675125 -0.01435375 -0.00776044 -0.001550041 0.004993766 1000
227 0.26 -4.75 0.4 0 -0.006033195 -0.004003375 -0.003176279 -0.001490999 0.002435136 1000 -0.01363142 -0.01166539 -0.01075097 -0.01124683 -0.01085428 1000
228 0.16 -4 0.6 -1 0.005728635 0.00624808 0.006884154 0.006897994 0.007231507 1000 -0.003251022 -0.002572568 -0.002570434 -0.00364136 -0.003879351 1000
229 0.42 4 0.6 -1 0.005218121 0.005327499 0.006588514 0.007492023 0.008084685 1000 -0.0009616059 -0.0005713525 0.0001727981 0.0006160263 0.001335028 1000
230 0.34 4 0.4 0 0.00773832 0.008233035 0.009142015 0.009281601 0.009423381 1000 0.001334315 0.001979746 0.002099247 0.002573872 0.00333772 1000
231 0.4600001 5.5 0.6 -1 0.01262761 0.01163565 0.01166286 0.01138827 0.01126018 1000 0.003815932 0.002610319 0.00236821 0.00261987 0.003737473 1000
232 0.36 4.75 0.6 1 0.009393801 0.00947054 0.009232868 0.008366468 0.007947689 1000 0.005535734 0.006065003 0.006231845 0.006838056 0.006941685 1000
233 0.28 -4 0.5 -1 0.01618087 0.01529289 0.01814908 0.0217737 0.01710757 1000 -2.683678E-05 -0.0008896726 -0.00208836 5.826525E-05 0.002652644 1000
234 0.4 -5.5 0.7 0 0.007598821 0.01361921 0.01290568 0.01381974 0.01757221 1000 0.003110412 0.002344853 0.001041197 -0.003410898 -0.002816859 1000
235 0.4600001 4 0.7 -1 0.01644163 0.01818425 0.01926198 0.02002931 0.01861985 1000 -0.00135401 -0.001644 0.0005891399 0.002578766 0.002474787 1000
236 0.34 -4 0.8 0 0.01673333 0.01617621 0.01700889 0.01616756 0.01602072 1000 0.003714571 0.002405141 0.002966896 0.004199853 0.003398105 1000
237 0.5000001 -4 0.6 1 0.00863076 0.009044866 0.009511623 0.01061714 0.01147467 1000 0.001274616 0.001973631 0.002326013 0.00215416 0.001479404 1000
238 0.42 4.75 0.5 1 0.01014892 0.01032426 0.01142614 0.0118188 0.01192272 1000 0.003122485 0.003870154 0.004795661 0.004803731 0.004799137 1000
239 0.7999998 5.5 0.8 0 0.01199531 0.01195008 0.01241093 0.01379551 0.01456123 1000 0.006184978 0.006376778 0.006555273 0.00698418 0.006759811 1000
240 0.7999998 -4.75 1 0 0.01554227 0.01597041 0.01693069 0.01774733 0.01868112 1000 0.009625729 0.009875461 0.01009928 0.009707145 0.009162121 1000
241 0.6999999 -4.75 0.7 0 0.02058253 0.01977991 0.01959138 0.02007723 0.02055833 1000 0.0113181 0.0122163 0.01271298 0.01202207 0.01089257 1000
242 0.8799997 -5.5 0.9 0 0.02024268 0.01995895 0.02034998 0.02097237 0.02199279 1000 0.01085281 0.0108078 0.01131383 0.01103547 0.01070298 1000
243 0.56 4.75 0.6 0 0.0188716 0.01935855 0.01993484 0.02015802 0.02074126 1000 0.01166337 0.01231622 0.01222983 0.01310203 0.01362472 1000
244 0.4400001 4 0.7 -1 0.02375226 0.02397585 0.0240118 0.02411236 0.02485472 1000 0.01197956 0.01270958 0.01272018 0.01340868 0.01341749 1000
245 0.36 4.75 0.6 -1 0.02180328 0.02270526 0.02388989 0.02478456 0.02561293 1000 0.01035771 0.0107022 0.01124572 0.01178463 0.01137932 1000
246 0.4600001 -4 0.6 1 0.02036187 0.02105797 0.02194197 0.0221918 0.02295664 1000 0.009368227 0.00951931 0.009958787 0.009975341 0.009837919 1000
247 0.56 4.75 0.5 -1 0.01883659 0.01937426 0.0202194 0.02093347 0.02025728 1000 0.00867553 0.008748922 0.008217373 0.008788646 0.009925234 1000
248 0.58 -5.5 0.7 1 0.01874248 0.01484616 0.01505413 0.01522894 0.01588614 1000 0.009080818 0.009426827 0.009979606 0.009051258 0.007934488 1000
249 0.52 5.5 0.4 0 0.002471252 0.002005199 0.001805564 0.002328502 0.00322316 1000 0.004736216 0.005454155 0.005456084 0.00496268 0.005721766 1000
250 0.4600001 4.75 0.5 1 -0.007267175 0.005132609 0.003974289 0.004966103 0.006973412 1000 -0.006501163 -0.007924841 -0.004529031 -0.001876622 -0.000481109 1000
251 0.4400001 -4.75 0.6 -1 0.01694072 0.0174267 0.01918343 0.01960055 0.01900517 1000 -0.002368764 -0.002162667 -0.002378228 -0.001036348 0.0004627597 1000
252 0.54 -5.5 0.4 0 0.01236595 0.01192172 0.01204668 0.01205983 0.01199488 1000 -0.0005848584 3.855675E-06 0.0004247173 0.0005059495 2.423702E-05 1000
253 0.2 -4.75 0.2 0 0.008613685 0.008724397 0.00906976 0.0090832 0.01032938 1000 -7.312911E-05 0.0009678035 0.001637154 0.001449918 0.0008482909 1000
254 0.4 5.5 0.6 -1 0.01053264 0.009936411 0.01019794 0.01059531 0.01034781 1000 -0.0003664859 0.0005712559 -7.107983E-05 0.0004993953 0.001615596 1000
255 0.22 -4.75 0.5 1 0.00718462 0.007877216 0.008187024 0.008360002 0.008015669 1000 0.0007291606 7.303803E-05 0.000329413 0.001266434 0.001010361 1000
256 0.32 -5.5 0.5 1 0.008757561 0.009401257 0.009812616 0.009425206 0.009139755 1000 0.002568229 0.00258213 0.001728292 1.034182E-05 -0.001153576 1000
257 0.38 4.75 0.7 1 0.009917643 0.009843163 0.009971494 0.009974334 0.009889841 1000 -0.002040917 -0.001431855 -0.00143461 -0.001462601 -0.001182771 1000
258 0.2 5.5 0.2 0 0.009575337 0.009620231 0.01032732 0.01090433 0.01090873 1000 -0.002463727 -0.002262925 -0.002200487 -0.001418021 -0.001663745 1000
259 0.3 5.5 0.7 -1 0.008041833 0.007989956 0.008634827 0.009194011 0.009990998 1000 -0.001142079 -0.0005359038 -0.0008747964 -0.0006723866 0.0006686116 1000
260 0.4600001 4 0.6 1 0.009553138 0.009320217 0.009723101 0.009766604 0.01019621 1000 -0.0004185542 0.000577561 0.0003036723 0.0004706678 0.0005962527 1000
261 0.4400001 -4 0.9 0 0.009492424 0.009407732 0.009703808 0.009476386 0.009528074 1000 -0.0004290996 -0.0004731455 -0.0003619495 -6.213033E-05 0.0005015859 1000
262 0.58 4.75 0.7 1 0.01008251 0.01049966 0.01069614 0.01097567 0.01122169 1000 5.477669E-05 0.0009873019 0.001339116 0.001556574 0.001575732 1000
263 0.18 -4 0.1 0 0.01085658 0.01070176 0.01140323 0.01205862 0.01208689 1000 0.002391119 0.002391174 0.002232671 0.002250201 0.002038692 1000
264 0.22 4.75 0.2 0 0.01504197 0.01580513 0.01611403 0.01597766 0.01579471 1000 0.00118119 0.002863864 0.002918815 0.003431981 0.003839065 1000
265 0.6599999 -4 1 0 0.01314518 0.0133903 0.01390885 0.01388513 0.01364312 1000 0.002850017 0.003190482 0.003234864 0.003677518 0.003810443 1000
266 0.2 4 0.1 0 0.01431539 0.01473438 0.01522495 0.01543612 0.01584782 1000 0.003867918 0.004605689 0.00469504 0.004911281 0.005493177 1000
267 0.26 4 0.2 0 0.01356415 0.01387518 0.01346608 0.01362951 0.01434371 1000 0.003398412 0.004192037 0.004477877 0.005166964 0.005497593 1000
268 0.42 -5.5 0.3 0 0.01345533 0.01345566 0.01362105 0.01385986 0.01447499 1000 0.004933703 0.005521578 0.005574504 0.005810072 0.005818631 1000
269 0.6 4.75 0.7 -1 0.01769448 0.01812391 0.01818021 0.01797679 0.01823472 1000 0.005598669 0.006496946 0.006600626 0.00764033 0.008125888 1000
270 0.34 -4 0.6 0 0.01582077 0.0161952 0.01667611 0.01695423 0.0169297 1000 0.006463149 0.006589823 0.006495021 0.006705569 0.006463365 1000
271 0.3 -5.5 0.5 1 0.01839508 0.01838443 0.01836983 0.01869933 0.01903086 1000 0.006512254 0.007196589 0.007187059 0.007138214 0.006184473 1000
272 0.16 5.5 0.2 0 0.01627599 0.01622234 0.01647984 0.0166444 0.01672206 1000 0.006139502 0.006254336 0.005900524 0.006420691 0.006448505 1000
273 0.12 4 0.1 0 0.01599011 0.01664962 0.01452989 0.01232903 0.0155041 1000 0.005909216 0.006366023 0.005639188 0.005973292 0.007638673 1000
