trial Response_Time velH Occlusion_Duration velH_Subject xRotations_first0 xRotations_first1 xRotations_first2 xRotations_first3 xRotations_first4 xRotations_first5 yRotations_first0 yRotations_first1 yRotations_first2 yRotations_first3 yRotations_first4 yRotations_first5
1 0.06 4.75 0.3 0 -0.01631656 -0.01505941 -0.01567138 -0.01598916 -0.01581397 1000 0.003107647 0.001289005 0.003672633 0.004104963 0.002463169 1000
2 0.4600001 -5.5 1 0 -0.01678146 -0.01687407 -0.01814 -0.0182869 -0.01875623 1000 0.007611285 0.006421812 0.00600049 0.006225246 0.005220181 1000
3 0.38 -4.75 0.6 0 -0.02191286 -0.02200505 -0.02207784 -0.02097698 -0.02031528 1000 0.007048789 0.006288337 0.006164763 0.006739578 0.007367977 1000
4 0.22 -5.5 0.2 0 -0.01934829 -0.01915937 -0.01919327 -0.02025199 -0.02179951 1000 0.01124569 0.01111265 0.009684867 0.008914351 0.01003743 1000
5 0.26 5.5 0.5 -1 -0.02159197 -0.02105203 -0.02091497 -0.02039649 -0.02001446 1000 0.01007213 0.01003568 0.01017699 0.01106864 0.01145041 1000
6 0.18 5.5 0.5 -1 -0.02010318 -0.02029921 -0.0200006 -0.02022862 -0.02070643 1000 0.01004615 0.009661512 0.01050972 0.01075381 0.01029404 1000
7 0.36 4.75 0.6 0 -0.0208593 -0.0213052 -0.02191561 -0.02202613 -0.02281493 1000 0.009555809 0.01154075 0.01507684 0.02099429 0.02030532 1000
8 0.42 -4 0.8 0 -0.0218081 -0.02083583 -0.01988442 -0.01942913 -0.0199477 1000 0.01359139 0.01145737 0.009055885 0.009710746 0.01007903 1000
9 0.26 4 0.6 0 -0.02172395 -0.0219655 -0.02154612 -0.02090466 -0.02099616 1000 0.01022927 0.009629041 0.01051989 0.01163246 0.01175655 1000
10 0.4800001 -4 0.8 0 -0.0225942 -0.02182616 -0.02080956 -0.01993918 -0.0208914 1000 0.01020327 0.01043644 0.01174398 0.01126459 0.01008715 1000
11 0.32 -4 0.3 0 -0.02166223 -0.02146249 -0.02123075 -0.02044843 -0.02105033 1000 0.01146618 0.01209045 0.01280357 0.01258524 0.01176258 1000
12 0.32 -4.75 0.6 1 -0.022791 -0.02135285 -0.02049862 -0.02053921 -0.0206696 1000 0.01278266 0.01308274 0.01302211 0.01334777 0.01285236 1000
13 0.2 4.75 0.2 0 -0.02196082 -0.02137749 -0.02056368 -0.02029346 -0.02028576 1000 0.01114496 0.01216183 0.01243033 0.01253612 0.01248012 1000
14 0.4600001 4.75 0.5 1 -0.02005126 -0.01962369 -0.01900868 -0.02035954 -0.02156912 1000 0.01227362 0.01319381 0.01282079 0.01126106 0.01187741 1000
15 0.32 5.5 0.3 0 -0.02143779 -0.02160463 -0.02029078 -0.02009844 -0.02099618 1000 0.01185946 0.01207384 0.01273141 0.01188732 0.0118734 1000
16 0.58 -4 0.6 1 -0.01977951 -0.01940604 -0.01965069 -0.01971097 -0.01927492 1000 0.01195959 0.01207693 0.01165801 0.01204156 0.01231559 1000
17 0.3 -4 0.9 0 -0.02054657 -0.01996397 -0.01973259 -0.01928027 -0.01899212 1000 0.01132477 0.01151521 0.01153543 0.0115001 0.01152228 1000
18 0.52 -4 1 0 -0.02091196 -0.02163385 -0.02112509 -0.02035823 -0.01964113 1000 0.01030594 0.0112563 0.01176132 0.01204848 0.01170207 1000
19 0.14 -4 0.2 0 -0.02078134 -0.02128973 -0.02102704 -0.02071822 -0.02091497 1000 0.01019342 0.01035138 0.01132402 0.01150123 0.01133805 1000
20 0.26 4 0.2 0 -0.01997006 -0.02013313 -0.01979561 -0.01808799 -0.01837377 1000 0.01201302 0.01195669 0.01288495 0.01326931 0.01251304 1000
21 0.58 -5.5 0.5 0 -0.01997071 -0.01934997 -0.01900278 -0.01879849 -0.01897212 1000 0.01190481 0.01271778 0.01310206 0.01274508 0.01282388 1000
22 0.5000001 -4.75 0.7 1 -0.02035167 -0.02020463 -0.01916678 -0.01859942 -0.01890348 1000 0.01169279 0.01285987 0.01347327 0.01292557 0.0128946 1000
23 0.4 -5.5 0.7 -1 -0.01925243 -0.01966198 -0.01947887 -0.01910658 -0.01887254 1000 0.01057115 0.01172896 0.0120095 0.01196358 0.01251055 1000
24 0.38 -5.5 0.5 1 -0.01999408 -0.01921548 -0.01909856 -0.01894187 -0.01852715 1000 0.01203328 0.01186019 0.0110795 0.01138907 0.01193678 1000
25 0.52 4.75 0.7 0 -0.01848223 -0.01848411 -0.01834168 -0.01783656 -0.01845825 1000 0.01092765 0.01129085 0.0118432 0.01170362 0.01131641 1000
26 0.24 -4 0.4 0 -0.01922449 -0.01949008 -0.01988085 -0.01993054 -0.0203172 1000 0.01163053 0.01111096 0.01123672 0.0113098 0.01060203 1000
27 0.42 4.75 0.5 -1 -0.01914448 -0.01665977 -0.006794804 -0.004694267 -0.005836591 1000 0.01027285 0.01028447 0.009388848 0.008975466 0.01144261 1000
28 0.4400001 -4 0.8 0 -0.01525497 -0.01588672 -0.01686462 -0.01654938 -0.0162562 1000 0.02022144 0.01888642 0.01902175 0.01946078 0.01930586 1000
29 0.52 4.75 1 0 -0.01713433 -0.01681102 -0.01634993 -0.01704942 -0.01762583 1000 0.01796622 0.0182768 0.01822111 0.01705484 0.01721289 1000
30 0.04 4.75 0.1 0 -0.01788612 -0.01802155 -0.01731346 -0.01745189 -0.01800817 1000 0.01775502 0.01808703 0.018065 0.01729536 0.0176794 1000
31 0.14 -4.75 0.2 0 -0.0182445 -0.01845366 -0.01740304 -0.01640371 -0.01653689 1000 0.01688298 0.01710546 0.01776296 0.01798791 0.01813167 1000
32 2.539998 -4 0.6 -1 -0.01870729 -0.01823563 -0.01729604 -0.01640281 -0.01765244 1000 0.01773133 0.01792505 0.01825321 0.01730103 0.0169236 1000
33 0.42 5.5 0.4 0 -0.01935311 -0.01907647 -0.0181562 -0.01758925 -0.01781062 1000 0.01506336 0.01507957 0.01566342 0.01552358 0.01614154 1000
34 0.4800001 -5.5 0.9 0 -0.01857271 -0.01884436 -0.01892574 -0.01856679 -0.01788665 1000 0.01479499 0.01370147 0.01427264 0.01510442 0.0143064 1000
35 0.6 -4.75 1 0 -0.01976798 -0.01989555 -0.02025134 -0.01993589 -0.01940631 1000 0.01307239 0.01265434 0.01253088 0.01334731 0.01395738 1000
36 0.8199998 -5.5 0.8 0 -0.01884237 -0.01911716 -0.0195206 -0.01915858 -0.0188149 1000 0.01271633 0.01185607 0.01139435 0.01204915 0.01261246 1000
37 0.38 4.75 0.5 -1 -0.02004118 -0.02040305 -0.02047293 -0.02046581 -0.01994338 1000 0.01299709 0.01337842 0.01321376 0.01279449 0.01312816 1000
38 0.4600001 -4 0.7 1 -0.02084322 -0.0211368 -0.02035785 -0.01927496 -0.01920058 1000 0.01090067 0.01194263 0.01273233 0.0121831 0.01187213 1000
39 0.9599996 4.75 0.8 0 -0.01920073 -0.02036714 -0.02039213 -0.02029796 -0.02073704 1000 0.01336687 0.01353202 0.01400565 0.0145399 0.014341 1000
40 0.7599998 4.75 0.6 1 -0.02235922 -0.02213679 -0.02076276 -0.02038961 -0.02105338 1000 0.01383474 0.01417524 0.01398366 0.0132216 0.01329807 1000
41 0.58 -4.75 0.7 1 -0.02163388 -0.02163154 -0.02078554 -0.02008145 -0.01983446 1000 0.01273867 0.01275852 0.01359474 0.01362124 0.01331818 1000
42 0.56 5.5 0.5 0 -0.02173993 -0.02254382 -0.02200108 -0.02123272 -0.02079327 1000 0.01229589 0.01292325 0.01382717 0.01402889 0.01402637 1000
43 0.2 -4.75 0.2 0 -0.02261456 -0.02279198 -0.02161484 -0.02011399 -0.01981042 1000 0.01176158 0.01229945 0.0122352 0.01188987 0.01230299 1000
44 0.09999999 -4 0.1 0 -0.02109911 -0.02004912 -0.01957118 -0.01995375 -0.02046757 1000 0.01278669 0.01307927 0.01217274 0.01210753 0.01258265 1000
45 0.32 -4 0.4 0 -0.02160206 -0.02078948 -0.0201303 -0.02005616 -0.02022631 1000 0.01333779 0.01348238 0.01342337 0.01343579 0.01393734 1000
46 0.4600001 -4 0.6 0 -0.02072907 -0.02100584 -0.0208859 -0.0204007 -0.02062562 1000 0.01418465 0.01481514 0.0150704 0.01483038 0.01421798 1000
47 0.3 5.5 0.2 0 -0.02187848 -0.02190705 -0.02113841 -0.02067221 -0.02068401 1000 0.01412807 0.01413293 0.01523752 0.01575467 0.01571067 1000
48 0.14 4 0.1 0 -0.02269044 -0.02212497 -0.02208278 -0.02243527 -0.02201598 1000 0.01440975 0.01365785 0.01279916 0.01330464 0.01438419 1000
49 0.36 5.5 0.5 -1 -0.02187602 -0.02107599 -0.02083302 -0.02101309 -0.02075449 1000 0.01420723 0.01435857 0.01432443 0.01391381 0.01401062 1000
50 0.6 5.5 0.5 0 -0.005705184 -0.005338737 0.002123592 0.000418642 -0.002965283 1000 0.0043593 0.002742718 0.0006267842 -0.001349192 -0.0003427086 1000
51 0.36 -5.5 0.7 1 -0.01324694 -0.01354148 -0.01374967 -0.01263928 -0.01313273 1000 0.00381328 0.005613241 0.007451326 0.005448088 0.003430079 1000
52 0.22 -5.5 0.3 0 -0.01407987 -0.01397513 -0.0140342 -0.01340575 -0.01278176 1000 -0.004734553 -0.005284402 -0.005509485 -0.004531356 -0.004583276 1000
53 0.2 -4.75 0.2 0 -0.01362319 -0.01359993 -0.01338931 -0.01292376 -0.0121168 1000 -0.002842948 -0.002795711 -0.002580288 -0.002520168 -0.002905509 1000
54 0.54 5.5 0.7 0 -0.01282027 -0.01136662 -0.01108105 -0.01051429 -0.01043654 1000 -0.002440662 -0.001779268 -0.002417453 -0.001822584 -0.0004316077 1000
55 0.56 -4.75 0.8 0 -0.01347735 -0.01347665 -0.01396769 -0.01366608 -0.0131986 1000 -0.0006486735 -0.001343452 -0.00140476 -0.001310119 -0.0007791318 1000
56 0.32 -5.5 0.2 0 -0.014372 -0.01369227 -0.01195303 -0.01062283 -0.0106194 1000 -0.000139554 0.001060018 0.001514847 0.0008580438 0.0009625932 1000
57 0.56 5.5 0.5 1 -0.01247726 -0.01212805 -0.01102036 -0.01013584 -0.01023486 1000 0.0006119332 0.001043096 0.002303256 0.002573356 0.002570516 1000
58 0.7399998 5.5 0.7 1 -0.01387998 -0.01357085 -0.01342523 -0.01279523 -0.01271272 1000 0.0001565815 0.0009648826 0.001055394 0.0004001714 0.001302302 1000
59 0.4800001 5.5 0.7 0 -0.01533066 -0.01566706 -0.01529055 -0.01441486 -0.0143872 1000 -0.001372324 -0.0005307856 1.369666E-05 -0.0003565854 5.522628E-05 1000
60 0.3 -4 0.6 1 -0.01764226 -0.01665787 -0.01546249 -0.01504244 -0.01492863 1000 0.001331419 0.001707588 0.001332195 0.0002132537 0.0006835088 1000
61 0.5000001 -4 0.6 -1 -0.01721379 -0.01652023 -0.01558007 -0.01412039 -0.01412348 1000 0.003039164 0.003676737 0.004088618 0.003615418 0.002630681 1000
62 0.6399999 5.5 0.8 0 -0.01617386 -0.01546214 -0.01493869 -0.01514835 -0.01478903 1000 0.004291432 0.00481775 0.004933848 0.004608572 0.005513042 1000
63 0.56 -4.75 0.7 0 -0.0158939 -0.01609859 -0.01572289 -0.01486508 -0.01466241 1000 0.003202188 0.00281079 0.003297641 0.003551732 0.003653288 1000
64 0.6799999 4.75 0.7 0 -0.01608952 -0.01612516 -0.01602437 -0.0159069 -0.0158486 1000 0.004270526 0.004754814 0.00438536 0.004574797 0.005702114 1000
65 0.8199998 -4 0.9 0 -0.01618041 -0.01598829 -0.0149043 -0.01369278 -0.01469522 1000 0.004319895 0.004749793 0.005575291 0.004893765 0.003530217 1000
66 0.7199998 4.75 0.9 0 -0.01679751 -0.01735194 -0.0170309 -0.01619018 -0.01569201 1000 0.003675221 0.003428808 0.00468471 0.005521321 0.005986414 1000
67 0.06 -4 0.2 0 -0.01928218 -0.01778202 -0.01634294 -0.01542503 -0.01492475 1000 0.004938157 0.00515967 0.005428239 0.00511353 0.005503675 1000
68 0.28 -4 0.3 0 -0.01737122 -0.01629272 -0.01585068 -0.01595941 -0.0155577 1000 0.005982037 0.006192539 0.005448925 0.005485141 0.005611278 1000
69 0.8399997 4.75 0.8 0 -0.01744562 -0.01763191 -0.01701046 -0.01554218 -0.01631062 1000 0.005800618 0.005780128 0.006043538 0.007044406 0.005860012 1000
70 0.42 -4 0.5 1 -0.01777882 -0.01825803 -0.01793942 -0.01693388 -0.01657317 1000 0.003726778 0.004917484 0.005248794 0.004274181 0.003698651 1000
71 0.36 -4 0.4 0 -0.01687223 -0.01713946 -0.01678042 -0.01591022 -0.01568585 1000 0.004278431 0.005202456 0.006005588 0.00626046 0.005961985 1000
72 0.5000001 4 0.6 0 -0.01721347 -0.01714315 -0.01719172 -0.01668439 -0.01676855 1000 0.005282982 0.004786265 0.005749948 0.005992462 0.00600801 1000
73 0.6399999 5.5 0.6 1 -0.01859796 -0.01886344 -0.01790899 -0.01750223 -0.01737578 1000 0.002862754 0.003398401 0.004203262 0.004153635 0.004189752 1000
74 0.4400001 -4.75 1 0 -0.01872577 -0.01846601 -0.01859679 -0.01851983 -0.01818505 1000 0.002770256 0.002845523 0.003164184 0.002743659 0.002091087 1000
75 0.26 -4.75 0.2 0 -0.01987657 -0.01949339 -0.01851044 -0.01774477 -0.01737351 1000 0.002318178 0.003100109 0.003584168 0.002558198 0.00257428 1000
76 0.4 -5.5 0.5 1 -0.01922568 -0.0189031 -0.01850916 -0.01800984 -0.01725935 1000 0.004608266 0.003886845 0.0033713 0.004255653 0.003974922 1000
77 0.52 -4.75 0.6 0 -0.01705232 -0.01694553 -0.01659595 -0.01696793 -0.01715592 1000 0.00541387 0.005663734 0.004618668 0.003826816 0.004336848 1000
78 0.6199999 5.5 0.5 0 -0.01735357 -0.01710206 -0.01669089 -0.01709904 -0.01723587 1000 0.004418154 0.004322904 0.003451033 0.003674309 0.005243771 1000
79 1.12 5.5 0.9 0 -0.01802934 -0.01829692 -0.01836442 -0.01762636 -0.01726602 1000 0.003527683 0.003130942 0.003615161 0.004293414 0.004627396 1000
80 0.58 -4.75 0.7 0 -0.01884837 -0.01795157 -0.01713203 -0.01653421 -0.01625769 1000 0.006396387 0.006125826 0.005017036 0.004061807 0.002533286 1000
81 0.6199999 5.5 0.6 0 -0.01724849 -0.01711201 -0.01783278 -0.01802809 -0.01720747 1000 0.002462782 0.001637371 0.002113104 0.003640361 0.005963228 1000
82 0.28 4 0.6 -1 -0.01779699 -0.01751311 -0.01797995 -0.01836932 -0.01848479 1000 0.01454693 0.01281985 0.01124111 0.01107878 0.01168005 1000
83 0.2 4 0.2 0 -0.01630228 -0.01560046 -0.01615043 -0.0166895 -0.0164741 1000 0.009496302 0.008717878 0.007079031 0.007462555 0.009480636 1000
84 0.3 -4.75 0.2 0 -0.0183125 -0.01786401 -0.01682543 -0.01542511 -0.01498574 1000 0.009848839 0.01018891 0.009443609 0.009313936 0.008380018 1000
85 0.4400001 -5.5 0.7 1 -0.01686268 -0.01628563 -0.0153706 -0.01465544 -0.01456423 1000 0.006299982 0.006794353 0.006939497 0.006145557 0.005203455 1000
86 0.56 -4.75 0.7 -1 -0.01754307 -0.01797817 -0.01737744 -0.01688472 -0.0168555 1000 0.005688662 0.006839165 0.006447873 0.006403184 0.006301929 1000
87 0.38 -4.75 0.2 0 -0.01757557 -0.01698849 -0.0171069 -0.01700808 -0.01654373 1000 0.006660657 0.006805295 0.006924945 0.006301767 0.005889127 1000
88 0.5000001 -5.5 0.7 0 -0.01886811 -0.01854279 -0.01813162 -0.01800912 -0.01739097 1000 0.004854342 0.005516775 0.005908344 0.004501687 0.00481478 1000
89 0.36 4.75 0.5 0 -0.01825444 -0.01753849 -0.0171589 -0.01676752 -0.01616039 1000 0.004599975 0.004890546 0.004984772 0.005203113 0.005504239 1000
90 0.4800001 -4 0.6 -1 -0.01835214 -0.01732344 -0.01691157 -0.01693881 -0.01651868 1000 0.004718605 0.004601015 0.004334874 0.004445409 0.004563252 1000
91 0.16 -4.75 0.1 0 -0.01799015 -0.01719447 -0.01698826 -0.01678289 -0.01668695 1000 0.004246204 0.004589614 0.004525959 0.003992699 0.001961807 1000
92 0.52 -4 0.7 -1 -0.01707488 -0.01670414 -0.01713829 -0.01723941 -0.01714166 1000 0.003139601 0.002537071 0.00263093 0.003421726 0.003403399 1000
93 0.54 -4.75 0.6 1 -0.01591359 -0.01527912 -0.01557488 -0.01558795 -0.01529803 1000 0.003895181 0.003543843 0.003336713 0.003644118 0.003721107 1000
94 0.22 -4.75 0.5 1 -0.01581743 -0.01596573 -0.01581065 -0.01508838 -0.01362441 1000 0.00270292 0.002070759 0.003269475 0.003729563 0.001918472 1000
95 0.4600001 4 0.9 0 -0.01586182 -0.01555506 -0.0151564 -0.01485908 -0.01536541 1000 0.002495171 0.003291826 0.003097787 0.002838036 0.003735056 1000
96 0.4600001 4.75 0.8 0 -0.01750339 -0.01736155 -0.01683214 -0.01656618 -0.01666361 1000 0.00429172 0.004781222 0.003847298 0.003183378 0.00433609 1000
97 0.32 4.75 1 0 -0.01753125 -0.01712063 -0.01671674 -0.01663697 -0.01638457 1000 0.003005957 0.002992087 0.002209142 0.004019408 0.006236914 1000
98 0.8399997 4.75 0.9 0 -0.01688849 -0.01689774 -0.01642427 -0.01697845 -0.01794229 1000 0.003891828 0.00417439 0.004227931 0.00307576 0.003539947 1000
99 0.4400001 -4.75 0.5 1 -0.01855299 -0.01800152 -0.01714228 -0.01539216 -0.01514522 1000 0.004557186 0.005011139 0.006075686 0.003612161 0.002899276 1000
100 1.759999 4 0.7 -1 0.007365028 0.03937573 0.04400298 0.04108081 0.03914234 1000 -0.003129163 -0.01348154 -0.01452327 -0.008449161 -0.009096101 1000
101 0.7399998 4 0.5 -1 -0.01214789 -0.005316292 -0.005151349 -0.004659861 -0.005279337 1000 -0.003952899 -0.001998398 -0.001679365 -0.002916036 -0.00257379 1000
102 0.4800001 -4 0.8 0 -0.009455149 -0.01100399 -0.01105927 -0.01018546 -0.009037205 1000 0.0002862176 -0.000873898 -0.001231776 -1.591855E-05 -0.0007365856 1000
103 0.54 5.5 0.5 1 -0.009755917 -0.01027031 -0.01016899 -0.009289855 -0.009311998 1000 -0.001510635 -0.002266711 -0.00145465 -0.0009912594 -0.0003144211 1000
104 0.42 5.5 0.3 0 -0.00914444 -0.007899017 -0.007473174 -0.0075976 -0.007795343 1000 -0.002466431 -0.001829717 -0.001271045 -0.00156903 -0.0009678355 1000
105 0.36 -4.75 0.7 1 -0.01133456 -0.01228016 -0.0128196 -0.01150187 -0.01024785 1000 -0.003033765 -0.002341532 -0.001024899 -0.001931806 -0.003437023 1000
106 0.54 5.5 0.8 0 -0.01060557 -0.01104333 -0.01165953 -0.01132321 -0.01038339 1000 -0.001891249 -0.00300454 -0.003260576 -0.001906571 -0.0002774734 1000
107 0.28 4.75 0.3 0 -0.01329055 -0.01341638 -0.01288936 -0.01224903 -0.01210248 1000 -0.00317681 -0.003234689 -0.002198972 -0.002014759 -0.001725314 1000
108 0.36 -4 0.7 1 -0.01425032 -0.01365631 -0.01412433 -0.01416579 -0.01342023 1000 -0.003634782 -0.003716748 -0.004938604 -0.004871031 -0.004413758 1000
109 0.52 -4.75 0.5 -1 -0.0143461 -0.01369919 -0.01247129 -0.01220606 -0.01248011 1000 -0.003907862 -0.00276719 -0.002817594 -0.003701917 -0.003472292 1000
110 0.4600001 -5.5 0.6 0 -0.01467505 -0.01314058 -0.01315687 -0.01271403 -0.01253776 1000 -0.002218118 -0.001619575 -0.002901121 -0.003113623 -0.002490461 1000
111 0.58 -4 0.6 -1 -0.01171499 -0.01181833 -0.0122678 -0.01238408 -0.01229066 1000 -0.001628667 -0.001995116 -0.002647758 -0.002104696 -0.001424312 1000
112 0.8399997 -5.5 0.8 0 -0.012744 -0.01286515 -0.01219103 -0.01123979 -0.01136195 1000 -1.193351E-06 -0.0004305921 0.0002005371 -8.19609E-05 -0.0009835733 1000
113 0.5000001 -5.5 0.7 0 -0.01381785 -0.01350127 -0.0128244 -0.01160986 -0.01212428 1000 -0.002163631 -0.001733843 -0.0008723515 -0.001368157 -0.003033806 1000
114 0.4 4 0.2 0 -0.01600153 -0.01658994 -0.01596547 -0.01572057 -0.01568175 1000 -0.004101143 -0.002516657 -0.001287606 -0.001596206 -0.0005800428 1000
115 0.7999998 4 0.9 0 -0.0179812 -0.01799528 -0.01778737 -0.01761323 -0.01762247 1000 -0.001969803 -0.002170468 -0.002611303 -0.003254184 -0.002077084 1000
116 0.54 -4 0.6 0 -0.0189811 -0.01901173 -0.0179974 -0.0171356 -0.01740026 1000 -0.003682667 -0.003124145 -0.002571769 -0.003110315 -0.002950067 1000
117 0.54 5.5 0.7 1 -0.01863202 -0.01824142 -0.01697042 -0.01632283 -0.01650019 1000 -0.002743541 -0.00162268 -0.00115732 -0.0004438712 0.0005656647 1000
118 0.4600001 -5.5 0.7 1 -0.01664471 -0.01590061 -0.01487376 -0.01452612 -0.01386651 1000 -0.001913307 -0.002019542 -0.0009583271 -0.001296459 -0.002793713 1000
119 0.4600001 4 0.6 0 -0.01495395 -0.01492308 -0.01446643 -0.01381886 -0.0135229 1000 -0.002354626 -0.00258255 -0.001926854 -0.0008502617 -0.000433736 1000
120 0.4800001 5.5 0.8 0 -0.01555497 -0.01572877 -0.0156094 -0.01479902 -0.01458567 1000 -0.002534429 -0.002519781 -0.002221172 -0.001476899 -0.001909265 1000
121 0.38 5.5 0.7 0 -0.01607368 -0.01616885 -0.0158745 -0.01520668 -0.01489393 1000 -0.002016076 -0.001941633 -0.00172359 -0.001894999 -0.001807241 1000
122 0.3 -4 0.5 -1 -0.01638764 -0.01632809 -0.01574531 -0.0146895 -0.0143983 1000 -0.002416093 -0.002923017 -0.002824929 -0.002390665 -0.003416224 1000
123 0.42 4 0.8 0 -0.01595873 -0.01585465 -0.01509171 -0.01517239 -0.01511212 1000 -0.001340781 -0.001089293 -0.001117964 -0.001203979 0.0005697208 1000
124 0.34 5.5 0.6 0 -0.01648395 -0.01606673 -0.0158139 -0.01571085 -0.01602894 1000 -0.002767282 -0.002631764 -0.003377026 -0.002455038 -0.000809019 1000
125 0.2 -4.75 0.5 0 -0.01612648 -0.01618723 -0.01565328 -0.01553558 -0.01590564 1000 -0.003475754 -0.002695063 -0.002213483 -0.002618912 -0.002450533 1000
126 0.22 -5.5 0.6 0 -0.01501699 -0.01536514 -0.01620694 -0.01658655 -0.01600384 1000 -0.002169637 -0.003257818 -0.003556756 -0.002856531 -0.003092436 1000
127 0.5000001 5.5 0.7 1 -0.01577169 -0.01651253 -0.01523741 -0.01600971 -0.01607301 1000 -0.002238612 -0.003059269 -0.002064791 -0.002886761 -0.002482686 1000
128 0.6199999 -4.75 1 0 -0.01636298 -0.01705376 -0.01717402 -0.01744892 -0.01725825 1000 -0.004268799 -0.00383357 -0.004968505 -0.004883866 -0.004005647 1000
129 0.7799998 -5.5 0.7 -1 -0.01730508 -0.01775266 -0.01699861 -0.01597093 -0.01593149 1000 -0.004684347 -0.004371597 -0.003308282 -0.003038984 -0.003791988 1000
130 0.6799999 -4.75 0.7 0 -0.01851752 -0.01817855 -0.01767715 -0.01741265 -0.01760312 1000 -0.001804222 -0.000997644 -5.3361E-05 -0.001790433 -0.00455406 1000
131 0.5000001 4.75 0.7 1 -0.01775404 -0.0179138 -0.01850604 -0.01791762 -0.01732264 1000 9.012403E-05 -0.001082639 -0.0004323813 0.0005503345 0.001009592 1000
132 0.4 4 0.5 1 -0.01956422 -0.01966616 -0.01897631 -0.01828659 -0.0187499 1000 -0.004079802 -0.003381724 -0.002870958 -0.003253744 -0.002341991 1000
133 0.36 -4.75 0.7 1 -0.02016069 -0.01997028 -0.01895088 -0.01801637 -0.01797782 1000 -0.004447354 -0.004603602 -0.004797516 -0.004137103 -0.003589974 1000
134 0.4 4.75 0.6 1 -0.01888845 -0.01885241 -0.01874223 -0.01874096 -0.01878213 1000 -0.003758661 -0.00331913 -0.003537924 -0.003218387 -0.001692554 1000
135 0.4 -5.5 0.3 0 -0.01864828 -0.0182146 -0.01787624 -0.01810534 -0.01797483 1000 -0.003140977 -0.004140589 -0.00490813 -0.005641594 -0.005965222 1000
136 0.32 5.5 0.3 0 -0.01861555 -0.01821585 -0.01783611 -0.01748019 -0.01722728 1000 -0.003479549 -0.003448762 -0.002296932 0.0001339436 0.0005620749 1000
137 0.24 -4 0.6 1 -0.01790879 -0.01758739 -0.01787661 -0.0169167 -0.01636311 1000 -0.003886722 -0.004559316 -0.005286367 -0.006604822 -0.008711152 1000
138 0.14 -5.5 0.1 0 -0.01621014 -0.01608808 -0.01598493 -0.0158342 -0.01562306 1000 -0.008960063 -0.0070306 -0.005655749 -0.003024477 -0.0006220106 1000
139 0.38 -4.75 0.6 -1 -0.01539056 -0.01579176 -0.016375 -0.0162017 -0.0156783 1000 -0.002697903 -0.003961362 -0.003768462 -0.003470395 -0.003466052 1000
140 0.54 4.75 0.7 -1 -0.01599465 -0.01603949 -0.01668337 -0.01676094 -0.01605818 1000 -0.003314069 -0.003710452 -0.002473776 -0.001002421 0.0004251444 1000
141 0.6199999 4.75 0.7 1 -0.01799024 -0.01808812 -0.01744232 -0.0172467 -0.01737283 1000 -0.005896644 -0.004450964 -0.004250354 -0.004864041 -0.003335161 1000
142 0.4 5.5 0.6 -1 -0.01808453 -0.01824334 -0.01774931 -0.01776843 -0.01796573 1000 -0.006225888 -0.006031865 -0.005306006 -0.00625523 -0.005043839 1000
143 0.12 4 0.7 -1 -0.01625745 -0.01781635 -0.01810191 -0.01832541 -0.01773041 1000 -0.006021688 -0.00674657 -0.007119851 -0.007487968 -0.004349304 1000
144 0.14 5.5 0.1 0 -0.01646049 -0.01672019 -0.01651219 -0.01627355 -0.01611069 1000 0.001398314 0.0003100935 -0.001333606 -0.002133903 -0.0004705504 1000
145 0.8799997 5.5 1 0 -0.01517264 -0.01540237 -0.01653122 -0.0167932 -0.01685686 1000 -0.00405559 -0.005574476 -0.005506045 -0.003344299 -0.00218243 1000
146 0.6799999 -4.75 0.6 0 -0.01827775 -0.01557366 -0.0124872 -0.01127233 -0.009637037 1000 0.01745698 0.007995234 0.004541444 0.002170343 -0.001850057 1000
147 0.4 4 0.6 1 -0.01220318 -0.01314885 -0.01247531 -0.01118557 -0.01056045 1000 -0.007499937 -0.00944088 -0.00884821 -0.007739189 -0.007363248 1000
148 0.4600001 5.5 0.6 1 -0.01025215 -0.01085717 -0.01086332 -0.01069713 -0.01082144 1000 -0.006672356 -0.006875575 -0.0069613 -0.006165321 -0.004334142 1000
149 0.58 4.75 0.8 0 -0.01241676 -0.0124977 -0.01281728 -0.01285972 -0.01298694 1000 -0.002164096 -0.002024468 -0.002645698 -0.002954246 -0.001777105 1000
150 0.4400001 -4.75 0.5 0 -0.01758394 -0.01689789 -0.0158862 -0.01486205 -0.01411064 1000 -0.004672635 -0.005003158 -0.004188863 -0.003983762 -0.004932349 1000
151 0.26 -4.75 0.6 1 -0.01184665 -0.0115398 -0.01101171 -0.009571471 -0.009545862 1000 -0.005236211 -0.001611556 0.001089919 -0.001024328 -0.00435653 1000
152 0.6599999 -5.5 1 0 -0.01040378 -0.01044157 -0.01098284 -0.01107648 -0.0103961 1000 -0.005213259 -0.005681701 -0.00573721 -0.006086833 -0.006841816 1000
153 0.6599999 -4 1 0 -0.01255526 -0.01214613 -0.01186822 -0.01237876 -0.01229881 1000 -0.01190894 -0.01219338 -0.01285256 -0.01317194 -0.01240729 1000
154 0.18 4 0.1 0 -0.01020777 -0.01025622 -0.009069437 -0.008525552 -0.008365908 1000 -0.01314916 -0.008620622 -0.002803295 -0.002277132 -0.004352347 1000
155 0.36 4 0.2 0 -0.008658402 -0.00847675 -0.00775295 -0.007874942 -0.007346379 1000 -0.006667966 -0.006409071 -0.007549909 -0.007208374 -0.005155568 1000
156 0.4 -5.5 0.5 0 -0.01072817 -0.01030027 -0.009361225 -0.008677779 -0.009073055 1000 -0.008052135 -0.007721339 -0.007811605 -0.009729287 -0.01019696 1000
157 0.28 -4.75 0.3 0 -0.01159605 -0.0114796 -0.01042186 -0.01077984 -0.01117404 1000 -0.01048996 -0.009370962 -0.009892156 -0.01103838 -0.01054739 1000
158 0.34 4 0.3 0 -0.01046198 -0.01054883 -0.009993764 -0.009696831 -0.009764701 1000 -0.008325639 -0.008316368 -0.007761863 -0.008947263 -0.008219105 1000
159 0.4 -4 0.6 1 -0.01450881 -0.01495645 -0.01398996 -0.01262628 -0.01214961 1000 -0.008601496 -0.008738264 -0.007950196 -0.008723219 -0.01071612 1000
160 0.4 -4.75 0.9 0 -0.01301129 -0.01404087 -0.01409433 -0.01335614 -0.01335107 1000 -0.01132616 -0.01110425 -0.01028663 -0.01104656 -0.01171705 1000
161 0.38 4.75 0.4 0 -0.01493627 -0.01466814 -0.01429628 -0.01307848 -0.01364996 1000 -0.0114213 -0.01111329 -0.0107222 -0.01062618 -0.01122752 1000
162 0.3 -4.75 0.5 1 -0.01522372 -0.01528196 -0.01520843 -0.01466707 -0.0141914 1000 -0.01030845 -0.01031054 -0.01056428 -0.01058882 -0.01104773 1000
163 0.6 4.75 0.5 0 -0.01713486 -0.01661025 -0.01558117 -0.01564958 -0.01587305 1000 -0.01125714 -0.01052243 -0.01036578 -0.01036554 -0.009836937 1000
164 0.16 4.75 0.3 0 -0.01545937 -0.01584566 -0.0165417 -0.01699805 -0.01620418 1000 -0.0104886 -0.01074635 -0.01082554 -0.01022418 -0.009500022 1000
165 0.4 -5.5 0.5 1 -0.01541353 -0.0163093 -0.01586886 -0.01462822 -0.01446585 1000 -0.01146195 -0.01165787 -0.01075991 -0.01029964 -0.01087014 1000
166 0.42 4.75 0.7 -1 -0.01528851 -0.01477219 -0.01545221 -0.01608955 -0.01573481 1000 -0.01027532 -0.01070433 -0.01089482 -0.0100417 -0.009011717 1000
167 0.42 4 0.8 0 -0.01810706 -0.01789397 -0.01704196 -0.01678296 -0.01689111 1000 -0.009993833 -0.01091253 -0.01117943 -0.009729054 -0.00856735 1000
168 0.42 -4 0.8 0 -0.01805101 -0.01719519 -0.01706795 -0.01738031 -0.01728209 1000 -0.009696648 -0.009527119 -0.01071061 -0.01088989 -0.01029043 1000
169 0.6399999 -4 0.6 -1 -0.01688201 -0.01689929 -0.01678959 -0.0168239 -0.01652073 1000 -0.009981666 -0.009884953 -0.01005549 -0.01076236 -0.01000068 1000
170 0.4600001 4 0.7 1 -0.01715752 -0.01719364 -0.01715305 -0.01642798 -0.01596006 1000 -0.009841494 -0.01078387 -0.01012402 -0.009463037 -0.008167835 1000
171 0.36 -4 0.5 0 -0.01621173 -0.01654715 -0.01680262 -0.01616097 -0.01568391 1000 -0.009916259 -0.01113648 -0.01018765 -0.009619527 -0.009528062 1000
172 0.28 4 0.5 0 -0.01524078 -0.01627778 -0.016748 -0.01553415 -0.01545604 1000 -0.008474949 -0.01026878 -0.009123572 -0.008019853 -0.007942605 1000
173 0.28 5.5 0.1 0 -0.01742926 -0.01731197 -0.01759515 -0.01741002 -0.01711711 1000 -0.008405037 -0.008978304 -0.01009994 -0.008807275 -0.007829857 1000
174 0.34 4.75 0.5 1 -0.01640078 -0.01652232 -0.01640741 -0.01673197 -0.01641345 1000 -0.00866417 -0.008433862 -0.00920289 -0.00976357 -0.008529127 1000
175 0.54 4 0.7 0 -0.01591462 -0.01574758 -0.01514924 -0.01507181 -0.0159558 1000 -0.009408073 -0.009120676 -0.0090289 -0.009741031 -0.009083082 1000
176 0.22 -5.5 0.6 1 -0.0163959 -0.01653132 -0.01623577 -0.0160511 -0.01508031 1000 -0.009090135 -0.00901493 -0.009689154 -0.009549642 -0.009672986 1000
177 0.52 4 0.7 0 -0.01686398 -0.01705505 -0.01632845 -0.01526642 -0.01583149 1000 -0.009932198 -0.01001883 -0.009146944 -0.009160906 -0.009901005 1000
178 0.42 -4 0.7 -1 -0.0163129 -0.01665914 -0.01646964 -0.01649453 -0.01682919 1000 -0.008828561 -0.008456475 -0.009133837 -0.01021683 -0.00933264 1000
179 0.34 4 0.7 -1 -0.01673893 -0.01653624 -0.016976 -0.01723618 -0.01630989 1000 -0.008800492 -0.008660294 -0.009860237 -0.008951544 -0.007730063 1000
180 0.24 -5.5 0.2 0 -0.01706184 -0.01707586 -0.015967 -0.01570181 -0.01611809 1000 -0.00959673 -0.00928361 -0.008904738 -0.01027074 -0.009735432 1000
181 0.38 -4 0.9 0 -0.01618341 -0.01591779 -0.01608478 -0.01564586 -0.01522551 1000 -0.008866379 -0.008118701 -0.00784921 -0.007945676 -0.009102507 1000
182 0.4600001 -4 0.3 0 -0.01722711 -0.01752856 -0.01738582 -0.01630133 -0.01557641 1000 -0.00937584 -0.009456564 -0.009300045 -0.008802452 -0.009229183 1000
183 0.28 -4 0.3 0 -0.01569775 -0.0157425 -0.01587597 -0.01592929 -0.01588323 1000 -0.008663625 -0.008709338 -0.008551967 -0.008677502 -0.009169468 1000
184 0.42 5.5 0.5 -1 -0.0159524 -0.0159485 -0.01564134 -0.01486323 -0.01442407 1000 -0.008641739 -0.008333417 -0.00835354 -0.007966324 -0.006889585 1000
185 0.16 -4 0.5 1 -0.01613497 -0.01571798 -0.0152929 -0.01524169 -0.01491994 1000 -0.008302581 -0.007600724 -0.008040045 -0.008106388 -0.008193756 1000
186 0.4400001 4 0.8 0 -0.01426165 -0.01444126 -0.0139471 -0.0137131 -0.0140902 1000 -0.008695626 -0.008059691 -0.007038705 -0.006765162 -0.006734177 1000
187 0.3 -4 0.5 0 -0.0166419 -0.01701813 -0.01636874 -0.0158554 -0.01583303 1000 -0.008877666 -0.008209574 -0.007992689 -0.008009108 -0.008498694 1000
188 0.42 -5.5 0.7 0 -0.01831044 -0.01863061 -0.01815999 -0.01705214 -0.01699348 1000 -0.009048618 -0.00830818 -0.007456258 -0.007693577 -0.008084903 1000
189 0.34 4 0.9 0 -0.01883957 -0.01906065 -0.0178411 -0.01707174 -0.01726801 1000 -0.009860666 -0.008433244 -0.007497862 -0.007390303 -0.00671971 1000
190 0.22 -4 0.6 0 -0.01724542 -0.01793239 -0.01763587 -0.01698858 -0.01724503 1000 -0.008361449 -0.008722664 -0.00801893 -0.008294325 -0.008342817 1000
191 0.2 5.5 0.4 0 -0.01753426 -0.01747064 -0.01804925 -0.01811237 -0.01777844 1000 -0.006840051 -0.00760705 -0.008593295 -0.007059838 -0.006271995 1000
192 0.22 -5.5 0.5 0 -0.01688351 -0.01706823 -0.01741581 -0.01681611 -0.0172569 1000 -0.006455414 -0.006917319 -0.007263579 -0.007372829 -0.008347444 1000
193 0.2 5.5 0.4 0 -0.0199922 -0.0199874 -0.01931163 -0.01908688 -0.01923884 1000 -0.008464382 -0.007691904 -0.007544718 -0.007622543 -0.00717888 1000
194 0.4400001 -4 1 0 -0.01858002 -0.01896675 -0.01886994 -0.01872142 -0.01808701 1000 -0.006344832 -0.007216683 -0.007614984 -0.007359534 -0.006910296 1000
195 0.16 5.5 0.1 0 -0.01860901 -0.018385 -0.0189969 -0.01973246 -0.01981427 1000 -0.007261952 -0.00693979 -0.008044153 -0.007146334 -0.006629909 1000
196 0.18 -5.5 0.5 1 -0.01851734 -0.01889778 -0.0187523 -0.01855913 -0.01827397 1000 -0.00722592 -0.007165472 -0.007190305 -0.00702387 -0.007730916 1000
197 0.18 5.5 0.3 0 -0.01906623 -0.01914726 -0.01903806 -0.01848523 -0.01867921 1000 -0.00803916 -0.007491288 -0.007540459 -0.006764085 -0.006426343 1000
198 0.22 4.75 0.5 0 -0.01929338 -0.01859574 -0.01937637 -0.0205964 -0.02016787 1000 -0.006196758 -0.005643419 -0.007891539 -0.007669221 -0.006557213 1000
199 0.52 5.5 1 0 -0.01916942 -0.01941018 -0.01861996 -0.01878915 -0.01904411 1000 -0.006803841 -0.007124419 -0.006428256 -0.007598505 -0.00664013 1000
200 0.6199999 4 0.5 0 -0.01612439 -0.01032326 -0.01037901 -0.01089072 -0.01251134 1000 0.0121981 0.0145011 0.01501938 0.01498504 0.01523175 1000
201 0.26 -5.5 0.7 1 -0.01640473 -0.01552454 -0.01463246 -0.0139114 -0.01408341 1000 0.01773043 0.009300405 -0.007140911 -0.007671349 -0.007048984 1000
202 0.3 -4.75 0.5 1 -0.01502966 -0.01486176 -0.01171356 -0.009328068 -0.009155029 1000 -0.006356741 -0.003875634 -0.001984799 -0.00272265 -0.003931602 1000
203 0.34 -4 0.7 0 -0.009818145 -0.009590622 -0.008674847 -0.008485892 -0.00841544 1000 0.005545947 0.007546973 0.006422414 0.005382867 0.005142054 1000
204 0.4600001 -5.5 0.6 -1 -0.01133267 -0.01108546 -0.01060253 -0.01051098 -0.01121085 1000 0.002384174 0.003127137 0.004288221 0.003922283 0.00302244 1000
205 0.56 5.5 0.6 1 -0.01268151 -0.01327934 -0.013498 -0.01358691 -0.01356824 1000 0.006544868 0.006073607 0.006956054 0.007817011 0.007442412 1000
206 0.4 -4 1 0 -0.01425144 -0.01459053 -0.01363306 -0.01281189 -0.01339269 1000 0.004568698 0.005096903 0.005397091 0.005442919 0.004807732 1000
207 0.28 -5.5 0.5 1 -0.01643175 -0.01678279 -0.01641627 -0.01548663 -0.01402823 1000 0.005503661 0.004714489 0.003967079 0.004734891 0.005199553 1000
208 0.06 -4 0.1 0 -0.01409777 -0.01417863 -0.01349002 -0.01305561 -0.01315267 1000 0.004085895 0.004086015 0.00517389 0.003374263 0.002468738 1000
209 0.32 -4.75 0.5 1 -0.01568123 -0.01650719 -0.01625268 -0.01527569 -0.01440533 1000 0.003780702 0.004643533 0.005208564 0.004458104 0.003208487 1000
210 0.28 -4 0.5 1 -0.01684526 -0.01658728 -0.01602106 -0.01539974 -0.01443957 1000 0.005713487 0.004938747 0.004045757 0.004228937 0.004245271 1000
211 0.36 -4.75 0.4 0 -0.01441274 -0.01399528 -0.01364074 -0.01408527 -0.01446213 1000 0.004738347 0.004795294 0.006044094 0.005488732 0.004485059 1000
212 0.16 -4.75 0.1 0 -0.01510841 -0.01468696 -0.01426228 -0.01442298 -0.01457893 1000 0.005559577 0.005602235 0.006288218 0.006611701 0.006328786 1000
213 0.24 -4.75 0.2 0 -0.01298544 -0.01345953 -0.01303865 -0.01184983 -0.01201293 1000 0.006304885 0.005406641 0.00658884 0.007361149 0.007120764 1000
214 0.3 -5.5 0.6 1 -0.01410615 -0.01374994 -0.01242559 -0.01246009 -0.01301462 1000 0.006424612 0.006729029 0.006908124 0.005798602 0.006125683 1000
215 0.26 -4 0.6 1 -0.01387384 -0.01401737 -0.01414933 -0.01359999 -0.01257595 1000 0.006780231 0.0063892 0.005959124 0.00634318 0.006744137 1000
216 0.58 4.75 1 0 -0.01646752 -0.01583247 -0.01482461 -0.01493161 -0.01507949 1000 0.003717361 0.003389495 0.004602336 0.005090051 0.004307452 1000
217 0.24 -4 0.3 0 -0.01505292 -0.01456116 -0.01409477 -0.01390525 -0.0138724 1000 0.007069751 0.007412668 0.007440836 0.006925116 0.007177684 1000
218 0.16 -5.5 0.2 0 -0.01345503 -0.01372974 -0.01371887 -0.01297316 -0.01209469 1000 0.006833148 0.006551357 0.006376646 0.007539826 0.008341161 1000
219 0.42 4 0.5 -1 -0.01113735 -0.01096712 -0.01099807 -0.01068012 -0.01027468 1000 0.008298172 0.00814468 0.008481222 0.008861299 0.008992227 1000
220 0.36 -4.75 0.5 0 -0.0115738 -0.01135699 -0.01130737 -0.01105257 -0.010793 1000 0.008167583 0.008389012 0.008119218 0.00844055 0.009294321 1000
221 0.34 -4.75 0.7 1 -0.01167418 -0.01162715 -0.01113086 -0.01048199 -0.01007341 1000 0.007401695 0.00843641 0.008499864 0.008900006 0.008941092 1000
222 0.5000001 4 0.7 0 -0.01047614 -0.01039318 -0.01023894 -0.009758069 -0.00981551 1000 0.008757513 0.008011023 0.008581492 0.00957641 0.01066612 1000
223 0.56 -5.5 0.9 0 -0.01090843 -0.01108244 -0.01121123 -0.01050316 -0.009960531 1000 0.009930554 0.008472699 0.008352051 0.009030029 0.009295625 1000
224 0.6799999 5.5 0.6 0 -0.0128464 -0.01292893 -0.01230327 -0.01102173 -0.01104303 1000 0.009375419 0.009257193 0.009920518 0.01042216 0.01049559 1000
225 0.16 4.75 0.1 0 -0.01451175 -0.0133224 -0.01274046 -0.01265124 -0.01223473 1000 0.009588892 0.009099297 0.008966069 0.009747063 0.01020972 1000
226 0.6399999 -5.5 0.8 0 -0.01297895 -0.01318255 -0.01257079 -0.01193131 -0.01180871 1000 0.008975992 0.008441394 0.009109672 0.009694223 0.009656473 1000
227 0.34 -4 0.6 1 -0.01365047 -0.01293495 -0.0125003 -0.012301 -0.01215292 1000 0.009084463 0.009225636 0.009756869 0.009737785 0.009980001 1000
228 0.4600001 -4 0.5 0 -0.01230781 -0.01224989 -0.01153 -0.01121108 -0.01148784 1000 0.00813804 0.009170078 0.009447521 0.009289394 0.009444716 1000
229 0.58 5.5 0.5 1 -0.01455242 -0.01475007 -0.01451355 -0.01384069 -0.01442245 1000 0.008439586 0.008978068 0.01036692 0.009646848 0.009463401 1000
230 0.58 4.75 0.7 0 -0.01398561 -0.01366236 -0.01264763 -0.01291421 -0.01349313 1000 0.008393201 0.009305599 0.009376448 0.009444207 0.009535584 1000
231 0.5000001 -5.5 0.6 1 -0.01599077 -0.01566491 -0.01462865 -0.01394048 -0.01395125 1000 0.009737602 0.01021816 0.01026209 0.009805306 0.009773973 1000
232 0.22 -4.75 0.2 0 -0.01530732 -0.01464273 -0.014353 -0.01475041 -0.01481435 1000 0.008758724 0.008756011 0.009517459 0.008935452 0.00896636 1000
233 0.5000001 -5.5 0.6 0 -0.01376672 -0.01420473 -0.015359 -0.01484821 -0.0140026 1000 0.009932241 0.009119698 0.008833709 0.009682741 0.009774686 1000
234 0.6799999 4 1 0 -0.01454873 -0.01410248 -0.01376512 -0.01384765 -0.01305374 1000 0.008709578 0.008449245 0.007878331 0.00887535 0.009942981 1000
235 0.4800001 -4 0.6 -1 -0.01498165 -0.01522419 -0.01525863 -0.01453173 -0.01430113 1000 0.008913638 0.008541364 0.009230156 0.009642069 0.009569247 1000
236 0.58 -5.5 0.6 -1 -0.0142895 -0.01449697 -0.01536165 -0.01531824 -0.01469705 1000 0.009805841 0.009224446 0.009238208 0.009844663 0.01039067 1000
237 0.54 -5.5 0.7 -1 -0.01456755 -0.01476324 -0.01543065 -0.01508925 -0.01393353 1000 0.009546735 0.009058587 0.008607103 0.009353539 0.01009467 1000
238 0.5000001 4 0.6 0 -0.01507756 -0.01502436 -0.01539258 -0.01538897 -0.01465454 1000 0.009878566 0.009346571 0.008360877 0.009017196 0.009953147 1000
239 0.8199998 -5.5 0.7 -1 -0.01552864 -0.01503707 -0.01486989 -0.01550931 -0.01613003 1000 0.009571697 0.009729675 0.008466162 0.008620072 0.009344161 1000
240 0.54 -4.75 0.6 -1 -0.01708787 -0.01756558 -0.01699586 -0.01682711 -0.0165152 1000 0.008345491 0.00917721 0.009269116 0.008774856 0.009494687 1000
241 0.6199999 5.5 0.6 1 -0.01755313 -0.01715416 -0.01669502 -0.01616631 -0.01647947 1000 0.008336705 0.009541899 0.009919481 0.01017389 0.01035151 1000
242 0.5000001 4 0.7 1 -0.01651384 -0.01575395 -0.01539479 -0.01541712 -0.01540379 1000 0.009393671 0.00990413 0.01019717 0.009950054 0.009760447 1000
243 0.4800001 -4.75 0.6 -1 -0.01638968 -0.01672575 -0.01591969 -0.01563483 -0.01611636 1000 0.009515761 0.009943937 0.01013189 0.01042798 0.01017634 1000
244 0.4 -5.5 0.5 -1 -0.01586137 -0.01607525 -0.01531949 -0.01533478 -0.01551269 1000 0.00856992 0.009357915 0.009771644 0.009907405 0.009608354 1000
245 0.4 -5.5 0.7 0 -0.0166948 -0.01675865 -0.01592121 -0.01480688 -0.01467301 1000 0.01007218 0.009516769 0.01035873 0.01056182 0.01042042 1000
246 0.42 4 0.3 0 -0.01536829 -0.01543905 -0.01548099 -0.01413443 -0.01408142 1000 0.01014914 0.008993198 0.009952042 0.01068345 0.01094192 1000
247 0.26 -4.75 1 0 -0.0162323 -0.01627239 -0.0170505 -0.01752084 -0.01644323 1000 0.01145774 0.01097606 0.009646156 0.009530131 0.01020374 1000
248 0.6 4 0.6 1 -0.01493842 -0.01526834 -0.01562726 -0.01560303 -0.01573373 1000 0.01025274 0.01016251 0.009888675 0.01092826 0.0114508 1000
249 0.52 4 0.6 0 -0.01633882 -0.01561032 -0.01565651 -0.01600902 -0.01547467 1000 0.01012679 0.00922267 0.009445441 0.009925662 0.009321976 1000
250 0.7599998 4.75 0.9 0 -0.02437441 -0.02272067 -0.02213034 -0.02137584 -0.02096352 1000 0.007914388 0.008267236 0.008413001 0.008230347 0.00880254 1000
251 0.18 -4.75 0.2 0 -0.02042115 -0.02071683 -0.02025313 -0.01953894 -0.01966023 1000 0.009463684 0.009112988 0.009283016 0.008139227 0.007870434 1000
252 0.5000001 4 0.7 1 -0.0191746 -0.01821855 -0.01811746 -0.01852606 -0.01817858 1000 0.007730066 0.007899509 0.008324029 0.007931728 0.008189254 1000
253 1.02 4.75 0.7 0 -0.01864837 -0.01813114 -0.01808973 -0.01822242 -0.01793808 1000 0.008165901 0.008211458 0.007957782 0.008133931 0.008861286 1000
254 0.6199999 -5.5 0.6 -1 -0.01938194 -0.01900268 -0.01922225 -0.01905568 -0.01839628 1000 0.008548708 0.007802479 0.007504528 0.008114274 0.008378777 1000
255 0.6199999 4.75 0.4 0 -0.01862267 -0.01794955 -0.0174363 -0.01652457 -0.0171158 1000 0.006670384 0.006486229 0.007719371 0.008636516 0.008806063 1000
256 0.34 4 0.5 -1 -0.01844675 -0.01798942 -0.01749229 -0.01766204 -0.01745844 1000 0.007418294 0.008190347 0.008317937 0.008233401 0.008430885 1000
257 0.3 4 0.6 -1 -0.01823149 -0.01832584 -0.01843968 -0.01807998 -0.01810438 1000 0.009216612 0.008130735 0.00877329 0.009418847 0.009787467 1000
258 0.09999999 -5.5 0.1 0 -0.01784416 -0.01753141 -0.01742525 -0.01728815 -0.01664831 1000 0.008729056 0.008951246 0.008258032 0.00810989 0.008515853 1000
259 0.4400001 4 0.4 0 -0.01644997 -0.01636946 -0.01671341 -0.01717555 -0.01694323 1000 0.008244205 0.008713175 0.008747661 0.009145312 0.009727287 1000
260 0.4 -5.5 0.6 1 -0.01707829 -0.01677719 -0.01679257 -0.01674063 -0.01618472 1000 0.008619227 0.008550925 0.008600275 0.008710099 0.008276762 1000
261 0.42 5.5 0.7 -1 -0.01734739 -0.01740964 -0.01675547 -0.01649334 -0.01608317 1000 0.009068007 0.008599332 0.00925078 0.01000587 0.009252877 1000
262 0.6199999 -4 1 0 -0.01535253 -0.01534363 -0.01538119 -0.01543215 -0.01474348 1000 0.008847984 0.008733781 0.008551458 0.009071039 0.009079319 1000
263 0.52 4.75 0.5 1 -0.01681946 -0.01685924 -0.0161581 -0.01568456 -0.01561197 1000 0.009715411 0.01031396 0.009745331 0.009048647 0.01041098 1000
264 0.6199999 -4.75 0.6 -1 -0.01608825 -0.01599272 -0.01651402 -0.01644266 -0.0157771 1000 0.0116967 0.01052919 0.01065658 0.01174723 0.01204194 1000
265 0.4600001 -4.75 0.4 0 -0.01574813 -0.01512449 -0.01489516 -0.0146123 -0.01431201 1000 0.0106378 0.01141283 0.0117195 0.01189353 0.01193475 1000
266 0.6199999 5.5 0.9 0 -0.01605998 -0.01561308 -0.01516688 -0.0151772 -0.0163954 1000 0.01206288 0.01213106 0.01175936 0.0112189 0.01314171 1000
267 0.52 4 0.7 1 -0.01980649 -0.02002599 -0.01902549 -0.01842046 -0.0183502 1000 0.01370039 0.0128338 0.0135777 0.01452254 0.01386755 1000
268 0.42 -4.75 0.4 0 -0.01780741 -0.01796918 -0.01744468 -0.01686285 -0.0173675 1000 0.01333471 0.01372263 0.01396289 0.01302824 0.01308396 1000
269 0.4 4 0.5 -1 -0.01839378 -0.0187221 -0.01836881 -0.01774951 -0.01740851 1000 0.01267575 0.01318754 0.01354622 0.01282704 0.01316067 1000
270 0.56 5.5 0.6 -1 -0.01773752 -0.01827649 -0.01800782 -0.01782182 -0.01800155 1000 0.0137883 0.01417444 0.01462113 0.01396731 0.01368901 1000
271 0.4600001 -4 0.9 0 -0.01702927 -0.01703087 -0.01731322 -0.01750521 -0.01679821 1000 0.01455111 0.01367532 0.01304775 0.01353664 0.01360119 1000
272 0.56 -4.75 0.6 1 -0.01796843 -0.0184563 -0.01836672 -0.017487 -0.01651911 1000 0.01315188 0.0124355 0.01352785 0.01386627 0.01374254 1000
273 0.34 5.5 0.5 -1 -0.01798385 -0.01690299 -0.0168303 -0.01700113 -0.016863 1000 0.01291438 0.01323827 0.01313783 0.01323483 0.01392425 1000
