trial Response_Time velH Occlusion_Duration velH_Subject xRotations_first0 xRotations_first1 xRotations_first2 xRotations_first3 xRotations_first4 xRotations_first5 yRotations_first0 yRotations_first1 yRotations_first2 yRotations_first3 yRotations_first4 yRotations_first5
1 0.7199998 4.75 0.9 0 -0.005563981 0.003729423 0.007231516 0.008004939 0.006640643 1000 -0.01473816 -0.02029518 -0.01267886 -0.008834948 -0.007879725 1000
2 1.06 4.75 1 0 0.003678858 0.002744902 0.002941936 0.003333659 0.003316567 1000 -0.008404934 -0.008633237 -0.008016129 -0.007389023 -0.007101125 1000
3 1.14 5.5 0.8 0 0.004906626 0.004822088 0.005135287 0.005280653 0.004984248 1000 -0.008879996 -0.008458198 -0.008358181 -0.007854084 -0.007727671 1000
4 0.56 4.75 0.8 0 0.006708926 0.006608012 0.006837292 0.006876082 0.007001043 1000 -0.008462655 -0.00775862 -0.007980563 -0.008121667 -0.007757506 1000
5 2.399998 4.75 0.6 -1 0.005447376 0.005251395 0.005027596 0.004900985 0.004943111 1000 -0.008441723 -0.008013406 -0.008045034 -0.007847149 -0.007681875 1000
6 0.6999999 5.5 0.6 0 0.01498211 0.01490206 0.01499028 0.01586978 0.01520437 1000 -0.0117914 -0.01087485 -0.01080718 -0.01067105 -0.0104649 1000
7 0.24 4.75 0.3 0 0.0135434 0.01308298 0.01327606 0.01291687 0.01303755 1000 -0.01269255 -0.01203272 -0.01185631 -0.01222158 -0.01210218 1000
8 0.4400001 4.75 0.5 0 0.01377694 0.013927 0.01335977 0.01345936 0.0131876 1000 -0.01242061 -0.01188016 -0.01214911 -0.0126438 -0.01255444 1000
9 0.7799998 -4.75 0.5 1 0.01161136 0.01238565 0.01229289 0.01252498 0.01287605 1000 -0.01276187 -0.01169483 -0.01108093 -0.01101236 -0.0114288 1000
10 0.52 -4 0.4 0 0.01217118 0.01203024 0.01207474 0.01154794 0.01148102 1000 -0.01401693 -0.01370425 -0.01383104 -0.01370944 -0.01344174 1000
11 0.7199998 4.75 0.5 -1 0.009424367 0.009700127 0.009691568 0.0102071 0.01005688 1000 -0.01377058 -0.01311306 -0.01347871 -0.01406536 -0.0138979 1000
12 0.8999997 -5.5 0.5 1 0.009884748 0.009746774 0.009862811 0.01006739 0.009955414 1000 -0.01533015 -0.01493423 -0.01532135 -0.01456599 -0.01472827 1000
13 0.16 -4.75 0.2 0 0.009728833 0.009638587 0.009563676 0.009901587 0.009277392 1000 -0.01618403 -0.01600625 -0.01584637 -0.01546147 -0.01562484 1000
14 0.6399999 4 0.7 -1 0.008727829 0.007838912 0.008396244 0.009211023 0.009306759 1000 -0.01516952 -0.01459538 -0.01484473 -0.01448136 -0.01459825 1000
15 0.7799998 5.5 0.5 1 0.008604623 0.008013958 0.008875058 0.009115865 0.008994005 1000 -0.01524489 -0.0147602 -0.01481943 -0.014553 -0.01469235 1000
16 0.7199998 -5.5 0.5 -1 0.007559935 0.007927091 0.008053274 0.008201638 0.008294679 1000 -0.01569436 -0.01498448 -0.01500601 -0.01550943 -0.01564452 1000
17 0.8399997 -5.5 1 0 0.008685775 0.008486553 0.008827894 0.008970552 0.008918298 1000 -0.01512564 -0.0150719 -0.01562404 -0.01551976 -0.01598001 1000
18 3.739997 5.5 0.4 0 0.009758827 0.009208327 0.008875788 0.009249214 0.009331309 1000 -0.01623698 -0.01613965 -0.01620616 -0.01582178 -0.0156496 1000
19 0.8399997 -4 0.6 0 0.008243529 0.008301503 0.006938967 0.007113451 0.006760096 1000 -0.01778994 -0.01685272 -0.01792994 -0.01814417 -0.01793349 1000
20 1.02 4 0.9 0 0.009688601 0.00994167 0.01058978 0.01029969 0.01024747 1000 -0.01840122 -0.01859119 -0.01888081 -0.01871277 -0.01844097 1000
21 1.159999 4 1 0 0.007741157 0.007902629 0.008565571 0.008431357 0.008634795 1000 -0.01714142 -0.01748356 -0.0174269 -0.01717181 -0.01705973 1000
22 0.9199997 4 0.7 0 0.008784719 0.008276858 0.008917975 0.009358726 0.009078848 1000 -0.01809537 -0.01816357 -0.01802504 -0.01771965 -0.01766182 1000
23 0.38 -4 0.3 0 0.009747774 0.009579647 0.009386476 0.009513742 0.009035211 1000 -0.01840191 -0.01830419 -0.01851576 -0.01873322 -0.01859227 1000
24 0.7399998 4 0.5 -1 0.008711696 0.008372287 0.009468329 0.009771564 0.00950205 1000 -0.01876018 -0.01840407 -0.01876017 -0.01828437 -0.01833755 1000
25 1.04 -4 0.9 0 0.008661383 0.009754658 0.01012 0.009970468 0.00968121 1000 -0.01925104 -0.01902532 -0.0186809 -0.01874258 -0.01915274 1000
26 1.02 -4 1 0 0.01024049 0.01010907 0.00986702 0.01048358 0.01009539 1000 -0.01875381 -0.01869947 -0.01929884 -0.01930272 -0.01963787 1000
27 0.6599999 -4 0.6 1 0.009490073 0.009131666 0.00889663 0.009659846 0.009760499 1000 -0.01925589 -0.01891144 -0.01906541 -0.01902673 -0.01875567 1000
28 0.8999997 -4.75 1 0 0.01022747 0.01020883 0.01040294 0.01123193 0.01088339 1000 -0.01985255 -0.0198687 -0.02091616 -0.01996865 -0.020007 1000
29 0.6199999 4.75 0.5 1 0.009403448 0.009190368 0.009242288 0.009826912 0.01034916 1000 -0.02010166 -0.01914315 -0.0189079 -0.01902745 -0.01858052 1000
30 0.8599997 -4.75 0.8 0 0.009324296 0.009395526 0.00925359 0.009265164 0.009061728 1000 -0.01972277 -0.01944329 -0.01930397 -0.01982905 -0.01972326 1000
31 1.419999 -5.5 1 0 0.009761304 0.009642537 0.00978624 0.01058487 0.009910865 1000 -0.0185669 -0.01872813 -0.01889885 -0.01900116 -0.01973966 1000
32 0.6799999 4 0.6 -1 0.01051125 0.01020284 0.01089495 0.01080944 0.01005297 1000 -0.02203653 -0.02135529 -0.02148909 -0.02126983 -0.02110489 1000
33 0.9199997 5.5 0.5 0 0.008930565 0.008877714 0.008685655 0.008637483 0.009576085 1000 -0.02229647 -0.02153745 -0.02136433 -0.02151031 -0.02122704 1000
34 0.5000001 5.5 0.1 0 0.006575065 0.008077135 0.008599175 0.008623158 0.008940126 1000 -0.02133519 -0.02094801 -0.02105006 -0.02134706 -0.02165695 1000
35 0.9399996 5.5 0.8 0 0.01005591 0.010235 0.01113042 0.01137893 0.01166864 1000 -0.02056909 -0.02030632 -0.0204988 -0.01970721 -0.02082665 1000
36 1.08 5.5 0.9 0 0.0123434 0.01209589 0.01235257 0.01200431 0.01176049 1000 -0.02022629 -0.01974275 -0.01950832 -0.0193008 -0.01920415 1000
37 0.4600001 -4 0.4 0 0.01307856 0.01288004 0.01297569 0.01261554 0.01254862 1000 -0.02051824 -0.01953489 -0.01978855 -0.01997446 -0.02000147 1000
38 0.6399999 5.5 0.7 -1 0.01274334 0.01307351 0.01298016 0.01333915 0.01327412 1000 -0.01903729 -0.01891849 -0.01901852 -0.01959705 -0.01967628 1000
39 0.58 4.75 0.2 0 0.01319527 0.01282838 0.01301395 0.0130369 0.01314055 1000 -0.02023821 -0.01983185 -0.02013954 -0.0200001 -0.01985203 1000
40 0.8599997 4 0.7 0 0.01468533 0.01442185 0.01420641 0.01458874 0.0151837 1000 -0.01994229 -0.01992428 -0.02021439 -0.02021739 -0.01967251 1000
41 1.14 -4.75 0.5 -1 0.01665052 0.01629284 0.01570041 0.01635757 0.01666467 1000 -0.0194891 -0.01920763 -0.01969323 -0.01960791 -0.01972725 1000
42 0.38 -5.5 0.1 0 0.01949847 0.01932014 0.01935661 0.01917565 0.01971184 1000 -0.022791 -0.02223219 -0.02215635 -0.02223782 -0.02209777 1000
43 0.6 -4 0.5 1 0.01946658 0.01906551 0.01853277 0.0187027 0.01833978 1000 -0.02254059 -0.02259359 -0.02286528 -0.02277354 -0.02310857 1000
44 0.6199999 4.75 0.6 -1 0.02047958 0.01948998 0.01769186 0.01575347 0.01223011 1000 -0.0242593 -0.02121001 -0.01733773 -0.01436001 -0.007486109 1000
45 0.42 4 0.6 -1 0.01899853 0.01620845 0.01592489 0.01604972 0.01587724 1000 -0.01162115 -0.01139748 -0.0109159 -0.01045868 -0.01085653 1000
46 0.9399996 4 0.6 1 0.01498099 0.01475602 0.01511837 0.01472923 0.01554523 1000 -0.01179058 -0.01149824 -0.01157092 -0.01113703 -0.01126284 1000
47 0.6399999 4.75 0.1 0 0.01694628 0.01756673 0.01614157 0.01414512 0.01732689 1000 -0.01235114 -0.01171611 -0.0116679 -0.009311296 -0.009014782 1000
48 1.699999 5.5 0.9 0 0.01264314 0.01095472 0.008227834 0.00747075 0.007008863 1000 0.00282395 0.004320848 0.002714203 0.002983867 0.008618837 1000
49 0.6 -4.75 0.3 0 0.002425789 0.002837689 0.00287984 0.003409558 0.003378958 1000 -0.006826077 -0.007015082 -0.006984654 -0.006330462 -0.005873613 1000
50 0.9199997 4 0.7 0 -0.01749089 -0.01953314 -0.01541908 -0.01366993 -0.01298823 1000 -0.009841262 -0.007942651 -0.002433576 -0.0009667671 -0.002848764 1000
51 0.22 4.75 0.1 0 -0.00480245 -0.004797506 -0.004458203 -0.004303491 -0.00456451 1000 -0.007642465 -0.007029326 -0.006916185 -0.007190053 -0.007462449 1000
52 0.52 4 0.3 0 -0.003662934 -0.004310243 -0.003435248 -0.002839427 -0.0028303 1000 -0.008576344 -0.008059617 -0.007693131 -0.007652938 -0.008006899 1000
53 0.8799997 4.75 0.7 0 -0.003311795 -0.003413843 -0.002759269 -0.002831639 -0.003276538 1000 -0.009626094 -0.009358576 -0.009880707 -0.01007399 -0.009543221 1000
54 0.32 5.5 0.1 0 -0.002417679 -0.002719832 -0.002658951 -0.002564025 -0.002429105 1000 -0.01031338 -0.009553138 -0.009745095 -0.009586743 -0.009580863 1000
55 0.7399998 -4 0.6 -1 -0.002325143 -0.002506803 -0.002622416 -0.002828888 -0.002077026 1000 -0.01115848 -0.01095679 -0.01116293 -0.01129878 -0.01136616 1000
56 1.279999 5.5 0.6 0 -0.0003042529 -0.001198069 -0.0008398255 -0.0005592249 -0.0004299192 1000 -0.01131167 -0.01128404 -0.01136993 -0.01163116 -0.01184451 1000
57 0.9599996 -5.5 0.5 0 -0.001244258 -0.001609637 -0.00106726 -0.0005094981 -0.0004964459 1000 -0.01279835 -0.01285434 -0.01252325 -0.01239991 -0.01268982 1000
58 0.52 4.75 0.1 0 0.001472284 0.001297712 0.001852073 0.002158102 0.001461719 1000 -0.01204469 -0.0122155 -0.01195071 -0.01295053 -0.01366632 1000
59 0.4 -5.5 0.1 0 0.002906493 0.002705329 0.002697245 0.002296716 0.00227333 1000 -0.0148012 -0.01397097 -0.01346223 -0.01361755 -0.01356762 1000
60 0.9599996 -4.75 0.5 -1 0.002626588 0.002790269 0.002879681 0.00327197 0.002554936 1000 -0.01229472 -0.01287407 -0.01340443 -0.01380011 -0.01454905 1000
61 1.08 4 0.5 -1 0.00454954 0.004283741 0.004094361 0.004525786 0.004810233 1000 -0.01750065 -0.01810197 -0.01799136 -0.01784881 -0.01782876 1000
62 0.6 5.5 0.2 0 0.004886195 0.005009795 0.00545179 0.005522587 0.005591013 1000 -0.01699539 -0.0167021 -0.0172623 -0.01703111 -0.0170894 1000
63 0.54 -4.75 0.2 0 0.004665641 0.004625539 0.004150977 0.004324751 0.004513531 1000 -0.01830233 -0.01772173 -0.01728132 -0.01690684 -0.01647037 1000
64 0.42 -5.5 0.6 1 0.004231791 0.004071044 0.004471456 0.004390368 0.004771204 1000 -0.01597711 -0.01564026 -0.01660916 -0.01711373 -0.01722866 1000
65 0.6 -4 0.4 0 0.005242366 0.004913739 0.004846241 0.004715279 0.005144105 1000 -0.01808576 -0.01732892 -0.01769866 -0.01811696 -0.01795788 1000
66 0.7999998 -4 0.5 0 0.00637406 0.006586869 0.006842074 0.007279395 0.007280692 1000 -0.01671695 -0.01678802 -0.01775156 -0.01824536 -0.0181892 1000
67 1.259999 5.5 0.9 0 0.01310983 0.01242352 0.01287501 0.01365548 0.01364101 1000 -0.02033114 -0.02023796 -0.02024693 -0.02012153 -0.02030484 1000
68 0.28 -4 0.1 0 0.01193089 0.01199003 0.01224668 0.01180137 0.01186042 1000 -0.01961016 -0.01992371 -0.02033349 -0.01995062 -0.02020667 1000
69 0.7999998 4.75 0.6 0 0.01080389 0.01040514 0.009990226 0.01013791 0.01088506 1000 -0.01964849 -0.01920029 -0.01980908 -0.02026224 -0.0205444 1000
70 1.239999 5.5 0.7 1 0.01107494 0.01201148 0.01208624 0.01208967 0.01207344 1000 -0.01874059 -0.01750795 -0.01824919 -0.01715027 -0.01717596 1000
71 0.6599999 5.5 0.8 0 0.01472366 0.01738101 0.01310006 0.01690068 0.0147309 1000 0.01094259 0.01100266 0.005520446 0.004984215 0.006838804 1000
72 0.8999997 -4.75 0.6 0 0.01518413 0.01260402 0.01227064 0.01476207 0.01593363 1000 -0.0009474128 -0.004850395 -0.004999823 -0.003774503 -0.0001416918 1000
73 0.8799997 4 0.7 0 0.01683636 0.01424389 0.01494813 0.01385523 0.01265568 1000 -0.002605687 8.182987E-05 0.001284407 0.002267885 0.004004027 1000
74 0.8999997 4.75 0.3 0 0.01179155 0.01205383 0.01206125 0.01270269 0.01286109 1000 0.002827617 0.003911547 0.003025073 0.002244328 0.002840541 1000
75 0.7999998 -5.5 0.4 0 0.01067417 0.0109428 0.01054437 0.01044949 0.009921995 1000 0.0004981477 0.001070046 0.0004402502 -0.000501171 -0.0005567113 1000
76 0.8199998 -4 0.3 0 0.01182646 0.01126094 0.01104545 0.01090495 0.01090862 1000 0.0003430968 0.0005431812 -0.0001811897 0.0006910188 0.0003189209 1000
77 0.7599998 5.5 0.6 -1 0.01125592 0.01120221 0.01131481 0.01114093 0.0116477 1000 -0.0006385755 -0.0009708945 -0.0006061765 0.000101085 0.0002921491 1000
78 0.9799996 -4.75 0.5 1 0.01048157 0.01059358 0.01052696 0.01110155 0.01117255 1000 -0.002591792 -0.001630156 -0.001813087 -0.002539991 -0.002658683 1000
79 0.6999999 -4.75 0.2 0 0.01093521 0.01037939 0.01089142 0.01081964 0.01042494 1000 -0.00229991 -0.002450209 -0.003363981 -0.003026874 -0.003110272 1000
80 0.3 4 0.1 0 0.01138011 0.01113985 0.01150401 0.01162725 0.01191573 1000 -0.002879054 -0.00296718 -0.002653458 -0.002058913 -0.0019115 1000
81 0.7999998 5.5 0.7 1 0.01037333 0.01088315 0.0109811 0.01111597 0.01105889 1000 -0.00388021 -0.003332765 -0.003244048 -0.003032512 -0.003444878 1000
82 1.359999 -5.5 0.4 0 0.0085051 0.0109659 0.01438666 0.01653353 0.01936005 1000 -0.004385279 -0.005018207 -0.009273703 -0.0126344 -0.01596357 1000
83 0.9799996 5.5 1 0 0.01185668 0.01206094 0.01089808 0.01016979 0.01026331 1000 -0.000601242 -0.002238959 -0.002105557 -0.0009912073 0.0003187885 1000
84 0.9199997 4.75 0.8 0 0.006659499 0.00636838 0.007173007 0.00764915 0.007735346 1000 0.005423227 0.005677071 0.005330042 0.005871845 0.007170439 1000
85 0.26 4.75 0.1 0 0.005497631 0.005651637 0.005464166 0.005917014 0.005445165 1000 0.005740073 0.005617173 0.005570744 0.005715175 0.005734832 1000
86 0.7399998 4.75 0.4 0 0.005308868 0.005717043 0.006151267 0.006168838 0.005816973 1000 0.005574593 0.006211233 0.006165073 0.005305116 0.005527447 1000
87 1.04 -5.5 0.6 -1 0.006748509 0.007039115 0.007871642 0.007672353 0.007353398 1000 0.005409601 0.005987257 0.006424034 0.006511294 0.006703456 1000
88 1.199999 4 0.8 0 0.008528943 0.008430755 0.008440078 0.008666562 0.008225925 1000 0.004708182 0.004443184 0.004521486 0.004734949 0.00482636 1000
89 0.8399997 -4 1 0 0.009454522 0.009171644 0.009064526 0.008966389 0.008682899 1000 0.004335432 0.00468088 0.004898785 0.005006202 0.00441851 1000
90 0.6599999 4 0.3 0 0.01000894 0.009566832 0.009525601 0.01036592 0.01036361 1000 0.004602409 0.004984969 0.004620135 0.004654555 0.004662449 1000
91 1.499999 -5.5 1 0 0.00841596 0.008847441 0.008874853 0.008967686 0.008926643 1000 0.003720627 0.003945467 0.003722911 0.003600473 0.0033429 1000
92 1.12 4.75 0.9 0 0.005297616 0.005135495 0.004930196 0.005328899 0.004747392 1000 0.003214402 0.003495487 0.003064579 0.003702006 0.003804619 1000
93 0.9799996 -5.5 0.7 1 0.004122838 0.004495264 0.004197286 0.003859714 0.003567051 1000 0.004060455 0.003718663 0.003505693 0.00339655 0.003099913 1000
94 0.6599999 -5.5 0.9 0 0.004308867 0.004816852 0.004490384 0.00449197 0.005057261 1000 0.002784955 0.003523982 0.003532819 0.003581508 0.003945565 1000
95 0.8799997 4 0.7 0 0.003384699 0.003673189 0.004086152 0.003826434 0.003751079 1000 0.004676101 0.00483041 0.004658135 0.004880415 0.004466097 1000
96 0.7599998 4 0.3 0 0.004261248 0.00401299 0.003878948 0.003483556 0.003690746 1000 0.005528063 0.006030237 0.005596163 0.005361903 0.005477554 1000
97 0.4800001 -4 0.2 0 0.003931127 0.004085037 0.00425538 0.004478629 0.004000349 1000 0.007475223 0.008563216 0.008210883 0.008093844 0.007663256 1000
98 0.7999998 5.5 0.6 0 0.004043241 0.003388272 0.003148969 0.003778056 0.003775427 1000 0.007046165 0.007498706 0.006176869 0.006651428 0.006883394 1000
99 0.58 -5.5 0.2 0 0.004325414 0.00353671 0.003287914 0.003738639 0.003624444 1000 0.006400062 0.007493509 0.006943433 0.006944254 0.007164516 1000
100 0.2 -5.5 0.2 0 -0.01755122 -0.0140213 -0.01368727 -0.01432696 -0.01431234 1000 -0.002375488 0.0024605 0.002958185 -0.0001113453 -9.342884E-06 1000
101 0.9599996 -4.75 0.7 0 -0.01749522 -0.01788288 -0.01784063 -0.01828225 -0.01857261 1000 0.000726348 0.0007514648 0.0007219723 -0.0002630984 -0.0002930022 1000
102 0.4400001 -4 0.1 0 -0.02412946 -0.02419216 -0.02394764 -0.02265356 -0.02262396 1000 0.004819269 0.003932058 0.003013938 0.002301986 0.001683264 1000
103 1.06 4 1 0 -0.01707509 -0.008410721 -0.008976068 -0.01118093 -0.011999 1000 -0.004105374 -0.004447655 -0.004797224 -0.004600847 -0.003246361 1000
104 0.8799997 5.5 0.9 0 -0.01358455 -0.01327568 -0.01337224 -0.01335828 -0.01274888 1000 -0.002387637 -0.00194831 -0.001282469 -0.0009517692 -0.00119643 1000
105 0.9199997 4.75 0.6 -1 -0.01553496 -0.01507424 -0.01487144 -0.01455689 -0.01444904 1000 -0.0005244255 -0.0004507803 4.886699E-05 -0.000119321 0.0004024011 1000
106 0.9399996 4 0.6 0 -0.0132266 -0.01329181 -0.01324599 -0.01314137 -0.01373242 1000 0.0004419742 -0.0001298187 0.000224802 0.0003212719 0.0003686882 1000
107 1.06 5.5 0.7 0 -0.01093844 -0.01095416 -0.01090832 -0.01036011 -0.01047749 1000 0.0006971429 0.001014457 0.001037482 0.00112396 0.001512622 1000
108 0.6 -5.5 0.1 0 -0.008463291 -0.008296032 -0.00851312 -0.008950378 -0.009247864 1000 0.0009958849 0.0006094816 0.001084739 0.001326471 0.001344253 1000
109 0.36 -4 0.2 0 -0.008833158 -0.008949907 -0.009022404 -0.009192539 -0.009391546 1000 0.002086556 0.001654924 0.002077031 0.0026074 0.003045503 1000
110 0.6199999 5.5 0.2 0 -0.01133234 -0.01108118 -0.01133077 -0.0116652 -0.01178426 1000 0.0003512923 -1.712565E-05 -8.441421E-05 -0.0005044842 -0.000549617 1000
111 0.9799996 4.75 0.7 1 -0.01063347 -0.0104326 -0.009869384 -0.009497989 -0.009715449 1000 0.002609756 0.002206077 0.001743403 0.001791438 0.001551021 1000
112 1.08 4.75 0.5 1 -0.01050949 -0.01019719 -0.0104256 -0.01096948 -0.01047662 1000 0.001454771 0.001303048 0.001647502 0.001903935 0.001774095 1000
113 1.279999 -4 0.8 0 -0.007732822 -0.008173136 -0.00822183 -0.008252894 -0.008433853 1000 5.781461E-05 0.0002617734 5.916166E-05 -6.516037E-05 5.392896E-05 1000
114 0.7599998 -4.75 0.7 -1 -0.008858537 -0.008221272 -0.007641703 -0.007443412 -0.007332798 1000 -0.003963008 -0.003721062 -0.002989606 -0.002418743 -0.002150272 1000
115 1.08 -5.5 0.5 0 -0.006731516 -0.00658775 -0.006831409 -0.00706898 -0.006343274 1000 -0.00272619 -0.003096508 -0.003102946 -0.002771458 -0.002960214 1000
116 1.279999 -4 1 0 -0.004063684 -0.004035189 -0.00478416 -0.005122803 -0.005663227 1000 -0.002412246 -0.002627346 -0.002439418 -0.002274296 -0.002799717 1000
117 1.499999 -5.5 0.8 0 -0.006060876 -0.005978505 -0.00563216 -0.006094988 -0.00652857 1000 -0.000867329 -0.00117899 -0.0009670641 -0.00125189 -0.001564172 1000
118 1.04 5.5 0.5 -1 -0.006388383 -0.006934489 -0.00672091 -0.006461694 -0.006708094 1000 -0.003789449 -0.003404406 -0.003137234 -0.003279037 -0.003627505 1000
119 1.02 5.5 0.6 0 -0.006175457 -0.005694923 -0.005727884 -0.005954826 -0.005650573 1000 -0.003085058 -0.003219243 -0.003714751 -0.003780548 -0.003809729 1000
120 0.7999998 5.5 0.3 0 -0.005525465 -0.005309514 -0.005375474 -0.005201838 -0.005532628 1000 -0.003116431 -0.002850745 -0.002460803 -0.001936234 -0.001399604 1000
121 1.04 -5.5 0.7 1 -0.004021664 -0.004296448 -0.003728022 -0.00341052 -0.003381676 1000 -0.002963097 -0.002890334 -0.003131509 -0.003183953 -0.003346145 1000
122 1.06 5.5 0.7 1 -0.00317779 -0.003348473 -0.003454788 -0.003959021 -0.003600864 1000 -0.002639377 -0.002407063 -0.002596844 -0.002788154 -0.003090311 1000
123 0.9599996 4 0.5 0 -0.002971594 -0.002804467 -0.00283028 -0.002799274 -0.00322297 1000 -0.001380528 -0.001733621 -0.001804768 -0.00170908 -0.00192693 1000
124 1.04 5.5 0.8 0 -0.002337252 -0.001802434 -0.001644273 -0.001680305 -0.001655641 1000 -0.003676542 -0.003498576 -0.003015935 -0.002474297 -0.002012008 1000
125 0.8999997 -4 0.6 1 -0.002382193 -0.002469347 -0.002798046 -0.001990295 -0.001069916 1000 -0.002829947 -0.002906722 -0.002794761 -0.002374878 -0.001278342 1000
126 1.339999 -4.75 1 0 -0.001401391 -0.001360243 -0.001171764 -0.001325663 -0.001347639 1000 -0.001034632 -0.001037703 -0.001547049 -0.002117361 -0.002676053 1000
127 1.379999 5.5 0.8 0 0.0001167473 -7.016631E-05 -0.0002158042 -0.000733398 -0.0006313204 1000 -0.002028651 -0.002017115 -0.00217471 -0.002228697 -0.002154958 1000
128 1.12 4 0.6 -1 -0.001135502 -0.001219418 -0.001304739 -0.001627359 -0.001589668 1000 -0.00036887 -0.0006359813 -0.0007394401 -0.0007924236 -0.001408302 1000
129 1.14 -4 0.7 0 -0.00151697 -0.001172865 -0.0008833029 -0.0008277877 -0.0007528092 1000 -0.000337215 -0.0003744963 -0.0002249585 -0.000498605 -0.001377071 1000
130 1.12 -4 0.6 1 -0.001499879 -0.001815642 -0.001344675 -0.0007084238 -0.0004745643 1000 -0.003234081 -0.003239966 -0.002814185 -0.002028741 -0.001365755 1000
131 1.279999 -4.75 0.7 1 -0.001010904 -0.001087953 -0.001311255 -0.001562909 -0.0007786267 1000 -0.002776744 -0.002783311 -0.002739306 -0.002615278 -0.002987356 1000
132 0.34 5.5 0.2 0 -0.000496139 -0.0005610633 -0.0004455074 -0.0007802866 -0.000190591 1000 -0.001205751 -0.001374806 -0.001687034 -0.001536655 -0.001723932 1000
133 0.9999996 4 0.8 0 -0.0006744626 -0.0008142046 -0.0008484532 -0.001104951 -0.000348116 1000 -0.001968226 -0.001948999 -0.001151003 -0.0003663326 7.094284E-05 1000
134 1.14 4.75 0.6 -1 -0.0007814986 -0.0008158325 -0.0002833368 -0.0001897415 -0.0004211012 1000 -0.001186931 -0.00113681 -0.001321401 -0.00119015 -0.001217642 1000
135 1.1 4 0.5 1 -0.0001299051 -0.0005539489 -0.0009276288 -0.0003755084 -0.0003235733 1000 -0.001040573 -0.0008904234 -0.0006397791 -0.0008145475 -0.0006745169 1000
136 1.319999 -4 0.8 0 -0.0006036877 -0.0002422121 -0.0003218331 -0.0004461364 -2.70231E-05 1000 -0.0002526156 -0.0005872697 -0.0008990128 -0.001016128 -0.001330074 1000
137 1.08 4.75 0.8 0 -0.0006187721 -0.001038119 -0.001107045 -0.0003846924 -0.0001656885 1000 -0.0001738252 -0.0002234754 -7.792239E-05 4.495148E-05 0.0001431686 1000
138 0.56 -4 0.7 0 0.0008917815 0.0008215262 0.0006545452 0.0008746391 0.0009782076 1000 0.0004364656 0.0003946808 0.0001945656 8.092316E-05 0.0004138715 1000
139 0.4400001 -4 0.1 0 -0.0001614213 -3.245696E-05 -0.000563305 0.0002713283 0.0009110388 1000 0.0002477563 0.001238919 0.002588934 0.003369281 0.002909377 1000
140 1.459999 5.5 0.8 0 -0.0005816915 0.0001261864 0.001092116 0.001283457 0.001044824 1000 0.0009491071 0.0009594178 0.0008834725 0.001449274 0.00138753 1000
141 0.8599997 4.75 0.2 0 0.0009877082 0.001067378 0.001281395 0.001069859 0.001177676 1000 0.002166679 0.0022672 0.001932203 0.002099054 0.001978309 1000
142 1.459999 -4.75 0.7 0 0.0009574073 -0.0003368906 -0.002077041 -0.0009219983 0.001264427 1000 0.003534094 0.004029169 0.003708062 0.003341346 0.002768609 1000
143 0.9999996 4 0.3 0 0.002432936 0.002338166 0.002270174 0.001976475 0.002110472 1000 0.003076127 0.00320353 0.002714637 0.002853313 0.003222272 1000
144 1.319999 -4.75 0.4 0 0.001479524 0.002204707 0.002242487 0.002015467 0.001933989 1000 0.001879462 0.001740891 0.002219079 0.002406726 0.00196821 1000
145 1.219999 5.5 0.5 0 0.003240703 0.003415928 0.003440506 0.003454314 0.003272917 1000 -0.00114682 -0.0008041118 -0.0003068538 -0.000357394 0.0002104483 1000
146 1.479999 4.75 0.5 0 0.002457309 0.002213212 0.00239266 0.002355571 0.002777664 1000 0.001981463 0.002623862 0.002594677 0.002162051 0.002169194 1000
147 0.4800001 4 0.1 0 0.002515716 0.002292493 0.002326376 0.001745932 0.001735979 1000 0.002520513 0.002764418 0.002762269 0.002778081 0.002654892 1000
148 1.779999 5.5 0.7 0 0.002130596 0.002107885 0.002067532 0.001714758 0.002379616 1000 0.002074589 0.002165579 0.002058621 0.002145228 0.001964692 1000
149 0.9999996 -4.75 0.7 1 0.00226237 0.002108526 0.001880103 0.001473645 0.00153847 1000 0.003004438 0.003058681 0.002850957 0.002944137 0.002584116 1000
150 1.08 5.5 0.3 0 0.0008253513 0.0009848769 0.001483238 0.0007756922 0.0009123814 1000 0.008219507 0.008742088 0.009016627 0.008911658 0.009150449 1000
151 1.06 4 0.5 0 0.001267588 0.002377218 0.002182779 0.001859066 0.001625304 1000 0.009593551 0.01005084 0.009958546 0.009434631 0.009506285 1000
152 0.04 -5.5 0.6 1 0.00139284 0.002067524 0.002331345 0.002324033 0.002606763 1000 0.009125576 0.009196463 0.009551418 0.009526331 0.008792997 1000
153 0.9399996 4 1 0 0.003287667 -0.003834058 -0.001630882 -0.003168696 -0.006311338 1000 0.007701269 -0.001756066 0.0004759462 0.01117708 0.006865622 1000
154 1.1 -4.75 0.6 1 -0.01449424 -0.0147823 -0.01238239 -0.01228827 -0.01222806 1000 0.004066892 0.006615511 0.005248382 0.003103701 -0.0006105695 1000
155 1.1 4.75 0.5 1 -0.006088158 -0.005559056 -0.005227704 -0.005142793 -0.0052833 1000 -0.005767365 -0.006182819 -0.005995673 -0.006355373 -0.006196219 1000
156 0.4400001 4.75 0.1 0 -0.004665283 -0.004041578 -0.00367894 -0.003655188 -0.00383965 1000 -0.004936594 -0.004729519 -0.004397229 -0.004517506 -0.004678424 1000
157 1.06 5.5 0.6 -1 -0.004303607 -0.003290199 -0.002676604 -0.002700732 -0.002933949 1000 -0.004054705 -0.003697248 -0.003609088 -0.003438839 -0.003704221 1000
158 1.239999 -4.75 0.7 -1 -0.004023904 -0.004166436 -0.004302088 -0.003659369 -0.002900113 1000 -0.001547685 -0.002171066 -0.002003274 -0.002218992 -0.002476596 1000
159 1.419999 5.5 0.7 0 -0.003267518 -0.003448529 -0.003870756 -0.003345404 -0.003352781 1000 -0.00432905 -0.004129025 -0.004303726 -0.004183212 -0.003977779 1000
160 1.159999 -4 0.6 -1 -0.003790156 -0.003555055 -0.002508037 -0.002401499 -0.002595459 1000 -0.004087746 -0.00400193 -0.00386164 -0.003562264 -0.004149359 1000
161 1.379999 -5.5 0.6 -1 -0.002169808 -0.002034153 -0.001904014 -0.002033397 -0.001879393 1000 -0.003610147 -0.003919522 -0.004069006 -0.004211211 -0.004277349 1000
162 1.1 4.75 0.5 0 -0.0008125529 -0.000645625 -0.0003059854 -0.0002353753 7.036169E-05 1000 -0.004838085 -0.004574894 -0.00433583 -0.003967174 -0.003463175 1000
163 1.159999 -5.5 0.6 1 -0.0002022029 0.0003815735 0.001071843 0.0008915595 0.000810564 1000 -0.005412839 -0.005328493 -0.005144333 -0.005264756 -0.005477064 1000
164 1.239999 -4.75 1 0 -9.892137E-05 7.249137E-05 -4.227124E-05 -0.0003070136 0.0003013473 1000 -0.006078189 -0.005507805 -0.005075622 -0.005293001 -0.005237744 1000
165 1.08 -4.75 0.7 -1 0.0003610263 2.472992E-05 0.0004561482 0.0003332185 0.000125165 1000 -0.004853887 -0.005149282 -0.004942846 -0.004716302 -0.004521047 1000
166 1.159999 5.5 0.8 0 0.002379199 0.002529434 0.00261221 0.002770599 0.002474959 1000 -0.004677433 -0.003866893 -0.003901006 -0.004557277 -0.003972986 1000
167 1.379999 4 0.7 1 0.001092932 0.0007659806 0.001437375 0.001684639 0.001632313 1000 -0.004421853 -0.004079511 -0.004334661 -0.00409916 -0.004160931 1000
168 1.299999 -4.75 0.5 0 0.002072626 0.001532057 0.002217267 0.003038951 0.002918393 1000 -0.003953437 -0.004133939 -0.00423336 -0.004504076 -0.004035797 1000
169 1.719999 5.5 0.7 0 0.001856173 0.001591897 0.002275294 0.002579749 0.00269945 1000 -0.004744891 -0.004610115 -0.004642952 -0.004869459 -0.004744547 1000
170 0.8999997 5.5 0.7 -1 0.001123081 0.000896206 0.001397419 0.00135527 0.001336332 1000 -0.005877064 -0.005696265 -0.00515172 -0.005243854 -0.004976727 1000
171 0.42 4 0.3 0 0.0001102856 0.0005704385 0.0007086855 0.001301097 0.001223059 1000 -0.005992443 -0.005449289 -0.005226767 -0.006053482 -0.00613163 1000
172 1.219999 5.5 0.7 1 0.0009309023 0.001153545 0.001080564 0.00126594 0.00109134 1000 -0.005704043 -0.005388524 -0.005045171 -0.005063885 -0.004487774 1000
173 1.06 5.5 0.4 0 0.001549079 0.001721258 0.001608413 0.001624299 0.001585079 1000 -0.005598274 -0.005402096 -0.005089957 -0.00544463 -0.005021004 1000
174 1.06 4.75 0.7 -1 0.001493525 0.001808311 0.002536529 0.002382264 0.00204808 1000 -0.005631231 -0.005325785 -0.005287831 -0.005160382 -0.005187665 1000
175 0.8399997 -4 0.3 0 0.002580145 0.002083765 0.002902271 0.003262107 0.002995539 1000 -0.006486888 -0.006022154 -0.005873121 -0.005854007 -0.005560825 1000
176 0.8999997 4 0.3 0 0.00226747 0.001571182 0.001463442 0.001706245 0.001619971 1000 -0.005085979 -0.005224766 -0.005252362 -0.005414716 -0.005157698 1000
177 1.319999 -5.5 0.8 0 0.002130769 0.00253158 0.003497038 0.003738399 0.003668393 1000 -0.004351547 -0.00413261 -0.004337289 -0.004554547 -0.004644252 1000
178 1.159999 4.75 0.6 1 0.003280048 0.003236507 0.003311058 0.003269817 0.002948403 1000 -0.005130089 -0.004821914 -0.005132843 -0.004949831 -0.004799864 1000
179 0.9999996 -4 0.5 -1 0.003409927 0.004162465 0.003981167 0.003857631 0.004011553 1000 -0.005235592 -0.005292406 -0.005060688 -0.005232268 -0.005276919 1000
180 0.9399996 -4.75 0.7 0 0.003123034 0.002638394 0.002448732 0.002804457 0.002388108 1000 -0.00459727 -0.004652765 -0.003966153 -0.004240959 -0.004605566 1000
181 0.7399998 4 0.2 0 0.002764254 0.00223437 0.002707232 0.003129981 0.002680451 1000 -0.004184793 -0.004325566 -0.004532233 -0.004529045 -0.004276524 1000
182 0.8199998 -5.5 0.6 -1 0.001223594 0.001741365 0.002371444 0.002548125 0.00228959 1000 -0.004386581 -0.004649515 -0.004756153 -0.004480771 -0.004751402 1000
183 0.7599998 -5.5 0.9 0 0.002889033 0.003107946 0.003024821 0.002864298 0.003018422 1000 -0.004162804 -0.004026907 -0.004361613 -0.004187478 -0.004111876 1000
184 0.8399997 -4 0.6 1 0.001668541 0.001587576 0.001613068 0.001862821 0.00129091 1000 -0.004772382 -0.004222848 -0.004172006 -0.004074126 -0.004000835 1000
185 0.7199998 4.75 0.4 0 0.001284213 0.0009941929 0.0003139877 0.0005444472 0.001106073 1000 -0.004117084 -0.003803825 -0.003688312 -0.003840887 -0.003850363 1000
186 0.8399997 -5.5 0.7 1 0.0008239166 0.0003686835 0.001691682 0.0020333 0.001919529 1000 -0.004488713 -0.004228222 -0.004429965 -0.004044804 -0.004115955 1000
187 1.199999 -4.75 0.7 0 0.0008767991 0.00106746 0.0010402 0.001080268 0.001205085 1000 -0.004618288 -0.004711591 -0.004529564 -0.004561775 -0.004582921 1000
188 0.7399998 5.5 0.5 -1 7.814846E-05 0.0001427155 -0.0001207052 0.0004054584 0.0007462096 1000 -0.002764768 -0.002660178 -0.002792417 -0.002901569 -0.002665306 1000
189 0.6399999 -4.75 0.4 0 -0.0006479473 2.765927E-05 0.0001527535 5.85406E-05 1.483138E-05 1000 -0.004188043 -0.00398895 -0.003940422 -0.003973986 -0.004068493 1000
190 0.7199998 4 0.9 0 -0.0004186354 -0.0003987388 9.839387E-05 0.0001324081 0.0002372173 1000 -0.003622783 -0.003618558 -0.004250846 -0.004466583 -0.00419617 1000
191 0.6399999 -4 0.7 1 0.0007610694 0.0003204733 0.0001495549 0.0005946722 0.0004275648 1000 -0.003346721 -0.003319921 -0.003525629 -0.003092965 -0.002957244 1000
192 0.9399996 5.5 1 0 0.0005730433 0.0006283078 0.001165956 0.0009588634 0.001539593 1000 -0.00403617 -0.003723179 -0.003892038 -0.003783651 -0.00365012 1000
193 0.5000001 5.5 0.1 0 0.001639136 0.001433481 0.001683412 0.001979969 0.00170951 1000 -0.003928318 -0.003184605 -0.002852341 -0.003779209 -0.003233158 1000
194 0.4 4.75 0.5 -1 0.001926395 0.002552052 0.002581643 0.002845864 0.002701101 1000 -0.002336778 -0.002538119 -0.002412174 -0.002693729 -0.002447975 1000
195 1.519999 -4.75 0.7 -1 0.00191049 0.00210166 0.002814147 0.002885221 0.002670884 1000 -0.003451337 -0.00322546 -0.003024998 -0.002572806 -0.003055192 1000
196 1.319999 5.5 0.6 1 0.002124983 0.001937222 0.001905915 0.001860207 0.001826583 1000 -0.004064762 -0.003662604 -0.003837096 -0.003261945 -0.003067306 1000
197 0.8399997 -4.75 0.7 1 0.001699983 0.001715496 0.001637039 0.001428175 0.001315246 1000 -0.002928667 -0.002189517 -0.002854613 -0.003106336 -0.003540027 1000
198 1.08 -4.75 0.3 0 0.001910066 0.001730835 0.002304301 0.00221515 0.002016846 1000 -0.00321271 -0.002801231 -0.002236553 -0.002235974 -0.002018673 1000
199 1.06 4 0.6 -1 0.002088484 0.001869234 0.002210526 0.002109326 0.001989808 1000 -0.00293224 -0.002705864 -0.003140166 -0.002640357 -0.002677853 1000
200 0.8399997 -4.75 0.4 0 0.001799437 0.002222575 0.002508713 0.002802818 0.002479382 1000 -0.001369432 -0.002517223 -0.002372733 -0.001829449 -0.002601899 1000
201 0.9799996 5.5 0.5 -1 0.001387845 0.001021809 0.001373489 0.001218451 0.000708879 1000 -0.002651378 -0.002180593 -0.00214938 -0.002146194 -0.001937832 1000
202 1.04 5.5 0.6 0 -0.0006280837 -0.0001672423 -0.0001218604 1.711584E-05 -0.000123355 1000 -0.002722898 -0.001924508 -0.001597514 -0.001957292 -0.001583841 1000
203 1.239999 -4.75 0.5 1 0.0003227937 0.000213095 -0.0002469285 9.518274E-05 0.0005398451 1000 -0.0008051579 -0.0005649572 -0.001066499 -0.001153902 -0.001095825 1000
204 1.179999 -4 0.8 0 0.0008912463 0.0009063424 0.00149546 0.001106135 0.0005903348 1000 -0.0008394147 -0.0007192082 -0.0009211019 -0.00102417 -0.0008856396 1000
205 0.9199997 -4.75 0.7 1 -0.0002508896 -0.0002551808 0.0003585324 0.0001625147 -0.0002363446 1000 -0.00160986 -0.0008023925 -0.0006939473 -0.0006727636 -0.0004832674 1000
206 1.12 -4 0.6 -1 7.494563E-05 -1.26766E-05 -6.821757E-05 -1.894003E-05 -5.919239E-05 1000 -0.001507197 -0.001124526 -0.00132325 -0.001381903 -0.00114582 1000
207 0.8199998 -4 0.2 0 -0.001473931 -0.001102983 -0.0008149553 -0.0009761884 -0.00107768 1000 -0.0008868049 -0.001125607 -0.001476592 -0.001426426 -0.001606529 1000
208 0.8199998 -4 0.5 1 -0.001520348 -0.001344447 -0.001658706 -0.001108812 -0.001342248 1000 -0.0009942031 -0.001398025 -0.0009056575 -0.0002928182 -0.0005578213 1000
209 0.6199999 4 0.2 0 -0.001943466 -0.002351752 -0.001806844 -0.001228457 -0.001445787 1000 -0.001489813 -0.001305453 -0.00148118 -0.001482296 -0.001251686 1000
210 0.36 4.75 0.2 0 -0.002334852 -0.002022624 -0.001820634 -0.00183652 -0.002075945 1000 -0.000455199 -0.0004307806 -0.0006614554 -0.0005735285 -0.0007639424 1000
211 1.239999 4.75 1 0 -0.001684306 -0.002407187 -0.0022252 -0.00148266 -0.001559023 1000 -0.001136539 -0.001094416 -0.001043907 -0.0008280233 -0.0004523792 1000
212 0.9999996 4 0.6 0 -0.004473152 -0.003503249 -0.003297083 -0.003440628 -0.002708481 1000 -0.0008826403 -0.0004227245 -0.0004080326 -0.000603887 -0.0005654349 1000
213 0.9199997 4.75 0.5 1 -0.002236615 -0.002494414 -0.002336338 -0.002356678 -0.002285191 1000 -0.0002850425 -5.513564E-05 -0.0006238801 -0.0007892319 -0.0005185126 1000
214 0.8999997 -4 0.7 1 -0.001688053 -0.001599711 -0.001994751 -0.001429634 -0.001296557 1000 -5.41405E-05 1.440424E-05 0.0001164621 4.577079E-05 -0.0002597414 1000
215 0.36 4.75 0.3 0 -0.002053117 -0.002255408 -0.002311457 -0.002357848 -0.002225647 1000 -0.0007036992 -0.0002433871 -0.0006576672 -0.0003892275 -9.390216E-05 1000
216 0.9199997 4 0.9 0 -0.00192896 -0.001831006 -0.001577914 -0.001930569 -0.001986048 1000 -0.0002357399 8.375539E-05 5.694767E-05 0.0001873771 0.0004743415 1000
217 0.7599998 -5.5 0.5 -1 -0.001923962 -0.002202955 -0.00147654 -0.001328335 -0.001684194 1000 -0.0005703507 -9.688814E-05 -0.0003309132 -2.09436E-06 -3.733877E-05 1000
218 0.22 -4.75 0.2 0 -0.001552823 -0.001131201 -0.0006510669 -0.0005023105 -0.0007122017 1000 -0.0006839042 -0.0008539577 -0.0008030614 -0.0006364188 -0.0009172273 1000
219 1.04 -4 0.6 0 -0.001116877 -0.00124167 -0.001006256 -0.001293119 -0.001272052 1000 -0.001559018 -0.001034293 -0.0009121503 -0.001350231 -0.001149945 1000
220 1.02 4.75 0.6 -1 -0.0007645201 -0.0005289922 -0.0005753509 -9.01545E-05 7.665754E-05 1000 -0.002653604 -0.002261118 -0.002017072 -0.002633735 -0.002477684 1000
221 0.8599997 -5.5 0.5 -1 -8.235092E-05 0.0006323809 0.000921484 0.0005924447 0.0005823017 1000 -0.002138071 -0.002415227 -0.002472218 -0.002470998 -0.002760991 1000
222 0.7999998 -4.75 0.8 0 0.0007421665 0.001367993 0.001765023 0.00190502 0.00195537 1000 -0.002870644 -0.002427569 -0.002302075 -0.001799031 -0.002169636 1000
223 0.4600001 4.75 0.1 0 0.001406566 0.001362655 0.00134451 0.001449401 0.00121074 1000 -0.003043154 -0.002498047 -0.002972246 -0.002842509 -0.002792885 1000
224 0.7799998 -4 0.5 -1 0.00182054 0.001287916 0.002047117 0.00231359 0.002104764 1000 -0.002683571 -0.002498677 -0.002854114 -0.002752901 -0.002523627 1000
225 0.8399997 4 0.6 1 0.001944772 0.002008324 0.001822217 0.001659575 0.001315609 1000 -0.003031109 -0.002714842 -0.003276391 -0.003311538 -0.002833532 1000
226 0.7399998 -5.5 0.3 0 0.0006621594 0.0009048872 0.0007722133 0.0004195034 0.001267505 1000 -0.003813431 -0.003511638 -0.003517553 -0.003137794 -0.003019112 1000
227 0.8599997 5.5 0.6 -1 0.002233978 0.00160689 0.001352686 0.001760246 0.001505105 1000 -0.002776449 -0.002843237 -0.002471187 -0.002468184 -0.002497991 1000
228 0.8399997 -4.75 0.7 0 -0.0001853804 -0.0002268338 -3.953324E-05 0.0002133069 8.465919E-07 1000 -0.002948618 -0.002554023 -0.002957973 -0.002797195 -0.002853493 1000
229 0.7599998 -4.75 0.9 0 0.0001366799 -3.49349E-05 -6.857231E-05 4.529763E-05 -0.0006260905 1000 -0.002446797 -0.002150233 -0.002081447 -0.002092334 -0.002405988 1000
230 0.6799999 4.75 0.1 0 -0.0006283111 -0.0006166546 -0.0009039189 -0.0002955025 1.139787E-05 1000 -0.003037623 -0.0028949 -0.002903116 -0.002989708 -0.002823429 1000
231 0.9599996 4 0.2 0 -0.0009550325 -0.001382409 -0.0004873041 -0.0002925753 -0.0003451271 1000 -0.002738417 -0.002592998 -0.003049173 -0.002587425 -0.002675123 1000
232 1.179999 -4.75 0.7 1 -2.060118E-05 0.0001100419 2.552229E-05 0.0003026037 0.000367452 1000 -0.002361392 -0.002553617 -0.002412851 -0.002426586 -0.002500931 1000
233 1.04 4.75 1 0 -0.0007172183 -0.000553317 -0.0006753689 -0.0007995966 -0.001242487 1000 -0.003141172 -0.002969945 -0.003041589 -0.003375777 -0.003045707 1000
234 1.159999 -4.75 0.5 -1 -0.001445277 -0.001628129 -0.001414317 -0.00159932 -0.001397748 1000 -0.003669336 -0.003384874 -0.003360097 -0.003306563 -0.003189376 1000
235 0.9799996 -4.75 0.9 0 -0.0003722761 -0.0002333803 -0.0002072545 -0.0001343277 -0.0002343738 1000 -0.003154172 -0.002971678 -0.003083609 -0.002711346 -0.002571116 1000
236 1.199999 -4 0.7 -1 -0.001098757 -0.001260971 -0.0003627115 0.0007211381 0.0005850657 1000 -0.003436203 -0.00338155 -0.003478081 -0.003026658 -0.002773103 1000
237 1.02 5.5 0.3 0 -0.0009210838 -0.0006613305 -0.001017498 -0.0008078046 -0.0004925445 1000 -0.004277923 -0.003875529 -0.003959083 -0.003974425 -0.003801944 1000
238 1.12 5.5 0.7 -1 0.0001860404 0.000247448 0.0004400841 0.001102281 0.0008987588 1000 -0.004658414 -0.004316828 -0.004687839 -0.004494435 -0.004175981 1000
239 0.6399999 -5.5 0.6 1 0.002704958 0.002866213 0.003371116 0.002935729 0.002853371 1000 -0.004589499 -0.004646674 -0.00481646 -0.004790853 -0.004720087 1000
240 0.7599998 -5.5 0.2 0 0.002919851 0.002972545 0.003039534 0.0036364 0.003943715 1000 -0.003926069 -0.00412895 -0.003816145 -0.003721537 -0.00396846 1000
241 0.9399996 4.75 0.3 0 0.003501248 0.003616381 0.003492219 0.003814915 0.004627103 1000 -0.005081974 -0.004505156 -0.004442989 -0.004480768 -0.004613438 1000
242 1.04 -4.75 0.7 -1 0.004635096 0.004755003 0.004679997 0.004613956 0.004583184 1000 -0.004498766 -0.00453231 -0.004828298 -0.004990167 -0.005076036 1000
243 0.9599996 -4.75 0.4 0 0.007436024 0.006916396 0.006963964 0.007555435 0.007517051 1000 -0.004494459 -0.00420919 -0.004267626 -0.004499586 -0.004316356 1000
244 1.08 4 0.4 0 0.006233638 0.006356246 0.005991994 0.006242029 0.005824375 1000 -0.005488588 -0.00544476 -0.005367656 -0.005134595 -0.005300691 1000
245 0.9999996 -4.75 0.6 1 0.004954933 0.005706082 0.005899134 0.006100573 0.0060767 1000 -0.005944925 -0.006212815 -0.005717059 -0.005756736 -0.006303141 1000
246 0.9799996 5.5 0.7 0 0.004218387 0.003933752 0.002697871 0.003756079 0.005285822 1000 -0.005360742 -0.004955691 -0.005413145 -0.004503499 -0.003763241 1000
247 0.9399996 -5.5 0.5 0 -0.005837513 -0.005775122 -0.005452062 -0.005638215 -0.005015882 1000 -0.006047321 -0.005679195 -0.005621808 -0.005996658 -0.005655438 1000
248 0.7799998 -4.75 0.3 0 -0.00512844 -0.005185112 -0.004892868 -0.004788829 -0.005315348 1000 -0.006949051 -0.007092095 -0.006771261 -0.006779353 -0.007009213 1000
249 0.4600001 5.5 0.1 0 -0.004573487 -0.004832144 -0.004178565 -0.003918835 -0.003537326 1000 -0.00823537 -0.008082697 -0.007720302 -0.007376109 -0.00723318 1000
250 0.5000001 -4.75 0.6 1 -0.002750363 -0.003587252 -0.003496789 -0.002643785 -0.002967211 1000 -0.00681858 -0.007906426 -0.007936097 -0.007877219 -0.00832122 1000
251 0.7599998 -5.5 0.4 0 -0.00366376 -0.004171369 -0.003109364 -0.002507413 -0.002598086 1000 -0.008588116 -0.008210021 -0.008575152 -0.008278053 -0.008096713 1000
252 0.7799998 -5.5 0.6 -1 -0.002072076 -0.002336579 -0.002347554 -0.002355741 -0.002255841 1000 -0.008079162 -0.00746499 -0.007945425 -0.008589529 -0.007781022 1000
253 0.9799996 -4.75 0.5 0 -0.001786293 -0.001783957 -0.001093921 -0.001215328 -0.001874104 1000 -0.008220616 -0.007373044 -0.007917234 -0.007596937 -0.007575142 1000
254 0.26 -4 0.1 0 -0.002138174 -0.001713245 -0.001789354 -0.001677409 -0.001971724 1000 -0.009491679 -0.009038903 -0.009113776 -0.009314898 -0.009023106 1000
255 0.56 4.75 0.3 0 -0.001866638 -0.002296689 -0.002616332 -0.001942563 -0.00180703 1000 -0.008811325 -0.008369039 -0.008377418 -0.008735705 -0.008300758 1000
256 0.7599998 -5.5 0.3 0 -0.002352054 -0.002916036 -0.002627975 -0.001953363 -0.001999343 1000 -0.009099043 -0.008850597 -0.008641657 -0.008698025 -0.008276857 1000
257 0.6799999 4.75 0.6 0 -0.003076031 -0.002909292 -0.002855307 -0.002635193 -0.002696121 1000 -0.009085585 -0.009120777 -0.009160886 -0.00929461 -0.009023411 1000
258 0.8999997 -4 0.7 1 -0.00169402 -0.001946605 -0.001949359 -0.002024438 -0.00166166 1000 -0.009192188 -0.008634151 -0.008361448 -0.008300283 -0.00787166 1000
259 0.6599999 5.5 0.5 0 -0.002432083 -0.00262585 -0.001689104 -0.001398529 -0.001741978 1000 -0.009003453 -0.008702081 -0.008929037 -0.008944758 -0.008769832 1000
260 0.8599997 4 0.9 0 -0.002138141 -0.001882282 -0.002069818 -0.002310695 -0.002730086 1000 -0.008527365 -0.00852641 -0.008667678 -0.009114098 -0.009222866 1000
261 0.9199997 5.5 0.8 0 -0.001911231 -0.002293408 -0.002266218 -0.001802339 -0.002193529 1000 -0.008089973 -0.006985224 -0.007300781 -0.007574374 -0.007311677 1000
262 0.9599996 4.75 0.6 -1 -0.002412748 -0.00200194 -0.001541922 -0.001583996 -0.001727199 1000 -0.005776642 -0.005119323 -0.004157275 -0.004016816 -0.004241029 1000
263 0.7999998 -5.5 0.7 -1 -0.002206362 -0.002621377 -0.002175506 -0.002152893 -0.002209479 1000 -0.005225004 -0.005358092 -0.005467156 -0.005427056 -0.005537371 1000
264 0.7599998 4 0.5 -1 -0.001867972 -0.002039601 -0.001109211 -0.000813866 -0.0009882631 1000 -0.005422689 -0.005368481 -0.005319548 -0.005130068 -0.004985921 1000
265 0.7199998 4 1 0 -0.0009367235 -0.001153775 -0.0008673487 -0.0009773005 -0.0007710497 1000 -0.005161144 -0.004074807 -0.004615657 -0.004045252 -0.003791564 1000
266 0.9199997 -5.5 0.3 0 -0.00101883 -0.001199346 -0.001296569 -0.001077097 -0.001903645 1000 -0.004077923 -0.003786977 -0.003440688 -0.003532039 -0.003843004 1000
267 0.54 4.75 0.1 0 -0.001634996 -0.002393941 -0.001867389 -0.001268044 -0.00140491 1000 -0.004445371 -0.004219326 -0.004450197 -0.004263352 -0.004323926 1000
268 0.8599997 4.75 0.7 1 -0.00066011 -0.001359698 -0.00182346 -0.001315675 -0.001777802 1000 -0.003308555 -0.003198678 -0.003428949 -0.003377576 -0.003297956 1000
269 0.9999996 -5.5 0.5 1 -0.001357202 -0.001617005 -0.001770601 -0.001568766 -0.001194643 1000 -0.004361649 -0.004094723 -0.004171749 -0.003488271 -0.003300805 1000
270 0.9799996 5.5 0.7 1 -0.002059736 -0.002352385 -0.002215795 -0.00158095 -0.001733613 1000 -0.003796255 -0.003939643 -0.004051195 -0.00409846 -0.003719778 1000
271 1.06 4 0.6 0 -0.002178649 -0.002213512 -0.002513716 -0.002429838 -0.002357137 1000 -0.00284184 -0.003015898 -0.002621721 -0.002299247 -0.002286799 1000
272 0.6599999 -5.5 0.7 1 -0.002381518 -0.002283784 -0.001389834 -0.001253897 -0.001269481 1000 -0.002875406 -0.002645974 -0.002640188 -0.002413264 -0.002785071 1000
273 0.8399997 4.75 0.6 0 -0.002761448 -0.002269285 -0.002218079 -0.002274024 -0.002623972 1000 -0.002940129 -0.003175173 -0.003268762 -0.003520974 -0.003459196 1000
