trial Response_Time velH Occlusion_Duration velH_Subject xRotations_first0 xRotations_first1 xRotations_first2 xRotations_first3 xRotations_first4 xRotations_first5 yRotations_first0 yRotations_first1 yRotations_first2 yRotations_first3 yRotations_first4 yRotations_first5
1 0.32 -4.75 0.5 -1 0.01599617 0.01360938 0.01520409 0.01669632 0.01744348 1000 0.008136814 0.006490346 0.004948451 0.005682881 0.007061479 1000
2 0.56 5.5 0.5 1 0.01722739 0.01697028 0.01737048 0.01753483 0.01721465 1000 0.007877317 0.009218846 0.01014506 0.01012585 0.009821064 1000
3 0.6799999 -4.75 0.6 -1 0.01754373 0.01810049 0.01864693 0.01940669 0.01996897 1000 0.009453807 0.009802073 0.009561987 0.009888387 0.01078333 1000
4 0.58 4.75 0.5 -1 0.01988153 0.02022755 0.01999576 0.02017719 0.02065858 1000 0.01127605 0.01241972 0.01122688 0.01170567 0.01207701 1000
5 0.06 5.5 0.5 0 0.02220095 0.02185589 0.02181499 0.02265208 0.02266882 1000 0.01263932 0.0131438 0.01286591 0.01271566 0.01258092 1000
6 0.6199999 4 1 0 0.02129669 0.02180974 0.02159502 0.02110252 0.02112603 1000 0.01216999 0.01352606 0.01297089 0.01224427 0.01278675 1000
7 0.54 -4 0.5 1 0.02144467 0.02123954 0.02153122 0.02209558 0.02191851 1000 0.01260593 0.0132176 0.013332 0.01335098 0.01247678 1000
8 0.28 4 0.2 0 0.0213637 0.02184566 0.02156946 0.02200323 0.02177573 1000 0.01277016 0.01317143 0.01283549 0.01399319 0.01289732 1000
9 0.4 -4 0.6 -1 0.01969155 0.02017164 0.02008484 0.02079777 0.02090997 1000 0.01279384 0.01336142 0.01278148 0.01348735 0.01299067 1000
10 0.26 -4.75 0.4 0 0.0206017 0.0200984 0.0200744 0.01985836 0.01958371 1000 0.01329754 0.01312594 0.01366363 0.01285322 0.01307993 1000
11 0.38 -4.75 0.6 -1 0.02093138 0.02099621 0.02146262 0.02198669 0.02165288 1000 0.01293663 0.01293204 0.01359165 0.0131503 0.01292079 1000
12 0.32 4.75 0.3 0 0.0208194 0.02103367 0.02107508 0.02110468 0.0211044 1000 0.01321997 0.01391591 0.01379393 0.01268756 0.01323183 1000
13 0.22 -4.75 0.4 0 0.02012195 0.02039688 0.02021077 0.02002146 0.02026875 1000 0.01217147 0.01329633 0.01275324 0.01286986 0.0130734 1000
14 0.02 -4.75 0.2 0 0.0208085 0.0209605 0.02093266 0.02090463 0.02095041 1000 0.01313515 0.01362087 0.0138135 0.01252552 0.01308098 1000
15 0.3 -4 0.6 0 0.01959064 0.02020139 0.02071141 0.0206605 0.02064418 1000 0.01298666 0.01312257 0.01346842 0.01310256 0.01407979 1000
16 0.7599998 5.5 0.8 0 0.02031905 0.02102304 0.02141553 0.02153745 0.02149259 1000 0.01361262 0.01377208 0.01338203 0.01374285 0.01422824 1000
17 0.16 5.5 0.2 0 0.02187143 0.02187392 0.02236149 0.02239932 0.02245629 1000 0.01487292 0.01567747 0.01494915 0.01445384 0.01469429 1000
18 0.3 -4 0.5 0 0.02067504 0.02019466 0.02019042 0.02092429 0.02141481 1000 0.01410848 0.01452682 0.0147107 0.01438185 0.01443175 1000
19 0.34 4 0.4 0 0.02111903 0.0209456 0.02150943 0.02215343 0.02175047 1000 0.01427339 0.01499086 0.01447249 0.0145243 0.01477829 1000
20 0.34 4.75 0.5 -1 0.02009554 0.02059703 0.0207144 0.0211362 0.02122142 1000 0.01414943 0.01473 0.01440283 0.0149878 0.01412113 1000
21 0.38 -4.75 0.9 0 0.02123872 0.02154718 0.02138851 0.02143702 0.02134142 1000 0.01365217 0.01390784 0.01407736 0.01285966 0.01321942 1000
22 0.38 -4 0.6 1 0.02023502 0.01998528 0.0198066 0.01990383 0.02040712 1000 0.01409732 0.01281599 0.01254614 0.01262632 0.0124782 1000
23 0.34 5.5 0.5 0 0.01976499 0.01921857 0.01953712 0.02025482 0.0203553 1000 0.01188782 0.01293009 0.01346349 0.0131275 0.0131606 1000
24 0.36 -5.5 0.5 0 0.01921082 0.01910356 0.01893975 0.02002185 0.01995245 1000 0.01159051 0.01251465 0.01228312 0.01257641 0.01200545 1000
25 0.4600001 4.75 0.7 -1 0.01870695 0.01902024 0.02009895 0.02013197 0.02021854 1000 0.01256679 0.01286711 0.0130748 0.01246122 0.01307237 1000
26 0.26 -4 0.4 0 0.01973626 0.01960065 0.01913573 0.01901389 0.01874422 1000 0.01196562 0.01221138 0.01308632 0.01190778 0.01249579 1000
27 0.38 -5.5 0.6 0 0.01934144 0.01971882 0.02006669 0.0197432 0.01966318 1000 0.01115724 0.01217964 0.01211443 0.01166813 0.01230789 1000
28 0.52 -4 0.9 0 0.01930338 0.01914666 0.01924651 0.0196724 0.01985836 1000 0.01236295 0.01179388 0.01233452 0.01164874 0.0117508 1000
29 0.52 5.5 0.7 1 0.01840263 0.0191881 0.01921593 0.01916596 0.01913317 1000 0.01128347 0.01222171 0.01215708 0.01246113 0.01170942 1000
30 0.16 4.75 0.2 0 0.019034 0.01914022 0.0189874 0.01907161 0.01947018 1000 0.01139335 0.01104026 0.01124335 0.01101053 0.01141502 1000
31 0.5000001 5.5 0.9 0 0.01831399 0.01874929 0.01857143 0.0180041 0.01803454 1000 0.01109231 0.01191018 0.01051682 0.01082614 0.01134273 1000
32 0.6199999 5.5 0.9 0 0.01749743 0.01734885 0.01798759 0.01819756 0.01784275 1000 0.01129613 0.01144025 0.01176562 0.01127994 0.01196737 1000
33 0.4 -5.5 0.4 0 0.01783288 0.01788081 0.01736329 0.01755894 0.01817647 1000 0.01095361 0.01068352 0.01094957 0.0102399 0.01120031 1000
34 0.6999999 -5.5 1 0 0.017325 0.0175018 0.01854113 0.01879373 0.01845605 1000 0.01030457 0.01069256 0.01090939 0.01048212 0.01109887 1000
35 0.38 5.5 0.7 -1 0.01672802 0.01677606 0.01643341 0.01774062 0.01791004 1000 0.01129712 0.01155717 0.01119165 0.01128124 0.01097279 1000
36 0.34 4 0.5 0 0.01664209 0.01704125 0.01726275 0.01725782 0.01674921 1000 0.01033668 0.01084484 0.01055338 0.0104329 0.0106585 1000
37 0.28 -5.5 0.5 1 0.0164558 0.01669911 0.01690965 0.01747737 0.0169716 1000 0.009875462 0.009883822 0.009901359 0.01007236 0.009565713 1000
38 0.34 5.5 0.7 -1 0.0169614 0.01707863 0.01698968 0.01731711 0.01693831 1000 0.01029237 0.01059371 0.01116618 0.01017874 0.01035449 1000
39 0.56 -5.5 0.8 0 0.01600356 0.01577957 0.01521589 0.01518014 0.01566849 1000 0.009615406 0.009476352 0.009123945 0.008996043 0.009634513 1000
40 0.4 -5.5 0.4 0 0.01537663 0.01601694 0.01651257 0.01610028 0.01544622 1000 0.008994393 0.009646839 0.009687447 0.00947225 0.008940198 1000
41 0.7199998 5.5 0.9 0 0.01595824 0.01584308 0.01564496 0.01554101 0.01543823 1000 0.009634467 0.01006873 0.008921023 0.009222739 0.009259134 1000
42 0.5000001 -4 0.8 0 0.0144227 0.0143293 0.01386635 0.01376566 0.01347624 1000 0.008731568 0.009225036 0.009008272 0.008566486 0.009012601 1000
43 0.5000001 -4.75 0.8 0 0.01288946 0.01207613 0.0118532 0.0127724 0.01257925 1000 0.007415628 0.008303258 0.008101734 0.008114742 0.007912944 1000
44 0.52 -5.5 0.5 -1 0.01171338 0.01203482 0.01223933 0.01215582 0.01188864 1000 0.007910549 0.007980961 0.008144707 0.008304812 0.007426377 1000
45 0.32 -4.75 0.6 0 0.01104067 0.01062097 0.01018105 0.01064939 0.01097908 1000 0.007424832 0.007277823 0.007432064 0.007254147 0.007441794 1000
46 0.4800001 4 0.9 0 0.01010079 0.01008959 0.01039992 0.01075233 0.01085976 1000 0.007307071 0.007581762 0.007670969 0.007659346 0.007936773 1000
47 0.54 5.5 0.7 0 0.008867591 0.00880109 0.008474756 0.008442682 0.008393621 1000 0.006817971 0.007519145 0.007657031 0.006786216 0.007329539 1000
48 0.42 4 0.5 1 0.00682875 0.006685629 0.006776069 0.007278139 0.006709398 1000 0.005696074 0.006803672 0.006292553 0.006573773 0.006670857 1000
49 0.32 -4 0.7 -1 0.005915843 0.006515612 0.006573129 0.006741825 0.006648425 1000 0.005702076 0.0062362 0.005972734 0.006226897 0.005857436 1000
50 0.6599999 5.5 0.6 0 0.02059762 0.02146317 0.02063047 0.02337515 0.02546727 1000 0.01125529 0.01221269 0.01401705 0.01269594 0.01428501 1000
51 0.28 5.5 0.5 1 0.01927412 0.0112237 0.009328429 0.009311617 0.008941118 1000 0.01554277 0.006507465 0.002068458 0.004070017 0.003641112 1000
52 0.4600001 5.5 0.9 0 0.005471485 0.00521064 0.005522216 0.005259899 0.00522485 1000 0.005598898 0.006628899 0.006270744 0.005883771 0.005655515 1000
53 0.26 -4.75 0.7 0 0.0135586 0.01781826 0.02123933 0.02126407 0.02067614 1000 0.007597899 0.008942046 0.01077983 0.01113231 0.0107726 1000
54 0.12 4 0.1 0 0.01342131 0.01292494 0.01170046 0.01107741 0.01141307 1000 0.01013887 0.009372733 0.009224558 0.009378723 0.009361474 1000
55 0.4600001 -4.75 0.5 0 0.008888613 0.00884508 0.008538005 0.00822319 0.007606226 1000 0.008567402 0.008946482 0.009101772 0.008155274 0.008226452 1000
56 0.4800001 -5.5 0.7 -1 0.00708372 0.006837961 0.006160193 0.005548544 0.005404448 1000 0.008213186 0.008462212 0.008074989 0.008028093 0.008243643 1000
57 0.3 -4 0.4 0 0.004199051 0.003460731 0.003618596 0.003962095 0.003600399 1000 0.00721029 0.007750541 0.007796674 0.007641124 0.007406098 1000
58 0.6399999 -4.75 0.7 0 0.002139368 0.00112507 0.0009538112 0.001497521 0.00108093 1000 0.005899735 0.006321256 0.006594102 0.006978765 0.006590834 1000
59 0.38 5.5 0.8 0 0.0007603358 0.0007113165 0.0008069235 0.0004999478 -8.031149E-06 1000 0.006677168 0.006635189 0.007300335 0.007070687 0.006190137 1000
60 0.54 -4 0.9 0 -0.00167662 -0.001708669 -0.001709452 -0.002078217 -0.002712183 1000 0.007100372 0.00679397 0.007777647 0.007612491 0.006613581 1000
61 0.14 4 0.2 0 -0.004149318 -0.003837233 -0.003825978 -0.004020825 -0.003766775 1000 0.004917318 0.005443388 0.004882286 0.005011486 0.004971207 1000
62 0.24 4.75 0.6 -1 -0.00446777 -0.004251156 -0.004283688 -0.004391001 -0.004560168 1000 0.00557497 0.005315286 0.005425504 0.005617278 0.005166345 1000
63 0.3 -5.5 0.5 0 -0.004088588 -0.004017006 -0.00436165 -0.004153026 -0.004703709 1000 0.004560706 0.005023755 0.00488242 0.005158016 0.004579663 1000
64 0.34 4.75 0.6 1 -0.005102916 -0.00487237 -0.005106226 -0.004585315 -0.004798776 1000 0.004439857 0.004701496 0.004765251 0.005314054 0.004801155 1000
65 0.4 -4 0.7 0 -0.004568658 -0.00468728 -0.004389205 -0.004487268 -0.005208712 1000 0.004991147 0.004657611 0.005669208 0.005254474 0.003736636 1000
66 0.22 5.5 0.3 0 -0.00621572 -0.006195266 -0.00663114 -0.006892505 -0.006991261 1000 0.002921862 0.004191911 0.004140742 0.003698561 0.004188914 1000
67 0.38 -4.75 1 0 -0.007246778 -0.007576792 -0.007521336 -0.007641446 -0.008280036 1000 0.004281516 0.0042475 0.004993902 0.003758682 0.003661253 1000
68 0.6 4 1 0 -0.009682271 -0.009297796 -0.009475005 -0.009583593 -0.009461187 1000 0.002026334 0.003184968 0.002803024 0.002824948 0.003273101 1000
69 0.2 -4 0.3 0 -0.01001105 -0.009658938 -0.009345556 -0.00895789 -0.009157171 1000 0.00274819 0.002946762 0.003503074 0.003015231 0.002561716 1000
70 0.36 -4.75 0.8 0 -0.009917397 -0.01035629 -0.01077115 -0.01024895 -0.00996106 1000 0.002168713 0.002108166 0.002931925 0.00297683 0.002804947 1000
71 0.4600001 4.75 0.8 0 -0.01087489 -0.01066036 -0.009722746 -0.009609182 -0.00963845 1000 0.002192297 0.002490949 0.002903149 0.00297619 0.003524821 1000
72 0.6199999 -4 1 0 -0.009959023 -0.009831944 -0.009736453 -0.009622799 -0.009654683 1000 0.003676886 0.003906504 0.004505978 0.00410005 0.00328593 1000
73 0.16 5.5 0.1 0 -0.008057313 -0.007339587 -0.006726953 -0.006718038 -0.006245263 1000 -0.006602493 -0.006427756 -0.005896004 -0.004163137 0.001460252 1000
74 0.26 -4 1 0 -0.004676769 -0.004099826 -0.004473086 -0.005398903 -0.006302061 1000 0.01659762 0.01597075 0.01349049 0.007719738 0.0022238 1000
75 0.24 5.5 0.5 0 -0.003657727 -0.001921838 -0.0007686397 -0.0006608194 -0.001231737 1000 -0.005814926 -0.004645384 -0.004241479 -0.003966934 0.002009809 1000
76 0.26 -4 0.7 1 -0.001604669 -0.001534271 -0.001038374 -0.000687571 -0.0006306171 1000 0.0069522 0.006335195 0.007234733 0.007466353 0.007271854 1000
77 0.18 -4.75 0.6 -1 -0.00123696 -0.0005836549 -0.0007212211 -0.0007313361 -0.001347391 1000 0.007678909 0.007661458 0.008204477 0.008866302 0.007736501 1000
78 0.58 -4.75 0.8 0 -0.002444559 -0.002305341 -0.001874811 -0.001959459 -0.002068432 1000 0.006638821 0.007424572 0.008161987 0.007681797 0.007919393 1000
79 0.54 4.75 0.6 1 -0.002231753 -0.001579626 -0.00192981 -0.002005743 -0.002167009 1000 0.007343684 0.008453206 0.008045615 0.007265408 0.007911117 1000
80 0.5000001 5.5 0.5 0 -0.001609262 -0.001779031 -0.00142617 -0.0006556386 -0.0009697851 1000 0.00728159 0.008568775 0.00868779 0.008541716 0.007742282 1000
81 0.12 -4 0.3 0 0.003319163 0.005543231 0.006572558 0.006410854 0.005961561 1000 0.008007802 0.008075644 0.008339385 0.008194844 0.007241368 1000
82 0.52 -4 0.6 -1 0.002596911 0.00286907 0.003317596 0.003110752 0.003086929 1000 0.007710983 0.008087843 0.008150627 0.007607765 0.008125938 1000
83 0.2 -5.5 0.2 0 0.002142407 0.001820802 0.001873395 0.001350537 0.0007729097 1000 0.007914589 0.008070886 0.008724796 0.008533883 0.007517952 1000
84 0.36 4 0.4 0 0.0006281991 0.000641597 0.001136682 0.0007950983 0.0009364843 1000 0.00727903 0.007784254 0.007929432 0.007285057 0.00817096 1000
85 0.56 4 0.9 0 -0.0002481665 0.0001399101 0.0006063531 0.0005054664 0.000815013 1000 0.007179781 0.00781258 0.008078672 0.007717362 0.008707599 1000
86 0.5000001 -5.5 0.7 1 7.795905E-05 0.0002467444 9.387305E-05 -0.0003430843 -0.0004802729 1000 0.004673304 0.005754809 0.006067875 0.00595164 0.006076738 1000
87 0.08 -4 0.1 0 0.0003284714 0.0003417113 0.0006211897 0.001221893 0.001020683 1000 0.002691355 0.003490886 0.004000296 0.00518183 0.005115982 1000
88 0.28 -4.75 0.2 0 -0.0001031976 -0.0002617016 -0.0007596112 -0.0009627792 -0.0007760472 1000 0.006118868 0.006133414 0.005562702 0.005444583 0.00530061 1000
89 0.32 -5.5 0.6 1 -9.735554E-05 -0.0006915826 -0.001301949 -0.001185171 -0.0002075855 1000 0.005461607 0.005537706 0.005131763 0.005156656 0.005337221 1000
90 0.6999999 -5.5 0.8 0 0.0001471354 0.0003236202 -3.083473E-05 0.0001071889 0.001042189 1000 0.005091092 0.004765678 0.004301358 0.004482684 0.004554145 1000
91 0.14 -4.75 0.1 0 -0.0003945417 9.590535E-05 0.0006033796 0.0006874879 0.0007276236 1000 0.004495693 0.004476083 0.005603576 0.004884301 0.002084953 1000
92 0.3 4 0.5 0 -0.003665643 -0.003287748 -0.002984024 -0.002323839 -0.001925596 1000 -0.01303692 -0.009009507 -0.005856025 -0.00484369 -0.004441309 1000
93 1.04 -5.5 1 0 -0.004893276 -0.00348897 -0.003283953 -0.002812985 -0.001855477 1000 -0.003835376 -0.004320658 -0.004781793 -0.00440396 -0.006328763 1000
94 0.26 -4.75 0.6 1 0.0005144821 0.0006904444 0.0008204179 0.0008097013 0.0008054429 1000 -0.01621309 -0.007730442 -0.002620275 -0.001556187 -0.002775031 1000
95 0.58 -5.5 0.7 -1 0.001720528 0.001658304 0.001214863 0.0005100265 0.0001172726 1000 -0.007418304 -0.005246677 -0.003913833 -0.004211003 -0.005111971 1000
96 0.16 -4.75 0.1 0 -0.003894889 -0.002441365 -0.0024596 -0.002943419 -0.002923609 1000 -0.005428812 -0.004609623 -0.005814165 -0.005117689 -0.004993192 1000
97 0.4600001 -4 0.6 0 -0.003589215 -0.004091776 -0.003963183 -0.003833272 -0.004103353 1000 -0.005737914 -0.006229926 -0.005841402 -0.00587467 -0.006396828 1000
98 0.28 4.75 0.5 -1 -0.004367806 -0.004189924 -0.003801751 -0.004254852 -0.004362374 1000 -0.007065959 -0.006380599 -0.006361003 -0.006229191 -0.005728602 1000
99 0.7599998 -4.75 0.8 0 -0.001854208 -0.001767141 -0.002430415 -0.002786241 -0.002497115 1000 -0.006190456 -0.005857033 -0.005722072 -0.006017241 -0.006104995 1000
100 0.4 -4.75 0.7 1 0.01748947 0.01758925 0.01718688 0.01719952 0.0186518 1000 -0.01726215 -0.01845012 -0.01733762 -0.01797718 -0.01852081 1000
101 0.02 -4 0.2 0 -0.008463176 0.006603249 0.01578187 0.01599367 0.01543605 1000 -0.009349123 -0.01472285 -0.01654436 -0.01386146 -0.0108042 1000
102 0.38 5.5 0.5 -1 0.003589462 0.004104992 0.00378775 0.003837083 0.003916015 1000 -0.007276173 -0.00759237 -0.006712355 -0.005902439 -0.006153299 1000
103 0.3 5.5 0.4 0 0.00176395 0.001699564 0.001283727 0.0004890735 0.0003640821 1000 -0.00520309 -0.004247091 -0.00433867 -0.00387067 -0.004085379 1000
104 0.4800001 -4 0.7 1 -0.000668872 -0.0007233648 -0.0007784201 -0.0008152217 -0.001269442 1000 -0.003483686 -0.004077786 -0.003050654 -0.003486093 -0.00417727 1000
105 0.56 -4 0.8 0 -0.003709859 -0.00367736 -0.003670642 -0.003595233 -0.003503898 1000 -0.003288415 -0.003733728 -0.003897586 -0.003746982 -0.004000667 1000
106 0.4 5.5 0.2 0 -0.004307372 -0.004676505 -0.004455235 -0.004189566 -0.004560154 1000 -0.004399647 -0.004227968 -0.004076596 -0.004325257 -0.004605292 1000
107 0.14 -4.75 0.2 0 -0.004503197 -0.004597003 -0.004127503 -0.004004344 -0.004391536 1000 -0.004834579 -0.004583867 -0.004100893 -0.004426331 -0.004645262 1000
108 0.32 4 0.3 0 -0.00410893 -0.004607387 -0.004683507 -0.004667092 -0.003966873 1000 -0.004007249 -0.004865551 -0.004608044 -0.004332665 -0.004070719 1000
109 0.56 -4.75 0.5 -1 -0.004670003 -0.00504786 -0.004924203 -0.004424923 -0.00409356 1000 -0.005069359 -0.005963418 -0.005236078 -0.005277884 -0.005119828 1000
110 0.36 4.75 0.6 -1 -0.004655417 -0.004136379 -0.003587614 -0.003256338 -0.003314756 1000 -0.006789593 -0.006445669 -0.006569577 -0.006299989 -0.00580735 1000
111 0.18 4 0.2 0 -0.003344108 -0.003325418 -0.003737814 -0.004119006 -0.004263987 1000 -0.006501237 -0.006329724 -0.005915239 -0.005797229 -0.006544698 1000
112 0.5000001 4.75 0.6 1 -0.003763495 -0.003527645 -0.003645898 -0.003456399 -0.003337737 1000 -0.006513547 -0.00639452 -0.00653676 -0.00624713 -0.006080754 1000
113 0.56 -4.75 0.6 0 -0.003874527 -0.003203636 -0.003001959 -0.003482925 -0.003660878 1000 -0.006641652 -0.005745417 -0.006203806 -0.006779318 -0.007207527 1000
114 1.08 5.5 0.9 0 -0.003539897 -0.003897739 -0.003837944 -0.003489393 -0.003265561 1000 -0.006993154 -0.007179682 -0.006555695 -0.00618581 -0.006103084 1000
115 0.06 -5.5 0.2 0 0.001331563 -0.001630559 -0.003207891 -0.003707126 -0.003016807 1000 0.01300875 0.0008759756 -0.00164842 0.0006685657 -0.0007023739 1000
116 0.58 -4 0.7 0 -0.003523003 -0.002797431 -0.001991984 -0.001861546 -0.002135406 1000 -0.01044398 -0.008452022 -0.005823071 -0.005947538 -0.007309554 1000
117 0.8199998 -4.75 1 0 -0.003185926 -0.003650575 -0.003576857 -0.002892631 -0.00300529 1000 -0.007087867 -0.006205139 -0.005259003 -0.005768048 -0.006062304 1000
118 0.56 -4 0.5 0 -0.002446303 -0.002709544 -0.003107029 -0.002910085 -0.002663548 1000 -0.007308286 -0.007530254 -0.006956271 -0.006892278 -0.007152151 1000
119 0.36 -5.5 1 0 -0.004358612 -0.003660827 -0.003801135 -0.003361353 -0.003316464 1000 -0.009947894 -0.008091358 -0.008444237 -0.008359117 -0.008523182 1000
120 0.6199999 4.75 0.5 1 -0.004630983 -0.004807719 -0.004507415 -0.004309676 -0.004375541 1000 -0.007025654 -0.0074052 -0.007225314 -0.007155451 -0.00796253 1000
121 0.6199999 4.75 0.9 0 -0.005779779 -0.005781205 -0.005623304 -0.004906695 -0.005289476 1000 -0.007728057 -0.007105005 -0.007195882 -0.007004165 -0.007417106 1000
122 0.6199999 -4 0.7 0 -0.006044704 -0.005924927 -0.005939827 -0.006006904 -0.006265189 1000 -0.007882218 -0.007880187 -0.007520072 -0.008435333 -0.008212251 1000
123 0.16 4 0.1 0 -0.006353787 -0.006593518 -0.005894532 -0.005605001 -0.005967567 1000 -0.007814115 -0.007556861 -0.007454219 -0.007482823 -0.007301035 1000
124 0.14 -4 0.1 0 -0.006491106 -0.007029197 -0.006869338 -0.00602972 -0.00610222 1000 -0.00894659 -0.008396779 -0.00847007 -0.008023477 -0.008619917 1000
125 0.32 5.5 0.3 0 -0.006146139 -0.006415822 -0.006830884 -0.00663757 -0.006194407 1000 -0.00764102 -0.008171517 -0.00827329 -0.008023177 -0.007756914 1000
126 0.4 -4.75 0.4 0 -0.004542067 -0.004814142 -0.005153859 -0.004872493 -0.004983291 1000 -0.009270009 -0.009670221 -0.009468955 -0.009518092 -0.009350308 1000
127 0.56 5.5 1 0 -0.00571514 -0.005151939 -0.004691873 -0.004725876 -0.00462644 1000 -0.008235921 -0.007817249 -0.007306138 -0.007057875 -0.006498824 1000
128 0.54 -4 0.9 0 -0.004827236 -0.004498688 -0.004432425 -0.004960098 -0.005509959 1000 -0.007429644 -0.006672723 -0.007313628 -0.007340698 -0.007636929 1000
129 0.24 -4.75 0.5 1 -0.004581243 -0.004378778 -0.003546743 -0.004128067 -0.004301092 1000 -0.007556197 -0.007637385 -0.007372715 -0.007968114 -0.007331368 1000
130 0.58 4.75 0.5 1 -0.005893601 -0.005846805 -0.005236771 -0.005239954 -0.005196047 1000 -0.007050514 -0.006951904 -0.006978651 -0.007559921 -0.00713214 1000
131 0.52 -4.75 0.6 -1 -0.005699215 -0.005517161 -0.005661169 -0.005915497 -0.006200308 1000 -0.007535796 -0.006921616 -0.006839452 -0.007508909 -0.007796261 1000
132 0.9199997 -5.5 0.9 0 -0.005954899 -0.006333537 -0.006037347 -0.005559034 -0.005707631 1000 -0.008407707 -0.007657062 -0.007584913 -0.0071179 -0.007860357 1000
133 0.7599998 4 0.8 0 -0.005636076 -0.005510821 -0.005484012 -0.005095413 -0.005277913 1000 -0.007746282 -0.007338487 -0.007122294 -0.0066042 -0.007043488 1000
134 0.52 -4.75 0.7 -1 -0.006842297 -0.006872375 -0.006974074 -0.007519895 -0.007167407 1000 -0.006645044 -0.006803207 -0.006654341 -0.006768583 -0.00671773 1000
135 0.4600001 4 0.5 1 -0.006586908 -0.006135523 -0.005956591 -0.005824113 -0.005927701 1000 -0.007746923 -0.006759594 -0.006945753 -0.006787555 -0.006819393 1000
136 0.18 4.75 0.1 0 -0.006999167 -0.006736136 -0.006770431 -0.006947482 -0.007213701 1000 -0.007624614 -0.0066191 -0.006533463 -0.007355412 -0.007086766 1000
137 0.7599998 -4 1 0 -0.00628933 -0.006006676 -0.005697295 -0.006212916 -0.00688207 1000 -0.007395187 -0.007145639 -0.006329026 -0.006987716 -0.007285775 1000
138 0.56 4.75 0.7 1 -0.005813534 -0.005538692 -0.005819699 -0.005689571 -0.005876175 1000 -0.00815691 -0.007846532 -0.007752107 -0.007450277 -0.007763493 1000
139 0.28 -5.5 0.3 0 -0.006524361 -0.006649212 -0.006769957 -0.006699356 -0.006203831 1000 -0.007210407 -0.007470478 -0.006977959 -0.007134585 -0.00716493 1000
140 0.36 -4 0.5 0 -0.006679581 -0.006766931 -0.006798823 -0.006503163 -0.006342738 1000 -0.007168512 -0.006688789 -0.006810022 -0.006288489 -0.007209224 1000
141 0.4 -4.75 0.5 -1 -0.00681066 -0.006643354 -0.006133029 -0.00642779 -0.006191491 1000 -0.006608674 -0.006102162 -0.005913591 -0.006689405 -0.006835146 1000
142 0.4800001 -4 0.5 1 -0.00725221 -0.006047119 -0.006100095 -0.005598517 -0.00564685 1000 -0.005972074 -0.005190824 -0.005643336 -0.005487291 -0.007072173 1000
143 0.38 4.75 0.9 0 -0.006772975 -0.006304141 -0.006290566 -0.00639713 -0.006368862 1000 -0.007313419 -0.006296061 -0.006984335 -0.007101015 -0.006587171 1000
144 0.4600001 4.75 0.7 1 -0.005709913 -0.006109472 -0.006303112 -0.00611859 -0.005784955 1000 -0.006398241 -0.007108318 -0.00677489 -0.006599487 -0.00649603 1000
145 0.26 4 0.7 -1 -0.006163355 -0.005491715 -0.005425796 -0.005167973 -0.005551081 1000 -0.007641634 -0.007094915 -0.007225878 -0.006357341 -0.007085032 1000
146 0.4800001 4.75 0.3 0 -0.006751156 -0.006461435 -0.006379911 -0.006144924 -0.006625173 1000 -0.007299346 -0.007727066 -0.007801262 -0.007161224 -0.00827021 1000
147 0.52 4 0.9 0 -0.007602862 -0.007753755 -0.007827418 -0.007873694 -0.007201128 1000 -0.007864151 -0.007248219 -0.008178527 -0.007738859 -0.00753742 1000
148 0.18 5.5 0.1 0 -0.007607204 -0.006880696 -0.005957612 -0.005860231 -0.006018861 1000 -0.008696785 -0.008734716 -0.008482012 -0.008201249 -0.007736522 1000
149 0.4800001 5.5 0.4 0 -0.00652096 -0.006425348 -0.005852653 -0.006116202 -0.006033661 1000 -0.00877594 -0.008938466 -0.009419921 -0.01009778 -0.009234382 1000
150 0.4600001 -4 0.6 1 -0.007217514 -0.006420062 -0.006491448 -0.004496665 0.0008638097 1000 -0.01248118 -0.01628491 -0.01876067 -0.02045476 -0.02338957 1000
151 0.16 -4.75 0.5 1 0.01182576 0.01013389 0.006808994 0.003591143 0.001060106 1000 -0.01595029 0.001756433 0.02397132 0.03067221 0.02596277 1000
152 0.38 4 0.6 0 -0.01259014 -0.01540415 -0.01819535 -0.02018039 -0.02222861 1000 0.007914259 0.005563901 0.005002865 0.004850818 0.003927446 1000
153 0.52 4.75 0.3 0 -0.01627418 -0.008777634 -0.006406644 -0.004089159 -0.00204587 1000 -0.002596721 -0.003082491 -0.002309591 -0.001434736 -0.00105916 1000
154 0.52 4 0.8 0 -0.006450805 -0.005871808 -0.005575414 -0.005340221 -0.005098206 1000 -0.001654783 -0.0012581 -0.0008019352 -0.0008013314 -0.001113223 1000
155 0.5000001 -4.75 0.6 -1 -0.00746609 -0.00742358 -0.007387712 -0.006789187 -0.006605495 1000 -0.0008707071 -0.0007712956 -0.0004672446 -0.0008533389 -0.0008727909 1000
156 0.5000001 -4 0.5 -1 -0.008407497 -0.008221842 -0.008231357 -0.008454167 -0.008584583 1000 -0.0007509291 -0.0006857313 -0.0002931744 -0.0007714453 -0.0009428149 1000
157 0.54 4.75 0.7 -1 -0.00935182 -0.00901182 -0.009240757 -0.009510134 -0.009489516 1000 -0.001329552 -0.00215698 -0.001630575 -0.001169184 -0.0008939174 1000
158 0.56 4 0.9 0 -0.01085703 -0.01003253 -0.01008538 -0.009848465 -0.009941882 1000 -0.002349033 -0.001413838 -0.001657494 -0.0007165325 -0.001460807 1000
159 0.5000001 -5.5 0.6 1 -0.0119177 -0.01172561 -0.01233477 -0.01225007 -0.01191594 1000 -0.002590005 -0.003094597 -0.003290655 -0.003380463 -0.002751359 1000
160 0.6599999 5.5 0.6 1 -0.01150247 -0.01083456 -0.0106818 -0.01065739 -0.01108732 1000 -0.002216378 -0.001906798 -0.002416221 -0.002364937 -0.002147815 1000
161 0.58 -5.5 0.5 0 -0.01263531 -0.01317643 -0.01324139 -0.01260608 -0.01216876 1000 -0.002874127 -0.002952739 -0.002843733 -0.002621882 -0.003087526 1000
162 0.22 -5.5 0.1 0 -0.01237731 -0.01222778 -0.0122837 -0.01206173 -0.01233303 1000 -0.003494615 -0.003514984 -0.0026555 -0.003240196 -0.003265453 1000
163 0.5000001 4.75 0.7 -1 -0.01271924 -0.01236657 -0.01249619 -0.01231335 -0.01258751 1000 -0.002920748 -0.00304978 -0.003351707 -0.002706304 -0.003519086 1000
164 0.54 -4.75 0.5 -1 -0.01189285 -0.01192459 -0.01223636 -0.01237694 -0.01193038 1000 -0.003245929 -0.003245904 -0.003378126 -0.00313275 -0.003183349 1000
165 0.4800001 -4 0.6 0 -0.01364245 -0.01282705 -0.01287562 -0.01297198 -0.01277365 1000 -0.004104678 -0.002992771 -0.002731714 -0.002265666 -0.002392385 1000
166 0.52 5.5 0.6 1 -0.0128741 -0.01323582 -0.01343015 -0.01362528 -0.01362051 1000 -0.002703089 -0.002305501 -0.002308369 -0.002557683 -0.002403824 1000
167 0.4400001 -5.5 0.7 0 -0.014576 -0.01418647 -0.01364039 -0.01382658 -0.01407226 1000 -0.001847171 -0.001265601 -0.001236376 -0.001858589 -0.001495908 1000
168 0.4 -4.75 0.4 0 -0.01457299 -0.01426752 -0.01400536 -0.01449507 -0.01485102 1000 -0.001868054 -0.001439902 -0.000665871 -0.000773439 -0.001662803 1000
169 0.58 5.5 0.7 1 -0.01481825 -0.01429881 -0.01440631 -0.01473498 -0.01484284 1000 0.0002062704 5.076938E-05 0.0002765493 -0.001135706 -0.0008784539 1000
170 0.4600001 5.5 0.5 0 -0.01503607 -0.01523933 -0.01509853 -0.01471263 -0.01451788 1000 0.0001043036 0.0002054218 0.0005080444 0.0004901992 0.0001811442 1000
171 0.4400001 -4.75 0.5 1 -0.0114287 -0.01010689 -0.009259889 -0.009388483 -0.01025623 1000 0.001614215 0.001822546 0.002072632 0.001923004 0.001278568 1000
172 0.54 -4 0.5 -1 -0.01104982 -0.01115856 -0.01136724 -0.01157429 -0.01145303 1000 0.001679232 0.001514036 0.0008043852 0.0013828 0.001238785 1000
173 0.5000001 4.75 0.7 0 -0.01160169 -0.01129951 -0.01143732 -0.01126706 -0.01147685 1000 0.001166619 0.001779984 0.001650335 0.002227359 0.002044089 1000
174 0.36 -5.5 0.5 1 -0.01071756 -0.01121016 -0.01162578 -0.01158306 -0.01091086 1000 0.003083203 0.003226053 0.002750321 0.003332367 0.003316323 1000
175 0.24 -5.5 0.3 0 -0.01124207 -0.01175106 -0.01150047 -0.01099081 -0.0107288 1000 0.002553904 0.00283542 0.003189198 0.00269144 0.002875821 1000
176 0.2 5.5 0.2 0 -0.01134918 -0.01117194 -0.01028327 -0.0102647 -0.01071877 1000 0.0023787 0.002519187 0.003053466 0.002314645 0.002755319 1000
177 0.56 -5.5 0.6 -1 -0.01196834 -0.01174937 -0.01088894 -0.01095714 -0.01121072 1000 0.002024669 0.002316817 0.002372857 0.001821117 0.00205064 1000
178 0.7599998 5.5 0.5 1 -0.01179457 -0.01179049 -0.01183297 -0.01178252 -0.01109862 1000 0.002612962 0.00249926 0.002612454 0.002168216 0.00225522 1000
179 0.32 4 0.5 0 -0.01223559 -0.01260615 -0.01288796 -0.01326858 -0.01318781 1000 0.0008773906 0.001806914 0.0009678677 0.000867246 0.00110256 1000
180 0.52 -4 0.7 -1 -0.01311125 -0.01257655 -0.01262903 -0.01253766 -0.01234987 1000 0.000206507 5.461643E-05 0.0006901501 0.0008076912 0.0007426001 1000
181 0.8199998 4.75 0.7 1 -0.0120518 -0.01184284 -0.01190944 -0.01234262 -0.01223733 1000 0.0004673664 0.0001517738 0.0005487832 -3.64855E-05 -0.0003198811 1000
182 0.58 -4.75 0.5 0 -0.01208821 -0.01208483 -0.01214957 -0.01237878 -0.01255551 1000 0.001312454 0.001154378 0.001607296 0.00088137 -0.0003811727 1000
183 0.52 -4.75 0.5 0 -0.01374722 -0.01417193 -0.01408323 -0.0138156 -0.01357192 1000 -0.0002159882 0.0005093505 0.001011794 0.00103752 0.0002987049 1000
184 0.38 -4 0.5 1 -0.01330942 -0.01318855 -0.01324945 -0.01356102 -0.01379247 1000 0.000117299 0.0005620484 0.001098518 -0.0004154772 -0.000649883 1000
185 0.6199999 4 1 0 -0.01404741 -0.01423141 -0.01422756 -0.01405839 -0.01335415 1000 0.004152825 0.003651867 0.003638112 0.003350553 0.004520446 1000
186 0.9599996 -4.75 1 0 -0.01310459 -0.01303058 -0.01296024 -0.01288845 -0.01292438 1000 0.004915759 0.004868443 0.004801938 0.003474563 0.00300288 1000
187 0.32 4.75 0.3 0 -0.01132789 -0.008198737 -0.004807722 -0.005116476 -0.005083333 1000 -0.002199737 -0.003765569 -0.001305286 -0.0001362813 -0.0003361049 1000
188 0.5000001 4 0.4 0 -0.01120682 -0.01100902 -0.01062215 -0.009836619 -0.009436361 1000 -0.001297122 -0.001157265 -0.001447143 -0.0007709944 -0.000854502 1000
189 0.6999999 4 0.7 1 -0.008954246 -0.008553782 -0.008952526 -0.009194606 -0.009370208 1000 -6.075937E-05 -0.0009237739 -3.541465E-05 -0.001188687 -0.001191541 1000
190 0.56 4 0.5 0 -0.01141943 -0.01039919 -0.01030777 -0.01094777 -0.01081603 1000 -0.003907425 -0.003004215 -0.003156357 -0.002870431 -0.002995698 1000
191 0.6999999 5.5 0.7 0 -0.01139914 -0.01182658 -0.01182551 -0.01185314 -0.01175935 1000 -0.002938621 -0.002561864 -0.002615141 -0.002433665 -0.002661697 1000
192 0.6799999 -5.5 0.6 -1 -0.01314129 -0.0128726 -0.0119698 -0.01218148 -0.01213146 1000 -0.005970024 -0.005343072 -0.005619766 -0.004755781 -0.00471484 1000
193 0.5000001 4 0.7 0 -0.01369563 -0.01268699 -0.01227469 -0.01247001 -0.01254921 1000 -0.005703058 -0.005344224 -0.00554616 -0.005368649 -0.006049397 1000
194 0.6199999 4 0.8 0 -0.01275289 -0.0130039 -0.01382297 -0.01399643 -0.01345463 1000 -0.005000784 -0.005281494 -0.005541391 -0.005840528 -0.005790011 1000
195 0.34 4.75 0.7 0 -0.01345324 -0.01340077 -0.0134227 -0.01372337 -0.01400357 1000 -0.003792222 -0.003266962 -0.003616909 -0.003412 -0.003074448 1000
196 0.54 4.75 0.7 -1 -0.01372949 -0.01375043 -0.01361399 -0.01257353 -0.01268535 1000 -0.003872179 -0.003675476 -0.003702807 -0.003205133 -0.003689937 1000
197 0.54 4.75 0.8 0 -0.02680289 -0.03177072 -0.03161585 -0.02571358 -0.01924788 1000 7.237327E-05 -0.001217353 -0.0006847149 0.0006831085 -0.001271928 1000
198 0.32 -4 0.7 1 0.01229749 0.01226443 0.01239821 0.01317847 0.01288872 1000 0.009705802 0.008553101 0.009589983 0.009234969 0.009002736 1000
199 0.5000001 -4.75 0.8 0 0.008028587 0.002507907 0.005208275 0.005807316 0.006633809 1000 0.0005398229 0.002905992 0.004339679 0.007311109 0.009102067 1000
200 0.7199998 -4 0.5 1 0.009111166 0.008430104 0.007310684 0.007330801 0.007271544 1000 -0.002091959 -0.003346963 -0.002141986 -0.002837942 -0.002167515 1000
201 0.42 -4 0.7 1 0.006613836 0.006179611 0.005676008 0.005256215 0.004649726 1000 -0.003715217 -0.003010861 -0.002767352 -0.002890368 -0.003591576 1000
202 0.12 5.5 0.5 0 0.004036364 0.004258625 0.004636406 0.004600754 0.00482486 1000 -0.00361016 -0.003955207 -0.003535003 -0.00316686 -0.003189392 1000
203 0.6199999 4 0.6 1 0.003522709 0.003302966 0.002932117 0.002979097 0.003317898 1000 -0.003576515 -0.003458083 -0.00362909 -0.003246824 -0.003442298 1000
204 0.18 4 0.1 0 0.002813564 0.002385514 0.002276112 0.002041859 0.001794479 1000 -0.005084258 -0.00516739 -0.005405788 -0.005317364 -0.005224385 1000
205 0.24 -4.75 0.1 0 0.001996073 0.001832555 0.001839869 0.001882379 0.002297887 1000 -0.005512991 -0.005453215 -0.005407627 -0.005656895 -0.005391704 1000
206 0.54 4 0.7 -1 0.001324718 0.001547263 0.001559495 0.002157924 0.002314487 1000 -0.006340624 -0.00629881 -0.005940395 -0.005334807 -0.005573186 1000
207 0.52 4 1 0 0.001371631 0.001571812 0.001589492 0.001874654 0.001426276 1000 -0.007047358 -0.006489949 -0.006251309 -0.006123519 -0.005732863 1000
208 0.56 -5.5 0.6 0 0.0007826264 0.0004767071 0.0005699271 0.0009300229 0.0006315879 1000 -0.006398523 -0.006368571 -0.00650073 -0.006862325 -0.007056944 1000
209 0.22 -4.75 0.2 0 0.00115821 0.001111297 0.001464649 0.001433298 0.001483072 1000 -0.007822648 -0.007655687 -0.008488391 -0.008123753 -0.007842347 1000
210 0.36 -4 0.5 1 0.002385624 0.002486638 0.002668315 0.002701355 0.002980715 1000 -0.007928524 -0.007881292 -0.00805362 -0.008030981 -0.008041577 1000
211 0.5000001 5.5 0.5 -1 0.00266277 0.002707773 0.002305097 0.00247598 0.002596034 1000 -0.007517481 -0.007751211 -0.007667814 -0.006977264 -0.007256906 1000
212 0.6 5.5 0.7 0 0.01746039 0.01886138 0.02040843 0.02080616 0.02036886 1000 -0.00934618 -0.008627609 -0.008493759 -0.008484923 -0.008686865 1000
213 0.04 4.75 0.2 0 0.01837752 0.009266712 0.006384799 0.005133237 0.004508492 1000 0.005341097 0.009235898 0.009203844 0.007591637 0.007961141 1000
214 1.179999 -5.5 0.6 1 0.005400205 0.00620302 0.007331308 0.008737432 0.00847438 1000 0.01148806 0.01124564 0.01150535 0.01149042 0.01140906 1000
215 0.16 4.75 0.1 0 0.006362519 0.006806932 0.007378965 0.007835095 0.008011946 1000 0.009009767 0.008648681 0.009556139 0.00926891 0.00912072 1000
216 0.36 5.5 0.7 0 0.006898463 0.008187869 0.00870558 0.00888133 0.008506967 1000 0.008377489 0.009037754 0.009120923 0.009959945 0.009999916 1000
217 0.54 -5.5 0.3 0 0.007716874 0.00748032 0.007247018 0.007597083 0.007781089 1000 0.007982336 0.008333128 0.008039055 0.007713345 0.007672346 1000
218 0.3 4.75 0.7 -1 0.008482157 0.008963927 0.009698759 0.01078328 0.01071053 1000 0.00764791 0.008951548 0.009303 0.009648018 0.009662749 1000
219 0.8199998 -5.5 0.1 0 0.01348406 0.01499648 0.0164057 0.01747402 0.01824749 1000 0.005396372 0.00427562 0.003984032 0.003210468 0.002990504 1000
220 0.58 -4.75 0.7 0 0.01821118 0.01828837 0.01864734 0.01880244 0.01926329 1000 0.008486725 0.007756813 0.008456291 0.008374929 0.008288807 1000
221 0.8199998 -5.5 0.8 0 0.02000142 0.01984277 0.02027723 0.02169457 0.02240958 1000 0.00795715 0.008226056 0.008749448 0.009461357 0.009109542 1000
222 0.34 -5.5 0.3 0 0.0225172 0.02273882 0.02284556 0.02231919 0.02221559 1000 0.008735675 0.00963303 0.009248124 0.009333979 0.009023371 1000
223 0.28 4 0.1 0 0.02318969 0.02277763 0.02242681 0.02220384 0.0224398 1000 0.01022666 0.01016843 0.009496551 0.009919713 0.009623729 1000
224 0.34 4 0.5 1 0.02245956 0.02253689 0.0225115 0.02290328 0.02346895 1000 0.008833994 0.009044996 0.009169308 0.009494868 0.009607212 1000
225 0.22 4.75 0.2 0 0.02321735 0.0228492 0.02318496 0.02351939 0.02356408 1000 0.009137846 0.009532249 0.009584275 0.009558227 0.009753329 1000
226 0.38 4.75 0.6 0 0.02264904 0.02270078 0.02349057 0.02423301 0.02392039 1000 0.008117665 0.008666523 0.00902494 0.008896223 0.009553512 1000
227 0.56 5.5 0.6 1 0.02247497 0.02325417 0.02419967 0.02445661 0.02412561 1000 0.008141936 0.008686189 0.00877367 0.009016546 0.009867541 1000
228 0.09999999 4 0.8 0 0.002123662 -0.001139861 0.01233948 0.02238214 0.02414513 1000 0.01846671 0.01573098 0.01082047 0.002552042 -7.59109E-05 1000
229 0.3 -4 0.3 0 0.02758322 0.03388673 0.03103523 0.0286762 0.02784272 1000 0.007216451 -0.001537501 -0.001679317 -0.0001683283 -0.001340332 1000
230 0.56 4.75 0.6 0 0.008253013 0.009869505 0.009061676 0.01049895 0.01090074 1000 0.007856532 0.008017128 0.01010622 0.007835921 0.006425983 1000
231 0.56 5.5 0.5 1 0.01162292 0.01179546 0.01071466 0.01063668 0.01057532 1000 0.017578 0.01741136 0.01770706 0.01770797 0.01753371 1000
232 0.6199999 4 0.7 1 0.007591798 0.0072348 0.006699293 0.00632727 0.006697756 1000 0.01615858 0.01562989 0.01562156 0.01591874 0.01573958 1000
233 0.6199999 4.75 0.9 0 0.008441791 0.008763244 0.008513468 0.008287151 0.008161706 1000 0.01432658 0.01458174 0.01458095 0.01434241 0.014914 1000
234 0.36 -4 0.6 1 0.00725051 0.007891 0.008627521 0.00835708 0.007856457 1000 0.01429098 0.01481184 0.01500497 0.01452054 0.01526241 1000
235 0.34 5.5 0.5 0 0.007499851 0.008064768 0.008902192 0.008673162 0.008399216 1000 0.0143793 0.01485271 0.01454785 0.01460725 0.01509972 1000
236 0.54 4.75 0.9 0 0.008529915 0.008886188 0.009023632 0.008760149 0.008400023 1000 0.0141043 0.01455432 0.01415923 0.01437673 0.01475122 1000
237 0.2 4 0.9 0 0.009193866 0.008845788 0.008903887 0.008520854 0.008655612 1000 0.01426571 0.01475252 0.01403301 0.01409787 0.01437906 1000
238 0.42 5.5 0.4 0 0.009161718 0.008687447 0.00852582 0.008566297 0.008348581 1000 0.01319851 0.0133257 0.01293504 0.01327044 0.01360968 1000
239 0.3 -4 0.3 0 0.009170381 0.009095647 0.009309518 0.009870366 0.009723979 1000 0.01234619 0.01313661 0.01338417 0.01335009 0.01319105 1000
240 0.8799997 -4.75 0.8 0 0.00942944 0.009860946 0.01029379 0.01035211 0.01029783 1000 0.01195934 0.01239461 0.0122916 0.01231949 0.01234909 1000
241 0.42 4 0.2 0 0.01097252 0.01122887 0.01171499 0.01164065 0.01131706 1000 0.01149711 0.01239071 0.01264637 0.01215891 0.01244318 1000
242 0.58 4 0.5 -1 0.01174016 0.01237362 0.0121146 0.01136032 0.01129147 1000 0.01103604 0.01079581 0.0110678 0.01098062 0.01063745 1000
243 0.36 -4 0.6 -1 0.01124385 0.0118227 0.01231899 0.01306872 0.01384262 1000 0.0107719 0.009987523 0.009864535 0.01015176 0.009683056 1000
244 0.7399998 4 0.5 1 0.01105511 0.01123612 0.01173957 0.01112063 0.01137811 1000 0.003169128 0.003371312 0.003165609 0.002972535 0.003880514 1000
245 0.4400001 4.75 0.5 -1 0.01154525 0.01149285 0.01179764 0.01266944 0.01364894 1000 0.004600075 0.004879265 0.005739969 0.005501498 0.005048657 1000
246 0.5000001 -4.75 0.7 1 0.01329341 0.0133301 0.01281135 0.01297989 0.01277497 1000 0.003125899 0.002887438 0.003352463 0.003002343 0.003537118 1000
247 0.9399996 -4.75 0.7 -1 0.01287746 0.01300338 0.01325897 0.01388853 0.01418779 1000 0.002639591 0.002116598 0.002206466 0.002029585 0.001411998 1000
248 0.9599996 4 0.9 0 0.01417159 0.01456839 0.01532307 0.01539127 0.01521136 1000 0.001496946 0.001735152 0.00181603 0.001219897 0.001886014 1000
249 0.8999997 5.5 0.5 0 0.00922081 0.0072706 0.005990383 0.006191931 0.005959645 1000 0.003619204 0.004402921 0.004658569 0.005146645 0.004222369 1000
250 0.4800001 -4.75 0.4 0 0.005411416 0.00459146 0.004226325 0.003715343 0.003484933 1000 0.002304666 0.00231723 0.002022488 0.002045588 0.001773923 1000
251 0.6799999 -5.5 0.7 0 0.004585001 0.004286615 0.004091689 0.004133456 0.004541207 1000 0.001606849 0.001565973 0.001565492 0.00181116 0.00199942 1000
252 0.54 5.5 0.7 -1 0.004429413 0.004246411 0.003516308 0.003111893 0.002985432 1000 0.002458402 0.00206497 0.002847137 0.002814787 0.003009321 1000
253 0.4800001 4.75 0.6 0 0.002286299 0.002101738 0.00243812 0.002819803 0.00274999 1000 0.00296059 0.002967216 0.003362256 0.003303069 0.003150324 1000
254 0.4400001 -4 0.7 1 0.002041461 0.002023199 0.001819534 0.001466023 0.001190372 1000 0.003012016 0.00272565 0.003141292 0.002837255 0.002427799 1000
255 0.36 -4 0.5 1 0.0005526672 0.0006904683 0.001002432 0.001386589 0.001777222 1000 0.003579302 0.003595096 0.003947734 0.00476541 0.00467439 1000
256 0.58 -5.5 0.7 1 0.0004205029 0.0005995877 0.0009911447 0.001313185 0.0007264485 1000 0.003012713 0.003374095 0.003340891 0.003059606 0.003290744 1000
257 0.58 4 0.6 0 0.0008289191 0.0004613129 0.0004045323 7.539767E-05 0.0002127419 1000 0.002606151 0.003009842 0.002552552 0.002882782 0.003073133 1000
258 0.7399998 4 0.6 0 0.0002171813 0.001121662 0.001382971 0.001210709 0.000779771 1000 0.003313903 0.003477577 0.003482617 0.003825287 0.00346811 1000
259 0.8599997 5.5 0.7 1 -2.411759E-05 0.0003069443 0.0009645706 0.000613532 0.000212288 1000 0.003196925 0.003987159 0.004239545 0.0040767 0.004331527 1000
260 0.6599999 5.5 0.7 1 0.0001178629 0.0004063466 0.0009110806 0.0007465298 0.0003491417 1000 0.004509447 0.004677521 0.004410206 0.00438765 0.004404458 1000
261 0.6399999 4.75 0.6 -1 0.0006726269 0.0007629785 0.0006614519 0.00106906 0.001235906 1000 0.004202163 0.003776612 0.004541549 0.004666461 0.004087596 1000
262 0.4400001 -4.75 0.2 0 0.0001041173 -0.0002978802 -0.0006846178 -0.0005187595 -0.0009691685 1000 0.003289047 0.003578326 0.00364167 0.003299104 0.003707775 1000
263 0.6 -4 0.5 -1 2.816748E-05 3.568416E-05 9.134329E-05 0.0006942616 0.001142509 1000 0.003468365 0.003374812 0.003481476 0.004044714 0.003637069 1000
264 0.4800001 4 0.2 0 0.0008516735 0.00132909 0.00103475 0.001391233 0.0008668311 1000 0.002006401 0.002691044 0.002056799 0.001409498 0.001879229 1000
265 0.7199998 -4 0.9 0 0.001559715 0.001442202 0.002311039 0.002669342 0.002214413 1000 0.001946336 0.001510745 0.0004006588 0.0002661411 2.703784E-05 1000
266 0.6799999 4 0.7 0 0.001862368 0.001983782 0.002150299 0.002740938 0.002590832 1000 -0.002517407 -0.002058935 -0.002047335 -0.001579916 -0.001540296 1000
267 0.7399998 -4 0.6 0 0.002197985 0.002045589 0.001710335 0.001063336 0.0009137659 1000 -0.00178785 -0.001385735 -0.001679976 -0.001336664 -0.001332777 1000
268 0.7599998 -4 0.7 0 0.001570992 0.001824546 0.001665065 0.001792539 0.001607441 1000 -0.003083342 -0.002366082 -0.001872619 -0.002484767 -0.001896066 1000
269 0.28 5.5 0.1 0 0.001503768 0.001909084 0.002335329 0.002235613 0.002140829 1000 -0.0004601186 -0.0004595184 0.0002125629 0.0003856974 -5.40753E-05 1000
270 0.54 -4.75 0.6 1 0.001134528 0.001593273 0.001657694 0.002192872 0.002101913 1000 -0.0005306316 8.424384E-05 -0.0001465901 -0.0004298897 -0.0002368469 1000
271 0.6599999 5.5 1 0 0.0009780586 0.001151208 0.00187262 0.002198002 0.001723571 1000 -0.0002495681 0.0002585293 0.001203035 0.00115166 0.001738728 1000
272 0.7799998 -5.5 0.7 -1 -0.002720051 -0.002427251 -0.003151068 -0.003797946 -0.003673402 1000 0.01240954 0.006645649 0.006280285 0.008645792 0.009616212 1000
273 0.6599999 4.75 0.6 -1 -0.002236717 -0.001930118 -0.002244307 -0.002465483 -0.002641712 1000 0.01333454 0.01350502 0.01379893 0.01446876 0.01453033 1000
