trial Response_Time velH Occlusion_Duration velH_Subject xRotations_first0 xRotations_first1 xRotations_first2 xRotations_first3 xRotations_first4 xRotations_first5 yRotations_first0 yRotations_first1 yRotations_first2 yRotations_first3 yRotations_first4 yRotations_first5
1 0.4 -5.5 0.7 -1 0.001308929 0.001049097 0.00174285 0.004037173 0.005336058 1000 0.008291485 -0.004158595 -0.004800499 0.003257354 0.006737118 1000
2 3.819997 -4.75 0.7 1 0.00528675 0.004946981 0.004734567 0.00551647 0.005878815 1000 0.008811429 0.009520528 0.008359195 0.007878025 0.00721037 1000
3 0.42 -4.75 0.7 1 -0.0003909716 -0.0008923047 -0.0007962604 -0.0001876994 0.001163832 1000 0.0148274 0.01583686 0.01704047 0.01595199 0.01588922 1000
4 0.16 4 0.1 0 0.004256696 0.004411242 0.005088571 0.005409098 0.00703793 1000 0.01659293 0.01625837 0.01602676 0.015901 0.01669845 1000
5 0.52 4 0.6 0 0.008338438 0.008180439 0.007939433 0.008771341 0.009111061 1000 0.0158719 0.01631722 0.01564626 0.01630897 0.01637943 1000
6 0.8199998 4 0.9 0 0.009814243 0.01052952 0.01062251 0.01036408 0.01054268 1000 0.01652358 0.01697422 0.01713977 0.01666377 0.01688558 1000
7 0.8399997 -4.75 0.9 0 0.01108389 0.0115173 0.01225325 0.01272569 0.01286456 1000 0.01603122 0.01629667 0.01653458 0.01669121 0.01738922 1000
8 0.6 -5.5 0.6 -1 0.01339235 0.01330783 0.01355882 0.01412752 0.01418116 1000 0.01802467 0.01834954 0.01821466 0.01835564 0.01893834 1000
9 0.2 4 0.6 -1 0.0132191 0.01331293 0.01373587 0.01429756 0.01461772 1000 0.01785989 0.01774789 0.01821049 0.0187502 0.01883161 1000
10 0.4400001 -4.75 1 0 0.01491028 0.01501546 0.01511198 0.01447876 0.01392894 1000 0.01850824 0.01851971 0.01897294 0.01903602 0.01875722 1000
11 0.6399999 5.5 0.5 1 0.01524051 0.01538578 0.01591498 0.01593549 0.0160388 1000 0.01799962 0.01809559 0.01834724 0.01817759 0.01905159 1000
12 0.58 -4.75 0.7 0 0.0158669 0.01586162 0.01581122 0.01601848 0.01616037 1000 0.02006794 0.02037644 0.01973212 0.02003776 0.02046652 1000
13 0.6199999 -4.75 0.7 -1 0.01560061 0.01645432 0.01693647 0.01720675 0.01726666 1000 0.01921579 0.01962824 0.01929822 0.01926243 0.01952066 1000
14 0.6599999 4.75 0.7 0 0.01623031 0.01651365 0.01767257 0.01769741 0.01778416 1000 0.01936423 0.01953319 0.01969354 0.01934586 0.01933631 1000
15 0.4 -4.75 0.3 0 0.01831175 0.01891897 0.01907272 0.01893958 0.01916289 1000 0.01835368 0.0190923 0.01877801 0.01866267 0.01934258 1000
16 0.6799999 -4.75 1 0 0.0199334 0.01909688 0.01898658 0.01930539 0.01916184 1000 0.01962784 0.01900992 0.01894017 0.0193485 0.01923961 1000
17 0.56 -4 0.5 0 0.01917131 0.01953621 0.02013128 0.01997881 0.02003032 1000 0.01826248 0.01893874 0.01881156 0.01883425 0.01910785 1000
18 0.7799998 -4.75 0.8 0 0.02006526 0.01950532 0.0197988 0.02094779 0.02097056 1000 0.01981384 0.01911754 0.01882224 0.01913161 0.0188059 1000
19 0.4800001 4 0.6 1 0.02112711 0.02152824 0.02246826 0.02304769 0.02302027 1000 0.01785904 0.01863692 0.01867299 0.01848485 0.01838883 1000
20 0.42 -4 0.7 1 0.02295295 0.02377503 0.02351885 0.02281131 0.02344404 1000 0.01919456 0.01952088 0.01900379 0.01790999 0.01906304 1000
21 0.6599999 4 0.9 0 0.02222298 0.02250654 0.02302167 0.02308216 0.02386647 1000 0.01821237 0.01859136 0.01866648 0.01900076 0.01963717 1000
22 0.6799999 -4 0.5 -1 0.02290268 0.02314721 0.0234952 0.02387411 0.02415085 1000 0.01956437 0.01954216 0.01922156 0.01947706 0.01996364 1000
23 0.56 -5.5 0.6 0 0.02307897 0.0233155 0.02365901 0.02356862 0.02411374 1000 0.01842956 0.01920996 0.01917929 0.01884082 0.01950848 1000
24 0.2 -5.5 0.1 0 0.0241574 0.02376499 0.02383588 0.02451753 0.0246464 1000 0.01910912 0.01899674 0.01841358 0.01876161 0.01863605 1000
25 0.38 4 0.4 0 0.0246694 0.02511243 0.02440262 0.02362452 0.02460803 1000 0.01861591 0.01908491 0.01899438 0.01888648 0.01946147 1000
26 1.04 4 1 0 0.02340627 0.02232886 0.02161711 0.02123289 0.02264407 1000 0.01915079 0.01888231 0.01830973 0.0189348 0.01887324 1000
27 0.8399997 4.75 0.9 0 0.02469208 0.02381537 0.02085507 0.02072977 0.02064583 1000 0.01897157 0.01872451 0.0170186 0.01813922 0.01849071 1000
28 0.52 -5.5 0.5 0 0.01920174 0.01917771 0.01933841 0.01960879 0.01914238 1000 0.01603524 0.01601648 0.01602479 0.01655203 0.01680497 1000
29 0.6 4.75 0.5 0 0.02036629 0.02014384 0.02013998 0.02033297 0.02118463 1000 0.01643033 0.01621629 0.01602961 0.01635632 0.01669843 1000
30 0.18 -4.75 0.1 0 0.02191386 0.02164118 0.02192203 0.02189634 0.02248942 1000 0.01481096 0.01484636 0.01546225 0.01542907 0.01612615 1000
31 0.24 -4.75 0.2 0 0.02290011 0.02200639 0.02140517 0.02198241 0.0218034 1000 0.01620758 0.01606612 0.01553345 0.01604048 0.01577017 1000
32 0.6799999 -5.5 0.4 0 0.02050933 0.02020161 0.02026814 0.02036372 0.02125159 1000 0.0157768 0.01584519 0.01589337 0.01577456 0.01618517 1000
33 0.4800001 5.5 0.6 -1 0.02134777 0.02177605 0.02177803 0.02295472 0.02270802 1000 0.01491078 0.01518473 0.01546958 0.01637314 0.01647202 1000
34 0.5000001 -4 0.5 1 0.0222469 0.02219059 0.02254479 0.02302559 0.02356386 1000 0.01559117 0.01572316 0.01518901 0.01487154 0.01538935 1000
35 0.34 4 0.4 0 0.02299266 0.02280268 0.02332505 0.02349521 0.02432072 1000 0.01493158 0.01485159 0.01494376 0.01494416 0.01556732 1000
36 0.6 -4.75 0.6 1 0.02365018 0.02374341 0.02403119 0.02399433 0.02438329 1000 0.01549492 0.01623168 0.01551907 0.01500188 0.01483996 1000
37 0.8399997 -4.75 1 0 0.02346821 0.02399147 0.0247034 0.02471818 0.02450271 1000 0.01504055 0.01590085 0.015357 0.01511518 0.01519545 1000
38 0.6599999 4 0.9 0 0.02134813 0.01786291 0.0110219 0.005249071 0.001456832 1000 0.01385069 0.01392531 0.01378707 0.01299271 0.01197523 1000
39 0.4800001 5.5 0.7 0 0.006775506 0.007545653 0.008398381 0.009523044 0.009287165 1000 0.01133776 0.01137027 0.01213841 0.01280551 0.01237097 1000
40 1.06 -5.5 0.9 0 0.01092439 0.01128938 0.01172621 0.01184252 0.01256713 1000 0.01092197 0.01088726 0.01104659 0.01105033 0.01200905 1000
41 0.38 5.5 0.1 0 0.01350761 0.0131228 0.01347013 0.01366302 0.0135274 1000 0.0116923 0.01189536 0.01268533 0.01256116 0.01237567 1000
42 0.52 -5.5 0.6 1 0.01502607 0.01510535 0.01541962 0.01498079 0.01539826 1000 0.01154198 0.01194455 0.01200414 0.01125333 0.01216399 1000
43 0.58 4 0.8 0 0.01511599 0.01507056 0.01595763 0.01508384 0.01454895 1000 0.01244162 0.01309078 0.01304843 0.0127762 0.01288401 1000
44 0.56 -4 0.7 1 0.01671781 0.01636662 0.01695279 0.01610108 0.01598552 1000 0.01161783 0.01164565 0.01232416 0.01165667 0.01189402 1000
45 0.6799999 -4.75 0.6 0 0.0167454 0.01657214 0.01722971 0.0169298 0.01686636 1000 0.01210946 0.01224618 0.01243355 0.01198567 0.01202194 1000
46 0.5000001 -5.5 0.5 0 0.01754114 0.01797364 0.01713033 0.01696684 0.01766535 1000 0.01206924 0.01288523 0.01211386 0.01253362 0.01275617 1000
47 0.22 -4 0.3 0 0.0177416 0.01838796 0.01740991 0.01719791 0.01823265 1000 0.01299812 0.01385909 0.01339996 0.0129404 0.01365768 1000
48 0.4800001 5.5 0.5 1 0.01842605 0.01835675 0.01853989 0.01893776 0.01882239 1000 0.01292229 0.01253518 0.01269857 0.01305857 0.01294142 1000
49 0.6 -5.5 0.6 0 0.01870459 0.01953346 0.01962828 0.01935255 0.01921593 1000 0.01441726 0.01488375 0.01464382 0.01463515 0.01463992 1000
50 0.54 4 0.8 0 0.01445077 0.01436227 0.01418208 0.01473823 0.01465228 1000 0.02164569 0.02255896 0.0234336 0.02457084 0.02395902 1000
51 0.7799998 5.5 0.7 -1 0.02133954 0.02262739 0.02334835 0.02374386 0.02314199 1000 0.02174213 0.02231693 0.02292102 0.02338961 0.02375963 1000
52 0.4600001 4.75 0.7 1 0.02281235 0.02270291 0.02264176 0.02355802 0.02302959 1000 0.02069887 0.02103921 0.02057292 0.02137822 0.02139654 1000
53 0.6799999 4.75 1 0 0.02292584 0.02311833 0.02298839 0.02336964 0.02284349 1000 0.0226358 0.02269652 0.0222667 0.02285849 0.02270279 1000
54 0.6 -4.75 0.5 0 0.0236733 0.02381854 0.0241278 0.02471648 0.0241852 1000 0.02123268 0.02194737 0.02199321 0.02238075 0.02283166 1000
55 0.6399999 4 1 0 0.02369702 0.02374615 0.02348283 0.02388587 0.022828 1000 0.02196719 0.02177182 0.02153867 0.02221658 0.02152587 1000
56 0.6799999 -5.5 0.5 1 0.02382818 0.02407002 0.0240774 0.02480201 0.02394159 1000 0.02183317 0.02244526 0.0221264 0.02282993 0.02260849 1000
57 0.7399998 -5.5 0.6 -1 0.02449347 0.02484595 0.02459274 0.02372685 0.02416653 1000 0.02267473 0.02257952 0.0230062 0.02198966 0.02250631 1000
58 0.52 -4.75 0.6 -1 0.02560759 0.02493549 0.02441223 0.02523622 0.02555128 1000 0.02261371 0.02263051 0.02181851 0.02246713 0.02253657 1000
59 0.54 -5.5 0.3 0 0.02302574 0.01828053 0.01831519 0.01319808 0.01013264 1000 0.02044781 0.01918474 0.01992518 0.01782576 0.01702198 1000
60 0.52 -5.5 0.7 -1 0.002302687 0.0007736691 0.001620761 0.002234031 0.001395971 1000 0.01110764 0.007373987 0.009388681 0.01083017 0.0114463 1000
61 1.14 5.5 1 0 -0.006148112 -0.006000624 -0.003775248 -0.003584573 -0.004331402 1000 0.006153371 0.00654345 0.006723858 0.006675807 0.007457038 1000
62 0.8999997 5.5 0.7 -1 0.002096212 0.001618076 0.001455143 0.002654223 0.003052437 1000 0.01584683 0.01591087 0.01480236 0.01561421 0.01561355 1000
63 0.42 5.5 0.5 1 0.005554918 0.005978635 0.005905997 0.005867001 0.007116943 1000 0.01491577 0.01521843 0.01514318 0.01500897 0.01532148 1000
64 0.4600001 -4.75 0.4 0 0.007750435 0.007479256 0.00711757 0.00737427 0.007734546 1000 0.01713738 0.016517 0.01599914 0.01588379 0.01589619 1000
65 0.5000001 -5.5 0.6 0 0.008460736 0.008748867 0.009090694 0.009510939 0.009752835 1000 0.01614791 0.01673295 0.01654899 0.01605892 0.01629787 1000
66 0.24 -5.5 0.1 0 0.01162777 0.01200474 0.01212581 0.0122606 0.01203102 1000 0.01669384 0.01645676 0.01586099 0.01605947 0.01592379 1000
67 0.26 4 0.4 0 0.0124691 0.01183764 0.01232249 0.01266872 0.01238039 1000 0.01607052 0.01574599 0.0164084 0.01675289 0.01643683 1000
68 0.5000001 4.75 0.5 0 0.01135029 0.01225535 0.01146073 0.01073534 0.01130739 1000 0.0168283 0.01772326 0.0174631 0.01711248 0.01729755 1000
69 0.4400001 -4.75 0.5 -1 0.01293567 0.01356377 0.01288257 0.01238207 0.01311032 1000 0.01619674 0.0170935 0.0170145 0.01677148 0.0175423 1000
70 0.24 -5.5 0.2 0 0.01264761 0.01286222 0.01341996 0.01298347 0.0130599 1000 0.0171443 0.01722073 0.01758388 0.01658074 0.01671038 1000
71 0.7799998 -5.5 0.9 0 0.01303238 0.01279486 0.01268701 0.01321842 0.01347526 1000 0.0160185 0.01580086 0.01564705 0.01628643 0.01615805 1000
72 0.7999998 -4.75 1 0 0.0142515 0.01494738 0.01536318 0.01587037 0.01503021 1000 0.01651093 0.01622099 0.01558107 0.01666036 0.0156838 1000
73 0.4400001 4.75 0.3 0 0.01713637 0.01671687 0.01603826 0.01643061 0.01637603 1000 0.01602723 0.01602713 0.01563452 0.01619576 0.01605334 1000
74 0.4600001 -5.5 0.5 1 0.01777701 0.01846915 0.01799643 0.01767504 0.01803116 1000 0.01658856 0.01748933 0.01666673 0.01685109 0.01717957 1000
75 0.54 5.5 0.4 0 0.01843936 0.01860167 0.01941969 0.01886007 0.01862236 1000 0.01677435 0.01679865 0.01734873 0.01721447 0.01705816 1000
76 0.5000001 -5.5 0.6 -1 0.01900598 0.01911195 0.01972933 0.01889533 0.01885133 1000 0.0168995 0.01685121 0.01772014 0.01679147 0.01733398 1000
77 0.18 -5.5 0.2 0 0.02009144 0.01997715 0.02079326 0.02012475 0.01967579 1000 0.01681513 0.01690427 0.01765888 0.01735041 0.01744745 1000
78 2.239999 -4 0.1 0 0.01897939 0.01963703 0.01983452 0.01987496 0.02032638 1000 0.01652008 0.01638427 0.01606039 0.01601501 0.01601103 1000
79 0.6999999 4 0.7 0 0.02130917 0.02113881 0.02066739 0.02075171 0.02076765 1000 0.01724202 0.01703532 0.01720675 0.01801728 0.01820999 1000
80 0.5000001 4.75 0.5 1 0.02176264 0.02167727 0.02237906 0.0229512 0.02303494 1000 0.01741315 0.01737671 0.01738092 0.01762518 0.01796713 1000
81 0.6199999 -5.5 0.5 -1 0.02316615 0.02319119 0.02341711 0.02312596 0.02315611 1000 0.01738498 0.01732751 0.01755327 0.01759773 0.01812163 1000
82 0.32 -4.75 0.4 0 0.0232884 0.02361085 0.02376249 0.02494335 0.02388652 1000 0.01700911 0.01738255 0.01743744 0.01823486 0.01811854 1000
83 0.4400001 -4 0.6 1 0.02274689 0.02310614 0.02344457 0.0233779 0.02323296 1000 0.0168403 0.01656489 0.01626766 0.01576862 0.016235 1000
84 0.38 4 0.7 1 0.02354512 0.02338498 0.02471711 0.0246993 0.02443761 1000 0.01705663 0.01676545 0.01718247 0.01726514 0.01754415 1000
85 0.36 4 0.5 -1 0.02407916 0.02440107 0.02378156 0.02366845 0.02413813 1000 0.01708284 0.01794225 0.01681259 0.01728093 0.01764617 1000
86 0.4400001 5.5 0.8 0 0.02276595 0.01937599 0.01662577 0.01220925 0.006291136 1000 0.01572461 0.01440598 0.01356786 0.01405827 0.01233545 1000
87 0.18 5.5 0.1 0 0.01381134 0.01428793 0.01494565 0.01523012 0.01589526 1000 0.01209093 0.01233261 0.01255214 0.01247142 0.01336187 1000
88 0.32 4.75 0.6 0 0.01727234 0.01692575 0.01660305 0.01774657 0.01791936 1000 0.01308914 0.01323448 0.0130573 0.01394032 0.01343605 1000
89 0.7799998 4.75 1 0 0.01916379 0.01967666 0.02011272 0.01941269 0.01887376 1000 0.01340042 0.01339666 0.01388694 0.01383122 0.01332006 1000
90 0.36 -5.5 0.1 0 0.02123019 0.02035054 0.0199186 0.02078376 0.02083896 1000 0.01402961 0.01358865 0.01284236 0.01392167 0.01349128 1000
91 0.42 4 0.6 1 0.02095553 0.02091424 0.021597 0.02093756 0.02112167 1000 0.01343621 0.01309642 0.01356058 0.01276882 0.01308979 1000
92 0.2 5.5 0.3 0 0.02238079 0.02225149 0.02242152 0.02309638 0.02276595 1000 0.01310354 0.01339374 0.01332282 0.01371284 0.01407181 1000
93 0.4800001 5.5 0.6 1 0.02166742 0.0216236 0.02242281 0.02211962 0.02211467 1000 0.01504157 0.01541147 0.01539621 0.01475017 0.01440865 1000
94 0.54 4 0.8 0 0.02313691 0.02239032 0.02233709 0.02282139 0.02278827 1000 0.01462467 0.01408923 0.01445868 0.01488292 0.01445868 1000
95 0.54 -4.75 0.7 -1 0.02264478 0.02207441 0.02183061 0.02282593 0.02314694 1000 0.01535739 0.01532256 0.01476119 0.01530602 0.01472788 1000
96 0.6799999 4 1 0 0.02356454 0.02425313 0.02343846 0.02289782 0.02374843 1000 0.01307434 0.01377117 0.01341935 0.01319314 0.01399078 1000
97 0.38 -5.5 0.2 0 0.02133778 0.01962419 0.01789877 0.0183175 0.01938441 1000 0.01402549 0.01405693 0.01307349 0.01392596 0.01376673 1000
98 0.34 5.5 0.4 0 0.0211445 0.02103932 0.02165246 0.02102017 0.02067335 1000 0.01339252 0.01321484 0.01391058 0.01365461 0.01319887 1000
99 0.4400001 -4 0.5 -1 0.02192743 0.02194741 0.0223175 0.02216765 0.02228017 1000 0.01450586 0.01468931 0.01470418 0.01486163 0.01582484 1000
100 0.14 5.5 0.1 0 0.02356407 0.02284761 0.02126054 0.01820534 0.01579958 1000 0.01467063 0.01469607 0.01523731 0.01592253 0.01600415 1000
101 0.24 -4 0.3 0 0.01935778 0.02006521 0.0209625 0.02288781 0.02150815 1000 0.01553437 0.01972355 0.01676231 0.01504031 0.01697768 1000
102 0.09999999 -4 0.2 0 0.02267677 0.02143459 0.02153951 0.02249604 0.02322762 1000 0.01505149 0.01593603 0.01783989 0.01698341 0.01680376 1000
103 0.36 -4.75 0.6 1 0.02322418 0.02389985 0.02422788 0.02477939 0.024731 1000 0.01688915 0.01712154 0.01668202 0.01638805 0.01623451 1000
104 0.4600001 4.75 0.5 0 0.02402936 0.02442904 0.02496355 0.02509929 0.0251776 1000 0.01654694 0.0175004 0.01774541 0.01725909 0.01700185 1000
105 0.4600001 -4 0.6 0 0.004678067 -0.002485858 -0.004665069 -0.005119928 -0.002838146 1000 0.01041953 0.007462346 0.005897007 0.005911643 0.007432739 1000
106 0.7199998 -5.5 0.9 0 0.00350883 0.003415203 0.004464181 0.005250407 0.005248277 1000 0.008449199 0.00813728 0.00878308 0.008531335 0.008278972 1000
107 0.8999997 -5.5 1 0 0.007985621 0.007831962 0.007880066 0.008375541 0.008433845 1000 0.01068871 0.009995057 0.009532833 0.009443263 0.009190419 1000
108 0.54 5.5 0.7 -1 0.01034027 0.0114536 0.0108949 0.009965742 0.0105908 1000 0.007958381 0.008609459 0.009019443 0.008529071 0.009219592 1000
109 0.28 -5.5 0.2 0 0.01198485 0.0121492 0.01141688 0.01184018 0.01217448 1000 0.008549169 0.009259042 0.008288941 0.008742311 0.008890516 1000
110 0.4800001 5.5 0.9 0 0.01225593 0.01206106 0.01212484 0.01312557 0.012465 1000 0.008254183 0.008446946 0.008103441 0.009006922 0.008826343 1000
111 0.2 4.75 0.1 0 0.01351898 0.01364245 0.01390061 0.01462777 0.01371512 1000 0.008096601 0.008178404 0.008119183 0.008751496 0.00821442 1000
112 0.4400001 -5.5 0.5 0 0.01377239 0.01431071 0.01450756 0.01437797 0.0142572 1000 0.007690648 0.008686157 0.008328791 0.007884091 0.007681031 1000
113 0.34 4.75 0.5 -1 0.01404518 0.01342823 0.01380689 0.01447414 0.01436445 1000 0.009188714 0.008020801 0.008373966 0.008346911 0.007957406 1000
114 0.52 -4.75 0.5 1 0.01542319 0.01526364 0.01574468 0.01489078 0.01500462 1000 0.006971177 0.006624458 0.007642969 0.006973647 0.006650116 1000
115 0.7399998 5.5 0.9 0 0.0146742 0.01495592 0.01511163 0.01468836 0.01503645 1000 0.007507687 0.007647649 0.007955143 0.007104531 0.007346896 1000
116 0.8599997 -4 0.4 0 0.01695821 0.01658337 0.0173507 0.01749912 0.01752867 1000 0.006973472 0.006287074 0.00729269 0.007079388 0.006805133 1000
117 0.6999999 -4 0.6 -1 0.01796437 0.01785128 0.01765671 0.0179644 0.01750053 1000 0.006954649 0.006737611 0.006358012 0.007237644 0.006924111 1000
118 0.4400001 4 0.2 0 0.01900804 0.02009883 0.02023293 0.01977979 0.02028679 1000 0.006216849 0.00694913 0.007162901 0.006778886 0.007428822 1000
119 0.6599999 -5.5 0.7 1 0.02147012 0.02119751 0.02151159 0.020628 0.02077048 1000 0.007231854 0.006863496 0.007278754 0.0063809 0.006427186 1000
120 0.8399997 -5.5 0.7 -1 0.02193905 0.02250715 0.02166388 0.02182223 0.02248539 1000 0.007050912 0.007889316 0.007085821 0.007236121 0.007805801 1000
121 0.6 -4 1 0 0.02255589 0.02299251 0.02308548 0.02329055 0.02358981 1000 0.007285723 0.006907116 0.006659092 0.006537682 0.00683221 1000
122 0.58 -5.5 0.6 1 0.02441117 0.02465935 0.02422597 0.02436187 0.02428097 1000 0.007562053 0.007545589 0.007365979 0.007457086 0.007427862 1000
123 0.24 -4 0.3 0 0.02374732 0.0239535 0.02371302 0.02405925 0.02376752 1000 0.007212743 0.007060111 0.006860423 0.007435462 0.007135478 1000
124 0.24 -4 0.1 0 0.02554023 0.02464852 0.02396014 0.02314947 0.02168891 1000 0.008669996 0.008609077 0.008181654 0.008211511 0.007397478 1000
125 0.6399999 4.75 0.7 -1 -0.01028754 -0.00607481 -0.004418321 -0.001835535 -0.002777104 1000 0.005635542 0.005384584 0.002726653 0.005721075 0.006872886 1000
126 0.8399997 4.75 0.6 1 0.0008973539 0.002341021 0.003433184 0.003618711 0.003554554 1000 0.005993293 0.006791245 0.007154203 0.006211504 0.006232896 1000
127 0.5000001 4.75 0.2 0 0.005837091 0.006102467 0.005792266 0.006241883 0.006789982 1000 0.006009772 0.004733128 0.004552063 0.005644089 0.005889195 1000
128 0.6399999 -4 0.7 1 0.009509197 0.01037152 0.01042943 0.0107647 0.01119512 1000 0.006239401 0.007150161 0.007162587 0.006634595 0.006757763 1000
129 0.4800001 -4 0.3 0 0.01272025 0.0127405 0.01277187 0.01338464 0.01336417 1000 0.008338223 0.008240022 0.007873008 0.00829403 0.008000378 1000
130 0.6399999 -4.75 0.6 0 0.01422532 0.01525742 0.01554445 0.01559113 0.01552117 1000 0.008162199 0.008885715 0.008565838 0.008230544 0.008272774 1000
131 0.6799999 -5.5 0.6 0 0.01721743 0.01754553 0.01733948 0.01743421 0.01755792 1000 0.008801571 0.008420086 0.00801918 0.008348813 0.008119357 1000
132 0.6599999 -5.5 0.3 0 0.01716462 0.01728502 0.01750773 0.01803785 0.0174546 1000 0.008840888 0.008612611 0.008402473 0.008968947 0.008947643 1000
133 0.4400001 -5.5 0.5 -1 0.01790303 0.01813623 0.01843648 0.01772106 0.01770029 1000 0.007895115 0.008194397 0.009016325 0.008217704 0.008723017 1000
134 0.58 4 0.7 0 0.01924986 0.01920394 0.01959965 0.01971891 0.01895843 1000 0.008263325 0.008441028 0.008484091 0.0088626 0.008803756 1000
135 0.8399997 -5.5 0.5 1 0.02036337 0.02021876 0.020563 0.01998734 0.01977023 1000 0.008448686 0.008462046 0.008861132 0.008751004 0.008454598 1000
136 0.5000001 4 0.5 1 0.02188238 0.02164511 0.02226423 0.02182249 0.02152732 1000 0.009576424 0.01029922 0.01017052 0.01048167 0.0100792 1000
137 0.18 -4.75 0.1 0 0.02159583 0.02125905 0.02222298 0.02248521 0.0224774 1000 0.00993182 0.009239408 0.01016238 0.009663343 0.009673598 1000
138 0.3 -4 0.7 1 0.02256976 0.02284341 0.0231473 0.02289332 0.02224253 1000 0.01016457 0.01024828 0.01057137 0.01102597 0.01016245 1000
139 0.4800001 4.75 0.6 1 0.02277343 0.02302346 0.02283424 0.02319193 0.02321749 1000 0.01047998 0.01005304 0.009659983 0.009963534 0.009643534 1000
140 0.4800001 4 0.7 -1 0.02304916 0.02358579 0.02394991 0.02385614 0.0238943 1000 0.01042453 0.01109011 0.01087995 0.01078439 0.01123816 1000
141 0.58 4 0.7 0 0.02379446 0.02385901 0.02427491 0.02420174 0.02419085 1000 0.01104479 0.01156098 0.01144611 0.01127988 0.01119606 1000
142 0.32 -4.75 0.5 1 0.002484775 -0.004576273 -0.007799955 -0.008921218 -0.007167292 1000 0.006609873 0.004886457 0.002665141 0.003279334 0.004720553 1000
143 0.36 4.75 0.4 0 0.00133833 0.001561516 0.001851886 0.002574763 0.003299334 1000 0.00567773 0.006650125 0.005727239 0.006235778 0.006891521 1000
144 0.7199998 5.5 0.8 0 0.006926152 0.006947795 0.007989707 0.007649848 0.007281715 1000 0.006637329 0.006965303 0.007637109 0.00776155 0.007568144 1000
145 0.6199999 4.75 0.4 0 0.01093607 0.0102065 0.01026217 0.01085697 0.01114505 1000 0.00965229 0.009230047 0.009168772 0.009671718 0.009206648 1000
146 0.4400001 -4.75 0.5 0 0.01216344 0.01225268 0.01281119 0.01285731 0.0129657 1000 0.008980671 0.009130913 0.009498374 0.009135975 0.008859339 1000
147 0.42 -4.75 0.2 0 0.01319458 0.01278831 0.01354266 0.01381913 0.01371264 1000 0.009224195 0.008456917 0.009204078 0.009116387 0.008784153 1000
148 0.22 5.5 0.1 0 0.01471461 0.01447283 0.01373689 0.01421698 0.01458268 1000 0.008565778 0.008919694 0.008310569 0.009113899 0.009112651 1000
149 0.6 -4 0.8 0 0.01631855 0.0161149 0.01645178 0.01661208 0.01680048 1000 0.008778723 0.008877207 0.008898192 0.009057497 0.009692891 1000
150 0.56 -5.5 0.7 0 0.01804939 0.01691096 0.01632852 0.01757926 0.01832317 1000 0.0109338 0.01089495 0.01043854 0.01197916 0.01164584 1000
151 0.38 4 0.6 0 0.01871216 0.01807053 0.01934941 0.01935007 0.01906649 1000 0.01133512 0.0107625 0.0110523 0.01103486 0.01083645 1000
152 0.54 4 0.8 0 0.01978921 0.01967436 0.01950429 0.02029227 0.02045214 1000 0.01062537 0.01156233 0.01063979 0.01168376 0.01191111 1000
153 0.4600001 4 0.6 0 0.02014024 0.02087204 0.02004446 0.01951338 0.02015404 1000 0.01056503 0.01157707 0.01126543 0.01066927 0.01133836 1000
154 0.26 4 0.2 0 0.02078552 0.02073773 0.02104858 0.02020916 0.02019664 1000 0.01052629 0.01059497 0.01138161 0.0104509 0.01072549 1000
155 0.7399998 -4 0.8 0 0.0212573 0.02139562 0.02132672 0.0214407 0.02164097 1000 0.0108207 0.010662 0.01006225 0.01022689 0.01052406 1000
156 0.7999998 5.5 0.6 1 0.02200403 0.02203408 0.02237009 0.02255305 0.02308562 1000 0.009970589 0.009775258 0.00987201 0.009957382 0.01091952 1000
157 0.6 4.75 0.6 1 0.02251771 0.02251932 0.02225042 0.02263996 0.02314039 1000 0.01190588 0.01212927 0.01182061 0.01197713 0.01235914 1000
158 0.38 -4 0.5 1 0.02435642 0.02399745 0.02365986 0.02424118 0.02425112 1000 0.01200258 0.01202869 0.01100622 0.0122324 0.01168782 1000
159 0.32 4 0.5 0 0.0236818 0.02445181 0.02373075 0.02330375 0.02391708 1000 0.01149687 0.01255082 0.01265125 0.01218262 0.01277335 1000
160 0.42 -4.75 0.6 -1 0.02137252 0.01827451 0.01858475 0.0187321 0.0191218 1000 0.01005417 0.008785655 0.009245161 0.01012006 0.01058883 1000
161 0.24 4.75 0.9 0 0.02075406 0.02126399 0.02186244 0.02213741 0.02187748 1000 0.01054053 0.01034789 0.009863524 0.01006772 0.0103153 1000
162 0.58 -4 0.7 0 0.02283095 0.02296924 0.0220544 0.021656 0.02261376 1000 0.01023406 0.0107763 0.01027646 0.01002005 0.01083334 1000
163 0.34 -4 0.5 0 0.02344379 0.0233359 0.02418564 0.02350296 0.02278259 1000 0.0100533 0.009971215 0.01011313 0.01024329 0.009633634 1000
164 0.56 4 0.5 -1 0.02313644 0.02313412 0.02356838 0.02378128 0.02388411 1000 0.01016022 0.009925494 0.009795383 0.01023508 0.01043952 1000
165 0.56 -5.5 0.6 -1 0.02469653 0.0246181 0.02441532 0.02435968 0.02469161 1000 0.009051041 0.008750126 0.00861781 0.009076652 0.009297629 1000
166 0.7199998 4.75 0.7 1 0.0246471 0.02449303 0.02483848 0.02482538 0.02481836 1000 0.008625933 0.008467522 0.008537471 0.008304054 0.009249656 1000
167 0.58 4 0.7 0 0.01469699 0.01087226 0.00448747 -0.0001608046 -0.0008409701 1000 0.006831961 0.007220848 0.006633617 0.004968544 0.004632064 1000
168 0.5000001 -4.75 0.4 0 0.008409719 0.008631286 0.007709765 0.008824368 0.01012966 1000 0.006533435 0.006692384 0.005602131 0.006156332 0.006063497 1000
169 0.54 5.5 0.8 0 0.012602 0.01234325 0.0117699 0.01276883 0.01293796 1000 0.006075811 0.006199245 0.005437553 0.005801459 0.006324465 1000
170 0.7799998 4.75 0.6 0 0.01531312 0.01568794 0.01483198 0.01489369 0.01547812 1000 0.005579516 0.006400476 0.00514219 0.005725759 0.005668008 1000
171 0.7199998 -5.5 0.9 0 0.01609569 0.01650615 0.01759564 0.01790643 0.01777078 1000 0.006003187 0.006239192 0.005818262 0.005571535 0.005602286 1000
172 0.6 -4.75 0.6 0 0.01802368 0.01829477 0.01821263 0.01816136 0.01801271 1000 0.006505296 0.006293495 0.00564593 0.00566045 0.005977008 1000
173 0.6 -4.75 0.5 0 0.01833642 0.01841062 0.01839567 0.01831494 0.0189634 1000 0.006361567 0.006209163 0.006391972 0.006055655 0.00700782 1000
174 0.7399998 -5.5 0.6 0 0.01925029 0.01931478 0.01947042 0.01977577 0.01938286 1000 0.006357553 0.006604016 0.006484063 0.006830963 0.006975728 1000
175 0.7199998 -4.75 0.7 1 0.01962055 0.02021997 0.01941585 0.01937037 0.01981772 1000 0.007021927 0.00768574 0.006689225 0.006588275 0.007076573 1000
176 0.6599999 -4 0.9 0 0.02047341 0.01970745 0.02045014 0.02082265 0.0205096 1000 0.007905769 0.007074536 0.007724922 0.007674779 0.007443415 1000
177 0.5000001 -5.5 0.6 1 0.02038648 0.02079249 0.0211704 0.02114655 0.02110226 1000 0.006968613 0.007951926 0.007758334 0.007319713 0.007454519 1000
178 0.7399998 5.5 0.8 0 0.02083452 0.02008118 0.02095493 0.02125344 0.02124484 1000 0.007784211 0.007148125 0.007851972 0.007771009 0.007719935 1000
179 0.9199997 5.5 0.7 -1 0.02148497 0.0216524 0.02163981 0.02147716 0.02124403 1000 0.007905452 0.007546761 0.007098639 0.007475975 0.007470132 1000
180 0.52 4 0.6 1 0.02094591 0.02095542 0.02109216 0.02051054 0.02096528 1000 0.006985745 0.006874118 0.007669195 0.006749307 0.007186953 1000
181 0.06 4.75 0.1 0 0.02204425 0.02189554 0.02254781 0.02225539 0.02163771 1000 0.007202669 0.00693426 0.007287111 0.007627475 0.006753752 1000
182 0.7199998 -4 0.6 0 0.02173416 0.0210561 0.02195154 0.02191931 0.02191729 1000 0.007339259 0.006941599 0.007685185 0.007435112 0.007539851 1000
183 0.6799999 5.5 0.5 0 0.02210619 0.02294212 0.02289659 0.02293743 0.02308305 1000 0.007108217 0.007195116 0.006958392 0.006912071 0.007524724 1000
184 0.4600001 -4.75 0.2 0 0.02311633 0.0227698 0.02269171 0.02344984 0.02300555 1000 0.00682635 0.006893621 0.006857374 0.007499449 0.007803687 1000
185 0.09999999 4 0.1 0 0.02321783 0.02326262 0.02370237 0.02400785 0.0241603 1000 0.007372222 0.006825638 0.007225251 0.00712246 0.007983805 1000
186 0.12 5.5 0.1 0 0.02501396 0.02411392 0.02379548 0.02497027 0.02497495 1000 0.008270209 0.007708534 0.006646393 0.007881003 0.007168398 1000
187 0.5000001 -4 0.7 0 0.02411405 0.02177351 0.01899862 0.01759763 0.01514958 1000 0.007388926 0.00655987 0.005555762 0.005882527 0.006141447 1000
188 0.4800001 -5.5 0.5 -1 0.01842832 0.01990298 0.02000376 0.01999193 0.02012724 1000 0.005746626 0.006397161 0.006019407 0.00555488 0.006141394 1000
189 0.6399999 -5.5 0.9 0 0.02010181 0.02012019 0.0208622 0.02096251 0.02125251 1000 0.005929003 0.005926039 0.006453876 0.006045117 0.005926497 1000
190 0.6199999 4.75 0.2 0 0.02164195 0.02164597 0.0228817 0.02314003 0.02325748 1000 0.005746305 0.005695786 0.006180137 0.006118877 0.006016476 1000
191 0.6799999 4 0.9 0 0.02181807 0.02305789 0.02316218 0.02311357 0.02310772 1000 0.005980819 0.006682781 0.006514374 0.006280807 0.006111063 1000
192 0.8999997 -4 0.5 1 0.02261962 0.02335775 0.02379428 0.02394659 0.02401926 1000 0.006174548 0.006869552 0.006684547 0.006326098 0.006335753 1000
193 0.8799997 4.75 0.6 -1 0.02350851 0.02372711 0.02420884 0.02402525 0.02403831 1000 0.006522446 0.006673893 0.006726863 0.006962745 0.007571736 1000
194 0.4800001 -5.5 0.1 0 0.02419878 0.02326754 0.0217376 0.01878452 0.01450349 1000 0.006606952 0.006038755 0.006005269 0.005757851 0.004744069 1000
195 1.04 4 0.8 0 0.01761692 0.01761826 0.01797294 0.01777511 0.01721407 1000 0.004617945 0.004448301 0.004760235 0.005223808 0.004152894 1000
196 0.6799999 -5.5 0.5 1 0.01977677 0.02018596 0.01871164 0.01885913 0.01907386 1000 0.004831752 0.00520138 0.005848215 0.005299913 0.005313056 1000
197 0.6799999 4 0.8 0 0.02091026 0.02092875 0.02092666 0.02122868 0.02104957 1000 0.005377818 0.005543431 0.00529235 0.00573966 0.005477019 1000
198 0.7799998 -4.75 0.5 -1 0.02230593 0.02270804 0.0226295 0.023171 0.02259258 1000 0.00617339 0.006431481 0.006237991 0.007058136 0.006826573 1000
199 0.4600001 5.5 0.2 0 0.02246683 0.02319142 0.02231905 0.0218181 0.02256649 1000 0.005581723 0.006084746 0.005660918 0.005228143 0.005974463 1000
200 0.3 4 0.3 0 0.02425508 0.0239565 0.02388189 0.02445502 0.02486116 1000 0.005844425 0.005925484 0.005760868 0.00618115 0.005967167 1000
201 0.3 -5.5 0.3 0 0.01481013 0.01037876 0.007178919 0.008830432 0.01082968 1000 0.004006137 0.003971072 0.003216475 0.003868182 0.004229389 1000
202 0.7599998 4.75 0.6 -1 0.0131981 0.01406051 0.01488157 0.01591659 0.0154717 1000 0.003580363 0.003946688 0.004051839 0.004863134 0.004361085 1000
203 0.8199998 4.75 0.6 1 0.01709329 0.01686566 0.01819521 0.01815299 0.01814957 1000 0.00466543 0.004185389 0.004824329 0.004636829 0.004157966 1000
204 0.28 5.5 0.2 0 0.01980311 0.0199719 0.01992913 0.01979762 0.0198123 1000 0.005906234 0.005550488 0.005230138 0.005201794 0.005229916 1000
205 0.08 5.5 0.1 0 0.01985484 0.01955481 0.02058908 0.02079852 0.02087648 1000 0.005459799 0.004629475 0.005008814 0.004694413 0.004284531 1000
206 0.6199999 -4 0.6 -1 0.02119534 0.02126721 0.02135973 0.0218904 0.02239053 1000 0.004629436 0.003900106 0.004551852 0.00447739 0.004109925 1000
207 0.16 4 0.1 0 0.02212263 0.02232736 0.0222411 0.02241587 0.0217813 1000 0.003974231 0.004036774 0.003897784 0.003970074 0.00430147 1000
208 0.24 -4.75 0.2 0 0.02285165 0.02232556 0.0233564 0.02433439 0.02415042 1000 0.004893923 0.003646412 0.004148562 0.004586519 0.004100407 1000
209 0.54 4.75 0.5 -1 0.02292982 0.02293218 0.02386677 0.02332984 0.02237525 1000 0.004043153 0.004364036 0.004520807 0.005122325 0.004562371 1000
210 0.6 4 0.6 -1 0.02303958 0.02335773 0.02370834 0.02448868 0.02360856 1000 0.003559744 0.004091653 0.003623431 0.004624064 0.004243142 1000
211 0.6399999 4.75 0.7 0 0.02290543 0.0226841 0.02162701 0.02115472 0.02145551 1000 0.003176862 0.00338678 0.003034674 0.002680777 0.002868712 1000
212 0.6999999 -5.5 0.6 0 0.02286412 0.02278037 0.02248462 0.02333504 0.0232989 1000 0.002736748 0.003512954 0.002300309 0.002913564 0.00275384 1000
213 0.7199998 4 0.5 0 0.02250138 0.02319468 0.02319764 0.02295242 0.0232884 1000 0.003458598 0.003235937 0.003085003 0.002721069 0.002794533 1000
214 1.199999 4.75 1 0 0.02351144 0.02326552 0.02286044 0.02309901 0.02335567 1000 0.002378774 0.001864022 0.002001124 0.002132158 0.002086047 1000
215 0.9399996 5.5 0.5 1 0.02224704 0.02346167 0.02410407 0.02400238 0.02418287 1000 0.002455848 0.002640652 0.002372344 0.002215446 0.002262315 1000
216 0.6599999 -4.75 0.5 -1 0.02375168 0.0236821 0.02271177 0.02156605 0.0222622 1000 0.003153298 0.003589991 0.003131493 0.002613779 0.00297276 1000
217 0.9999996 -4.75 0.9 0 0.02452666 0.02499748 0.02419978 0.02422884 0.02534217 1000 0.002439585 0.002773036 0.002074993 0.00179177 0.002550343 1000
218 0.52 -4 0.2 0 0.0233486 0.023395 0.02341788 0.02337433 0.02344963 1000 0.002223053 0.002376242 0.002824383 0.002624005 0.003629998 1000
219 0.22 4.75 0.1 0 0.02394206 0.02368284 0.02374953 0.02449611 0.02377473 1000 0.002736921 0.002852209 0.002819757 0.003635212 0.00319554 1000
220 0.9999996 -5.5 0.7 0 0.02311963 0.02341862 0.02406773 0.02396739 0.02361226 1000 0.002406204 0.002981232 0.003367075 0.002943709 0.002736133 1000
221 0.8999997 4.75 0.8 0 0.01586298 0.01600232 0.01739421 0.01685485 0.01682522 1000 0.002112617 0.001828658 0.002277866 0.002477553 0.00202139 1000
222 0.6 5.5 0.6 1 0.02117025 0.02231784 0.02258742 0.02256916 0.02281455 1000 0.003194299 0.003745905 0.003865621 0.003816935 0.003731635 1000
223 0.6199999 -4.75 0.5 -1 0.02285426 0.02416563 0.02393615 0.02358183 0.02397694 1000 0.002896198 0.003778779 0.003646874 0.00332537 0.003492336 1000
224 0.7199998 -4.75 0.8 0 0.01479177 0.01340995 0.01134787 0.01190343 0.01419651 1000 0.002117117 0.003472008 0.002340797 0.00244996 0.003314181 1000
225 0.56 -4 0.5 0 0.02142138 0.02162196 0.0222079 0.02217259 0.0229932 1000 0.003013101 0.002759739 0.002700679 0.002445505 0.003099055 1000
226 0.32 -4 0.2 0 0.0227937 0.02264709 0.02280601 0.02340048 0.02430177 1000 0.002862229 0.002695812 0.00262348 0.003199391 0.003235342 1000
227 0.14 4 0.1 0 0.02238935 0.02279854 0.02306099 0.02304113 0.02328076 1000 0.00343206 0.003429979 0.003617357 0.003276308 0.003473225 1000
228 0.5000001 -4 0.4 0 0.02317004 0.02335323 0.02386094 0.02368173 0.02308607 1000 0.002942154 0.00296304 0.003396253 0.003629906 0.002815217 1000
229 0.38 5.5 0.6 -1 0.02378732 0.02400825 0.0244199 0.0253569 0.02479878 1000 0.002944983 0.00292653 0.002771274 0.003601868 0.003275494 1000
230 0.34 4 0.6 1 0.02142374 0.02118122 0.02130377 0.02193746 0.02265049 1000 0.002886637 0.002860948 0.002455279 0.003162863 0.002812202 1000
231 0.28 -4.75 0.1 0 0.02323357 0.02359681 0.02413144 0.02411484 0.02422506 1000 0.003561215 0.003602928 0.003682391 0.003444598 0.003670144 1000
232 0.6599999 -4 0.5 -1 0.02452167 0.02494483 0.02466369 0.02437839 0.02544811 1000 0.002938707 0.003322022 0.003391413 0.002866226 0.003841811 1000
233 0.24 4.75 0.3 0 -0.0163391 -0.01735036 -0.02016537 -0.01905311 -0.01409387 1000 0.003425379 0.002030508 0.001409838 0.003959664 0.001792976 1000
234 0.7199998 5.5 1 0 -0.009471976 -0.007709482 -0.005520363 -0.003199772 -0.001175243 1000 0.003238113 0.003796175 0.003674414 0.00486391 0.0029381 1000
235 0.7599998 -4.75 0.6 1 0.004552066 0.004241212 0.003946464 0.004964194 0.004823196 1000 0.004258309 0.004835184 0.004438168 0.004685806 0.004642724 1000
236 0.16 4.75 0.1 0 0.007955531 0.008472375 0.008800596 0.008824227 0.009228201 1000 0.005199608 0.005866116 0.005322586 0.005456669 0.005873616 1000
237 0.4400001 -5.5 0.7 -1 0.009782299 0.00896438 0.008874122 0.009663441 0.009243798 1000 0.0053295 0.005403871 0.004914586 0.0055814 0.005342736 1000
238 0.7799998 -5.5 1 0 0.01184956 0.01204592 0.01119058 0.01079924 0.01134116 1000 0.003435751 0.005102036 0.003695696 0.004053559 0.004190824 1000
239 0.52 -4.75 0.3 0 0.01289118 0.0133743 0.01400317 0.01411645 0.01415507 1000 0.005472325 0.005832178 0.005699231 0.005357204 0.005187328 1000
240 0.6599999 5.5 0.5 -1 0.01398738 0.01466025 0.01587118 0.01602944 0.01561981 1000 0.004936154 0.004933378 0.005581975 0.005236904 0.005245453 1000
241 0.6399999 -5.5 0.4 0 0.01583142 0.01569619 0.01573365 0.01604324 0.01603826 1000 0.004820317 0.004727961 0.004419982 0.004379945 0.004196441 1000
242 0.8599997 4.75 0.7 0 0.0179773 0.01820015 0.01877631 0.01866365 0.01890656 1000 0.004689142 0.004432051 0.004684844 0.004502049 0.00489445 1000
243 1.159999 4.75 0.9 0 0.01994302 0.01946646 0.01911625 0.02021347 0.02033979 1000 0.004904449 0.005071726 0.004140335 0.005266043 0.005137478 1000
244 0.9199997 4.75 0.7 0 0.02051465 0.02034176 0.02076782 0.0211417 0.02102867 1000 0.005311671 0.005167958 0.005568399 0.005385154 0.006281815 1000
245 0.3 4.75 0.2 0 0.0225455 0.02342653 0.02298901 0.02293436 0.024499 1000 0.005196727 0.005849102 0.005444503 0.005094041 0.005577896 1000
246 0.14 5.5 0.1 0 0.02329681 0.02174393 0.02003815 0.02026559 0.0200732 1000 0.005353424 0.004865476 0.004193075 0.005113726 0.005936911 1000
247 0.4400001 4 0.3 0 0.02123968 0.02069291 0.0213598 0.02219729 0.02233809 1000 0.005755249 0.004438745 0.005057034 0.005556945 0.00510029 1000
248 1.159999 4.75 0.8 0 0.02358146 0.02290799 0.02293578 0.02330987 0.02305728 1000 0.004738363 0.004525944 0.004464666 0.00501574 0.004868509 1000
249 1.599999 -5.5 0.9 0 0.02213339 0.02032729 0.0194639 0.02091859 0.02147871 1000 0.005085037 0.004143615 0.003867822 0.004791001 0.004451725 1000
250 0.38 4 0.5 -1 0.02450335 0.02489459 0.02459168 0.02434283 0.02460571 1000 0.004144892 0.004675701 0.00409177 0.004592963 0.004417579 1000
251 0.7799998 -4 0.9 0 0.02424027 0.02453657 0.02507448 0.02501253 0.02496756 1000 0.003336808 0.004176329 0.004408798 0.004056315 0.003984098 1000
252 0.7799998 -5.5 0.5 1 0.004457867 0.005035926 0.005469474 0.006637641 0.006698897 1000 0.003376118 0.00351195 0.003028623 0.003560635 0.003546037 1000
253 0.6399999 5.5 0.5 -1 0.01411442 0.01370726 0.01345014 0.0146985 0.01480891 1000 0.003819802 0.004222454 0.003146223 0.003932603 0.003946953 1000
254 0.6799999 5.5 0.7 0 0.01566818 0.01674755 0.01681398 0.01657095 0.01702923 1000 0.003577489 0.003946931 0.003195814 0.002831588 0.002864208 1000
255 0.7799998 -4.75 0.5 -1 0.0174025 0.01853176 0.01851381 0.0182031 0.01828901 1000 0.00287093 0.003380864 0.002864631 0.002764704 0.002851586 1000
256 0.6 -5.5 0.7 0 0.01924723 0.01937133 0.01963238 0.01985241 0.01950345 1000 0.002695709 0.002818954 0.002688605 0.002797046 0.002863313 1000
257 0.42 -5.5 0.4 0 0.02033233 0.02066787 0.02078292 0.02148738 0.0209111 1000 0.002466218 0.002832697 0.002314485 0.00287098 0.002207565 1000
258 0.7399998 4.75 0.7 1 0.02144915 0.02138472 0.02148347 0.02142187 0.02139157 1000 0.002858932 0.002777493 0.002913201 0.00287455 0.003601464 1000
259 0.54 -4 1 0 0.02153412 0.0219261 0.02225029 0.02145886 0.02156785 1000 0.003723749 0.003915015 0.004479093 0.003605989 0.004063814 1000
260 0.6 4.75 0.6 0 0.02232853 0.02276365 0.02239819 0.02222594 0.02306185 1000 0.003324468 0.004026407 0.004101216 0.003178818 0.004042236 1000
261 0.52 -5.5 0.5 0 0.02385738 0.02431379 0.02360039 0.02298822 0.02373389 1000 0.004202767 0.005010657 0.004430593 0.003924241 0.004803691 1000
262 0.7799998 4 1 0 0.02319099 0.02393568 0.02300186 0.02300079 0.02397364 1000 0.003672493 0.005044129 0.004089414 0.003917793 0.004579179 1000
263 0.8399997 -4.75 1 0 0.02399771 0.02485422 0.02552878 0.02539446 0.02505528 1000 0.004014087 0.004342096 0.00458971 0.004194705 0.003914504 1000
264 0.7999998 5.5 0.5 0 0.02296256 0.02299754 0.02321959 0.02395074 0.02375869 1000 0.003574752 0.003402582 0.003530911 0.004099116 0.004330904 1000
265 1.06 4.75 0.8 0 0.0244021 0.02355266 0.02160158 0.02182542 0.02253822 1000 0.004153688 0.004377465 0.003111651 0.003919912 0.004226292 1000
266 0.7399998 -5.5 0.6 -1 0.0234394 0.02364796 0.02369025 0.02399929 0.02330921 1000 0.004007911 0.004284315 0.003847878 0.004905731 0.004079284 1000
267 0.6 4 0.6 -1 0.02406565 0.02332827 0.02330896 0.0242238 0.02465924 1000 0.004438214 0.004452681 0.003377719 0.004171708 0.003752485 1000
268 0.4 4 0.5 -1 0.02264212 0.01779142 0.01637798 0.01780522 0.01915555 1000 0.002871597 0.002512847 0.001684154 0.003509253 0.003624837 1000
269 0.7999998 4.75 0.5 1 0.02213016 0.02273438 0.02248911 0.02187918 0.02298768 1000 0.00304688 0.003353904 0.00397999 0.002340186 0.002898578 1000
270 0.6999999 4 0.9 0 0.02400063 0.02430574 0.02428146 0.02366252 0.02425887 1000 0.003083914 0.002948009 0.003317176 0.002531405 0.002698643 1000
271 0.7199998 -4 0.7 1 0.01880497 0.0151012 0.006767844 0.002939072 0.001007018 1000 0.001666595 0.002341925 0.002052505 0.0009233016 0.0005007207 1000
272 0.6799999 4 0.2 0 0.007077462 0.007640687 0.007949857 0.008488145 0.008268747 1000 0.002236667 0.002142684 0.00196762 0.002546072 0.002434389 1000
273 1.299999 -5.5 1 0 0.01167531 0.01222414 0.01195618 0.01188916 0.01292534 1000 0.001293111 0.001723643 0.001715186 0.000810761 0.001583945 1000
