trial Response_Time velH Occlusion_Duration velH_Subject xRotations_first0 xRotations_first1 xRotations_first2 xRotations_first3 xRotations_first4 xRotations_first5 yRotations_first0 yRotations_first1 yRotations_first2 yRotations_first3 yRotations_first4 yRotations_first5
1 0.26 4 0.7 -1 -0.01980465 -0.017049 -0.01598228 -0.01616832 -0.01445836 1000 0.005718815 0.005997433 0.007523677 0.009113992 0.009482742 1000
2 0.02 -5.5 0.7 0 -0.01843983 -0.0191312 -0.01890237 -0.01784291 -0.01850299 1000 0.01766423 0.01529475 0.01450209 0.0144687 0.01353639 1000
3 0.4800001 -5.5 0.5 0 -0.02191209 -0.01663738 -0.01907683 -0.02091572 -0.02018517 1000 0.001791156 0.001550066 0.00070178 -0.003193321 -0.004191369 1000
4 0.52 5.5 0.7 0 -0.01638001 -0.01650658 -0.01624984 -0.01551861 -0.01422929 1000 -0.002850286 -0.003465982 -0.001435364 0.0005331077 0.001765789 1000
5 0.58 -4 0.6 -1 -0.01467775 -0.01412684 -0.01361112 -0.01425811 -0.01411304 1000 0.000861419 0.0005884969 -8.724096E-06 -0.000504721 0.0006053591 1000
6 0.7999998 -5.5 0.6 -1 -0.001968436 -0.01382943 -0.006336673 -0.005053376 -0.006244693 1000 0.0002660073 0.0007979934 0.0001901693 -0.0002212764 -0.0003399329 1000
7 0.56 4 0.6 -1 -0.00343868 -0.002178096 -0.003014366 -0.003462163 -0.003663262 1000 -0.005621879 -0.005043663 -0.004396227 -0.002346098 -0.001312699 1000
8 0.36 -4 0.2 0 -0.003868523 -0.003133274 -0.002712267 -0.002677154 -0.00222452 1000 -0.000629331 -0.0007854133 -0.0003553751 -0.0004032952 -0.0001871163 1000
9 0.58 4 0.5 0 -0.0001512111 -0.0001788561 -0.0005113931 -0.0002425896 -9.124561E-05 1000 9.232006E-05 0.001150112 0.001258621 0.001836811 0.00172586 1000
10 0.42 -5.5 0.7 1 4.283065E-05 0.0008646044 0.001465865 0.001515486 0.001392951 1000 0.002355672 0.0027212 0.002827627 0.002256137 0.002028112 1000
11 0.32 4.75 0.1 0 -0.001865417 -0.003087767 -0.003432072 -0.004508398 -0.005786262 1000 -0.004691668 -0.008078791 -0.01752495 -0.02421932 -0.02394936 1000
12 0.34 -4.75 0.1 0 -0.003215686 -0.003824384 -0.003539615 -0.002823648 -0.002671066 1000 -0.01742434 -0.01650334 -0.01626604 -0.01603537 -0.01633441 1000
13 0.3 -5.5 0.5 1 0.0003300883 0.0003036205 0.0002820611 0.0004898878 0.0005467029 1000 -0.01537079 -0.01474677 -0.01466645 -0.01491493 -0.0151483 1000
14 0.56 4.75 0.7 -1 0.001063091 0.001267794 0.001627083 0.001608708 0.001505183 1000 -0.01675428 -0.01541181 -0.01529125 -0.01515633 -0.01460484 1000
15 0.7199998 -5.5 0.5 -1 0.002371055 0.002456962 0.001658712 0.001412374 0.002065366 1000 -0.01264768 -0.01169879 -0.01203932 -0.01265238 -0.01250863 1000
16 0.7999998 5.5 1 0 0.002116758 0.002211361 0.002132398 0.002589362 0.002932299 1000 -0.01231671 -0.01243467 -0.01256553 -0.01205446 -0.01243078 1000
17 0.7799998 4.75 1 0 0.001560511 0.001642876 0.001787118 0.001758904 0.002203974 1000 -0.01241271 -0.01246529 -0.01230831 -0.01242513 -0.0122871 1000
18 0.4800001 5.5 0.5 0 0.004160417 0.004773726 0.004308796 0.003644753 0.003699093 1000 -0.00930259 -0.009648304 -0.009716999 -0.009843837 -0.009192743 1000
19 0.6199999 -5.5 0.9 0 0.004142081 0.00411781 0.004537581 0.00475355 0.004840234 1000 -0.009354893 -0.009191101 -0.009142025 -0.009240663 -0.009477566 1000
20 0.54 -5.5 0.3 0 0.005563909 0.005708457 0.006019047 0.005964284 0.00579903 1000 -0.0116988 -0.01103101 -0.01068684 -0.011032 -0.0108783 1000
21 0.58 4 0.8 0 0.008339965 0.00809303 0.008055383 0.008375694 0.008361563 1000 -0.01199683 -0.01133026 -0.01155611 -0.01139026 -0.01122104 1000
22 0.6 5.5 0.6 0 0.009673558 0.00992489 0.01001922 0.01031057 0.01070146 1000 -0.01095964 -0.01117558 -0.01175577 -0.01129062 -0.01164369 1000
23 0.56 -5.5 0.5 0 0.01166744 0.01157475 0.01078646 0.01071445 0.01102514 1000 -0.01284711 -0.0124098 -0.01204248 -0.01221908 -0.01221183 1000
24 0.34 -4.75 0.3 0 0.01103728 0.01124824 0.01105812 0.01161914 0.01180915 1000 -0.0107447 -0.01084694 -0.01194413 -0.0112405 -0.01230278 1000
25 0.9999996 -4.75 0.8 0 0.01197502 0.01208107 0.01232056 0.01297932 0.01308417 1000 -0.0113016 -0.01108761 -0.01174223 -0.01177714 -0.01166505 1000
26 0.4600001 5.5 0.2 0 0.009902934 0.008992705 0.008752203 0.008348727 0.008019969 1000 -0.01368046 -0.01388806 -0.01379492 -0.01360598 -0.01097124 1000
27 0.54 -4 0.4 0 0.009974211 0.01023397 0.009892915 0.009667761 0.009981447 1000 -0.009286792 -0.009382337 -0.009227385 -0.01001343 -0.01008565 1000
28 0.6399999 -4.75 0.6 0 0.0109192 0.01073098 0.01144345 0.01150263 0.01152112 1000 -0.008805706 -0.009109517 -0.009289404 -0.0100659 -0.01014185 1000
29 0.7599998 4.75 0.7 1 0.007878913 0.008525443 0.00863989 0.008138792 0.008645709 1000 -0.01288978 -0.01258678 -0.01245949 -0.01181505 -0.01170782 1000
30 0.6799999 4.75 0.5 1 0.01053352 0.01080497 0.0110986 0.01145787 0.01207579 1000 -0.01044641 -0.01127126 -0.0112614 -0.01145931 -0.01174209 1000
31 0.58 -4 0.7 0 0.01245248 0.01310562 0.01279321 0.01248952 0.01252702 1000 -0.01169893 -0.01168929 -0.0117535 -0.01200892 -0.01172582 1000
32 0.54 -4.75 0.7 0 0.006847478 0.00684391 0.005509316 0.004245509 0.004789916 1000 -0.01338336 -0.01283614 -0.01236597 -0.01386011 -0.01464057 1000
33 0.8999997 -5.5 0.7 0 0.009539933 0.009432265 0.009844122 0.009776855 0.009253237 1000 -0.01575012 -0.01558387 -0.0149593 -0.01495275 -0.015033 1000
34 0.58 4 0.5 -1 0.009450221 0.01024829 0.01092343 0.01087177 0.01107975 1000 -0.01687114 -0.01674538 -0.01638623 -0.01608708 -0.01523251 1000
35 0.8199998 5.5 0.6 1 0.01092921 0.01145152 0.01207097 0.011627 0.01061386 1000 -0.0155192 -0.01508674 -0.01518523 -0.01563806 -0.01592024 1000
36 0.7599998 4 1 0 0.01139868 0.01124317 0.01158505 0.0120616 0.01204163 1000 -0.01526289 -0.01532812 -0.01493371 -0.01527574 -0.01539976 1000
37 0.6599999 -5.5 0.7 1 0.01157553 0.01209125 0.01178729 0.01102965 0.01104423 1000 -0.01300131 -0.01326098 -0.01375872 -0.01408528 -0.0148378 1000
38 0.6 4 0.7 0 0.009290607 0.00946856 0.009877933 0.009772883 0.009847462 1000 -0.01709734 -0.01601843 -0.01628262 -0.01658261 -0.01606164 1000
39 0.6599999 -5.5 0.6 0 0.009403483 0.009570356 0.01009805 0.009792414 0.009335144 1000 -0.01527068 -0.01497729 -0.01541423 -0.01589194 -0.01594271 1000
40 0.7999998 -5.5 0.7 -1 0.009991173 0.009693965 0.00980117 0.01023465 0.01044572 1000 -0.01496983 -0.01534419 -0.0151372 -0.01588416 -0.01632884 1000
41 0.6199999 4 0.6 1 0.01020984 0.009718206 0.009432725 0.009935641 0.01031419 1000 -0.01676461 -0.01623783 -0.01632686 -0.01633307 -0.01595511 1000
42 0.9999996 -4.75 0.7 -1 0.0113516 0.01146544 0.01184137 0.01199411 0.01155194 1000 -0.01511507 -0.01574298 -0.01548754 -0.01604734 -0.01584793 1000
43 0.58 4.75 0.5 0 0.01188921 0.01165405 0.01179353 0.01120476 0.01016377 1000 -0.01545673 -0.01584928 -0.01580678 -0.01581162 -0.0155902 1000
44 0.6999999 4 0.5 0 0.01213705 0.01220594 0.01279105 0.01235913 0.01179823 1000 -0.0148242 -0.01481516 -0.0148847 -0.01521189 -0.01546953 1000
45 0.6599999 5.5 0.8 0 0.01195667 0.01174107 0.01139222 0.011161 0.01160169 1000 -0.01527431 -0.01576624 -0.01534181 -0.01586365 -0.01567256 1000
46 0.7399998 -4.75 0.7 -1 0.01207344 0.0116726 0.0112911 0.01188051 0.01143742 1000 -0.01469833 -0.01537441 -0.01562869 -0.0158274 -0.01499434 1000
47 1.219999 -4 1 0 0.01117623 0.01124826 0.01173234 0.01171775 0.01183047 1000 -0.01545442 -0.01554739 -0.01524455 -0.01586496 -0.01601381 1000
48 0.6999999 5.5 0.4 0 0.01231229 0.01240556 0.01265373 0.01304971 0.01304695 1000 -0.01804951 -0.0185417 -0.01815239 -0.01804291 -0.01724726 1000
49 0.34 -5.5 0.2 0 0.0125476 0.01244085 0.01249444 0.01269351 0.01268186 1000 -0.01681811 -0.0165257 -0.01678986 -0.01736073 -0.0179552 1000
50 0.3 4 0.4 0 -0.006090847 -0.006016209 -0.004939279 -0.003815652 -0.003964144 1000 0.006715104 0.006083967 0.007133673 0.00812386 0.00970497 1000
51 0.4600001 4 0.7 1 -0.004926324 -0.0001024078 -0.002720689 -0.00219364 -0.00184214 1000 0.002826607 0.004612675 0.005582369 0.001935528 0.001362197 1000
52 0.34 4.75 0.2 0 0.004761706 0.004886473 0.005780027 0.005498043 0.004293023 1000 0.003806136 0.001789747 0.002052773 0.003535739 0.004863603 1000
53 0.32 -4.75 0.4 0 0.004678756 0.004853695 0.005652363 0.005484611 0.005645583 1000 0.003602595 0.003800243 0.003635255 0.003066842 0.001914803 1000
54 0.24 4 0.1 0 0.005547424 0.006355758 0.007604538 0.009200133 0.008747633 1000 -0.0016794 -0.0003734039 -0.0004374167 0.0002129481 0.0008798611 1000
55 0.4800001 4.75 0.7 -1 0.008637124 0.01016467 0.01022018 0.009900783 0.01038078 1000 -0.0005255917 -0.0003592612 -0.0002112515 -0.0001816899 0.0006223641 1000
56 0.28 5.5 0.1 0 0.0103726 0.01080622 0.010836 0.01093586 0.01178266 1000 0.001024261 0.00148799 0.001031128 0.0009580394 0.001117396 1000
57 0.7199998 -4.75 0.7 0 0.01265485 0.01351786 0.01307335 0.01257611 0.01271559 1000 0.0007978905 0.0008075022 0.001017049 0.0007060472 -0.0001750597 1000
58 0.36 4.75 0.3 0 0.01377332 0.0144066 0.01449356 0.01419074 0.01422769 1000 -0.001578907 -0.001210205 -0.001652037 -0.0006651139 -6.440736E-05 1000
59 0.28 -4 0.6 0 0.01345141 0.01361627 0.01362448 0.01464309 0.01575929 1000 -0.0006922539 -0.0008496701 -0.001376949 -0.001493927 -0.001946836 1000
60 0.28 4.75 0.1 0 0.01792912 0.01852145 0.01861638 0.01930494 0.01957786 1000 -0.001898002 -0.001685283 -0.001840036 -0.001726957 -0.002035488 1000
61 0.38 -4 0.2 0 0.02038933 0.02071655 0.02079897 0.02134058 0.02146777 1000 -0.002180147 -0.002739548 -0.0027236 -0.003022184 -0.002986586 1000
62 0.58 4 0.7 -1 0.0211559 0.02181979 0.02209444 0.02142154 0.0217681 1000 -0.003560325 -0.003174646 -0.00311331 -0.002795385 -0.002822527 1000
63 0.9599996 4.75 0.8 0 0.02306624 0.02272745 0.02269901 0.02226012 0.02262614 1000 -0.003322152 -0.003431578 -0.003152727 -0.003992147 -0.003055899 1000
64 0.8399997 -4 0.9 0 0.02305101 0.02329256 0.02333641 0.02334047 0.02372062 1000 -0.002499529 -0.002477324 -0.002353705 -0.002643726 -0.002787691 1000
65 0.4800001 5.5 0.4 0 0.02494628 0.02503351 0.02444846 0.02272753 0.022985 1000 -0.004053402 -0.004311301 -0.004737034 -0.004712866 -0.004722837 1000
66 0.4400001 -4.75 0.5 0 -0.002679567 -0.002059497 -0.001983006 -0.002691717 -0.002784664 1000 0.002188218 0.002033428 0.001504629 0.001403073 0.0008002343 1000
67 0.8999997 5.5 0.5 1 -0.0008757969 -0.0007231622 -0.001197011 -0.001559325 -0.001577672 1000 5.854136E-05 -0.0002572361 0.0007368246 0.0009902393 0.001189594 1000
68 0.8199998 5.5 0.6 -1 -0.003209674 -0.002370247 -0.003146596 -0.003696933 -0.003630499 1000 0.0006329099 0.0005274137 0.0004612789 0.0006941908 0.0007223008 1000
69 1.1 4.75 0.8 0 -0.003969229 -0.003424341 -0.003331962 -0.003165937 -0.003335514 1000 3.447494E-05 0.0004833678 0.0006564099 -1.071484E-07 0.0007027568 1000
70 0.52 -4 0.5 0 -0.003190321 -0.002794108 -0.003387857 -0.003872477 -0.003494865 1000 0.001214802 0.0006587067 0.001256953 0.0003683663 0.0006637768 1000
71 1.14 -5.5 0.6 -1 -0.002898128 -0.003000621 -0.002936711 -0.002773698 -0.002995041 1000 0.0002630822 0.0006581399 0.001159854 0.0008358163 0.000239484 1000
72 1.02 -5.5 0.9 0 -0.003246481 -0.003198515 -0.003215257 -0.002925039 -0.00260852 1000 -0.001307008 -0.00134201 -0.001645792 -0.001277712 -0.002315327 1000
73 1.599999 -4 0.9 0 -0.009880668 -0.009036504 -0.009337406 -0.009820519 -0.009509436 1000 -0.01209028 -0.009422266 -0.00922395 -0.009997497 -0.01107776 1000
74 1.459999 5.5 0.9 0 -0.006863909 -0.007051098 -0.006804353 -0.006002909 -0.004659028 1000 -0.0116727 -0.01122239 -0.0107575 -0.009309325 -0.00651248 1000
75 0.58 4.75 0.9 0 -0.00541188 -0.00537352 -0.005224403 -0.005676787 -0.006594066 1000 0.02277637 0.02224177 0.02298371 0.02371939 0.02484049 1000
76 0.5000001 -5.5 0.5 1 -0.006355034 -0.005885537 -0.006315697 -0.007073272 -0.007275608 1000 0.02446249 0.02531386 0.02475676 0.02460744 0.02407559 1000
77 0.8199998 4.75 0.4 0 -0.00807452 -0.00690895 -0.007121284 -0.007447311 -0.007380335 1000 0.01727409 0.01670407 0.0163882 0.01675745 0.01758126 1000
78 0.4 4 0.4 0 -0.006471448 -0.006188401 -0.006539923 -0.006598572 -0.006449536 1000 0.01899794 0.01911761 0.01836187 0.01862427 0.01875612 1000
79 0.6999999 4 0.5 -1 -0.005109774 -0.004374661 -0.004143438 -0.003608278 -0.00328019 1000 0.01872934 0.01831554 0.0179684 0.01809235 0.01772631 1000
80 1.1 5.5 0.5 1 -0.002634453 -0.002917151 -0.00352949 -0.003518996 -0.00353831 1000 0.01820243 0.01851693 0.0185193 0.01828055 0.01791035 1000
81 1.08 -4.75 0.6 0 -0.003077782 -0.003271221 -0.003622234 -0.003327476 -0.003234501 1000 0.01658435 0.01672195 0.01630433 0.01597897 0.01522973 1000
82 0.24 -4 0.1 0 -0.00229206 -0.002373553 -0.002000827 -0.002447922 -0.00245147 1000 0.01444559 0.01433 0.01432679 0.0139682 0.01399609 1000
83 0.7999998 -4.75 0.5 0 -0.001393206 -0.001485486 -0.001526362 -0.001050467 -0.00105382 1000 0.01435794 0.01458844 0.01431414 0.01411469 0.01355722 1000
84 0.7999998 -5.5 0.4 0 9.199986E-05 0.0002533586 3.861814E-05 -0.0003924541 -0.0002582938 1000 0.01142301 0.01210023 0.01169607 0.01181062 0.01171248 1000
85 0.8999997 4.75 0.5 0 0.001916106 0.001950592 0.002041222 0.001681644 0.001232914 1000 0.01184879 0.01166772 0.01127878 0.01192124 0.0117525 1000
86 0.7199998 4.75 0.3 0 0.001626173 0.002058535 0.00186909 0.00191692 0.001933082 1000 0.01147982 0.01152911 0.01136706 0.01153909 0.01100569 1000
87 1.179999 4.75 0.5 1 0.003455163 0.003077086 0.003098915 0.003587352 0.003430265 1000 0.01041832 0.01148595 0.01180091 0.01167235 0.01124579 1000
88 0.9199997 -4.75 0.5 -1 0.004231468 0.004341027 0.004325653 0.003947007 0.003960264 1000 0.01138474 0.01153877 0.01152714 0.01146588 0.01112723 1000
89 0.8199998 5.5 0.6 -1 0.006094256 0.006076548 0.006330614 0.006579913 0.006303343 1000 0.01023224 0.01022895 0.0105845 0.010106 0.01085083 1000
90 0.56 4 0.2 0 0.005489574 0.00568158 0.005701085 0.005821662 0.005238454 1000 0.01111337 0.01134758 0.01107334 0.0112515 0.01078148 1000
91 1.619999 4 1 0 0.007863685 0.007457699 0.006512372 0.006397467 0.006825278 1000 0.01076126 0.01016734 0.01031722 0.01028366 0.01106033 1000
92 0.6199999 -5.5 0.7 1 0.007056213 0.00648 0.006571543 0.007234965 0.0075632 1000 0.01156526 0.01201202 0.01172899 0.01169662 0.0105835 1000
93 0.58 -4.75 0.5 1 0.007366223 0.00706836 0.006616614 0.007438215 0.007820847 1000 0.009263131 0.008882582 0.008100411 0.008030469 0.007560562 1000
94 0.7799998 4.75 0.6 -1 0.00657145 0.006491794 0.005749372 0.005900532 0.006779506 1000 0.004996239 0.004661718 0.005179122 0.005162506 0.006168697 1000
95 0.6199999 -4 0.7 1 0.007544669 0.007439141 0.007171083 0.00696819 0.007093895 1000 0.008687421 0.008031403 0.00796999 0.007638177 0.007573668 1000
96 0.6399999 -5.5 0.5 -1 0.007037759 0.006494495 0.006066694 0.00643141 0.006957457 1000 0.006937231 0.006856551 0.007053894 0.007098536 0.007200463 1000
97 0.6399999 -4 0.6 1 0.007166864 0.007507226 0.007719862 0.007788658 0.007752598 1000 0.00856399 0.008698776 0.008043457 0.008571217 0.00823106 1000
98 1.04 -5.5 0.6 -1 0.007990559 0.007519285 0.007114165 0.0075493 0.007978346 1000 0.005748003 0.005818265 0.005747308 0.005482349 0.005523651 1000
99 1.219999 4 0.5 1 0.01100036 0.01106561 0.01021151 0.009780589 0.00989696 1000 0.00420429 0.004806967 0.004954999 0.004793816 0.004762748 1000
100 0.36 4.75 0.2 0 -0.005938428 -0.005694379 -0.00689135 -0.007582427 -0.007138253 1000 -0.01038304 -0.01071473 -0.01043963 -0.01025578 -0.00988106 1000
101 0.5000001 5.5 0.3 0 -0.005741049 -0.006352342 -0.008450966 -0.00943084 -0.009437807 1000 -0.009411016 -0.01049613 -0.0114143 -0.01137367 -0.01025841 1000
102 0.7199998 4 0.6 0 -0.007135931 -0.007215251 -0.006827265 -0.006164676 -0.00598871 1000 -0.01040393 -0.009308865 -0.009383809 -0.008897077 -0.008902932 1000
103 0.8799997 -4.75 0.3 0 -0.0007602366 -0.0005952955 -0.0010348 -0.001391566 -0.001099405 1000 -0.008199018 -0.007763427 -0.008039004 -0.008184336 -0.00840921 1000
104 0.8999997 4.75 1 0 -0.0003069379 -0.0003572202 -0.0002528815 0.0001544023 2.5007E-05 1000 -0.01141125 -0.01106391 -0.01075534 -0.01045157 -0.01055481 1000
105 1.279999 -5.5 0.7 1 -0.002565466 -0.004684054 -0.00492488 -0.004924749 -0.006246505 1000 0.01840102 0.01360562 0.01342976 0.01393292 0.0127787 1000
106 0.9799996 4.75 0.5 -1 -0.00237903 -0.002100396 -0.00249206 -0.002555731 -0.001313775 1000 0.007115818 0.006858965 0.007310696 0.007559862 0.008019922 1000
107 2.139999 5.5 1 0 -0.001658599 -0.001269876 -0.001247438 -0.001891954 -0.001907398 1000 0.007841711 0.008258112 0.008319334 0.008369794 0.008583334 1000
108 0.32 -5.5 0.2 0 -0.006158808 -0.005807905 -0.005542793 -0.006137465 -0.005683832 1000 0.02035612 0.0161383 0.01556476 0.01637807 0.01615182 1000
109 0.58 -5.5 0.5 1 -0.003459108 -0.002921395 -0.002844055 -0.002882532 -0.002498089 1000 0.01396891 0.0138846 0.01391334 0.01409811 0.0132018 1000
110 0.4 4.75 0.1 0 -0.001803153 -0.001331928 -0.0009286413 -0.00136926 -0.001174467 1000 0.003659593 0.004029531 0.004734323 0.004804354 0.006057034 1000
111 0.6799999 -4.75 0.4 0 0.0002314035 0.0002637627 0.0005134529 0.0002969807 -8.481085E-05 1000 0.006323207 0.00614865 0.006719487 0.005824126 0.005774667 1000
112 0.9999996 -4 0.6 -1 0.002175784 0.001554681 0.00119434 0.001260065 0.001191321 1000 0.003394197 0.003939279 0.004492486 0.003944433 0.00334211 1000
113 1.519999 4 0.8 0 0.002636257 0.00230288 0.00134302 0.0005775456 -5.541825E-05 1000 0.002730458 0.002749882 0.003176315 0.003594317 0.004636383 1000
114 1.02 -4.75 0.9 0 0.002432653 0.002544235 0.002651424 0.002891238 0.002753224 1000 0.004201791 0.004356707 0.004820329 0.003954086 0.003058745 1000
115 0.7599998 4.75 0.5 0 0.002901372 0.003429414 0.003952096 0.004157498 0.004521159 1000 0.001735584 0.001977697 0.001995012 0.002582673 0.003090284 1000
116 0.8399997 -4.75 0.5 1 0.004221411 0.004585858 0.004657729 0.004017773 0.003910458 1000 0.002641168 0.003360798 0.002873579 0.003439933 0.00248048 1000
117 0.9999996 -4 0.8 0 0.005313159 0.004896882 0.004340633 0.003505277 0.003729284 1000 0.0008755162 0.001960467 0.00163278 0.000424352 0.0007652073 1000
118 0.9399996 -4.75 0.6 0 0.009020249 0.008813694 0.00851154 0.00944103 0.009157943 1000 -0.002518629 -0.0005334105 0.0003371346 0.001775505 0.001009706 1000
119 1.159999 4 0.6 1 0.01154853 0.01175257 0.01119446 0.0102556 0.01021544 1000 -0.003735797 -0.003415291 -0.003275279 -0.002977765 -0.002781568 1000
120 1.699999 -4.75 1 0 0.01163643 0.01128903 0.01106241 0.01012858 0.01008608 1000 -1.724416E-05 0.0003013114 -2.476467E-05 -0.0004856996 -0.001554421 1000
121 1.14 -4 0.6 1 0.003477571 0.003804262 0.00407059 0.004252643 0.004436458 1000 -0.01293354 -0.01145265 -0.01060326 -0.010339 -0.01214866 1000
122 0.7799998 -4 0.4 0 0.003629019 0.003808901 0.003740137 0.004040671 0.00439366 1000 -0.01448063 -0.01408728 -0.01325687 -0.01321363 -0.0139709 1000
123 1.1 4.75 0.9 0 0.004288432 0.004504676 0.004914995 0.004931063 0.005037975 1000 -0.01443214 -0.0134033 -0.01287875 -0.01304982 -0.01144622 1000
124 0.8599997 -4 0.3 0 0.004185213 0.004224029 0.004264142 0.004007687 0.004119558 1000 -0.003736368 -0.003875647 -0.004336149 -0.005387662 -0.005543632 1000
125 1.219999 4 0.6 1 0.005433526 0.005663901 0.0052548 0.005777553 0.006482674 1000 -0.008771596 -0.008728003 -0.008430623 -0.008322675 -0.00829033 1000
126 1.04 -4.75 0.7 -1 0.005316802 0.00588858 0.006038716 0.006240231 0.006820501 1000 -0.008918428 -0.0085636 -0.008987094 -0.009115492 -0.009463905 1000
127 0.38 5.5 0.1 0 0.008606982 0.008660872 0.008815812 0.0085758 0.007884854 1000 -0.01132766 -0.01133563 -0.01109743 -0.0111032 -0.01111818 1000
128 1.159999 5.5 0.8 0 0.01040198 0.0109634 0.01040826 0.01012494 0.01099904 1000 -0.01145224 -0.01188148 -0.01149962 -0.01180338 -0.01120816 1000
129 0.9999996 -4 0.6 1 0.007184085 0.007623787 0.007474267 0.007486834 0.008267392 1000 -0.008037862 -0.007979973 -0.008324402 -0.008562109 -0.009565055 1000
130 0.4600001 -4 0.7 0 0.007094664 0.007234647 0.007512495 0.007286563 0.006883303 1000 -0.01208431 -0.01247519 -0.01232632 -0.01239316 -0.01197127 1000
131 0.4800001 4 0.5 1 0.008761014 0.009179119 0.008936869 0.009056549 0.009810246 1000 -0.01266589 -0.01307773 -0.01292745 -0.01271568 -0.01209612 1000
132 0.54 5.5 0.7 -1 0.008944597 0.008785207 0.008830202 0.007945003 0.005774006 1000 -0.01256433 -0.01256552 -0.01233961 -0.01279148 -0.01285951 1000
133 1.1 4 0.5 1 0.002999757 0.003212488 0.003069347 0.003150962 0.003344709 1000 -0.01368963 -0.01350882 -0.01336251 -0.01302574 -0.0130611 1000
134 0.7199998 -5.5 0.7 -1 0.006073866 0.00628729 0.006185732 0.006518499 0.006290427 1000 -0.01410015 -0.01458909 -0.01494413 -0.01493512 -0.01511173 1000
135 0.8599997 4 1 0 0.007209491 0.007071452 0.006541797 0.007006106 0.00763259 1000 -0.01661419 -0.01671671 -0.0161945 -0.01492433 -0.01467713 1000
136 0.6399999 -5.5 0.8 0 0.007619411 0.007585586 0.007190656 0.007528687 0.007963914 1000 -0.01386485 -0.01346848 -0.01342246 -0.01336121 -0.01384753 1000
137 0.28 -4 0.1 0 0.005249678 0.00547552 0.005855724 0.005604727 0.005228025 1000 -0.01489496 -0.01431354 -0.01365076 -0.0139311 -0.0137634 1000
138 0.54 -4 0.9 0 0.008390379 0.008484726 0.009193642 0.009390381 0.008486915 1000 -0.01310236 -0.0129824 -0.01216535 -0.01242699 -0.01259422 1000
139 0.6599999 -5.5 0.5 1 0.01010555 0.01012854 0.009732751 0.009824211 0.009860139 1000 -0.01239193 -0.01216691 -0.0122344 -0.0125328 -0.01308252 1000
140 0.7999998 5.5 0.4 0 0.005222491 0.004641159 0.004796605 0.005737168 0.006330051 1000 -0.01489985 -0.01401113 -0.01309884 -0.01171602 -0.009729371 1000
141 1.04 -4 0.5 -1 0.003492497 0.003175981 0.002851163 0.003223129 0.003617852 1000 -0.01162998 -0.01199679 -0.01269849 -0.01211986 -0.0120737 1000
142 1.399999 5.5 0.7 -1 0.00649573 0.006819253 0.00660265 0.005982718 0.006232393 1000 -0.01246851 -0.01331838 -0.01291787 -0.01196927 -0.01186084 1000
143 1.179999 4 0.7 1 0.006436007 0.005715518 0.005502863 0.005589018 0.005777857 1000 -0.01323625 -0.01257005 -0.01267581 -0.01333834 -0.01324179 1000
144 1.339999 4.75 0.7 -1 0.006765881 0.006108368 0.006492755 0.006700153 0.00716226 1000 -0.01253055 -0.01226919 -0.01211678 -0.01226059 -0.01193849 1000
145 1.179999 -4 0.5 -1 0.00649114 0.006392313 0.006625991 0.007036299 0.007130124 1000 -0.0112598 -0.01179186 -0.01106431 -0.01120752 -0.01102016 1000
146 0.9799996 -5.5 1 0 0.007905624 0.00822043 0.008300164 0.007759991 0.007698281 1000 -0.01422022 -0.0139789 -0.01443889 -0.01416749 -0.01442327 1000
147 0.9799996 5.5 0.6 1 0.007748351 0.007705908 0.007675845 0.007437331 0.007313926 1000 -0.01518109 -0.01529823 -0.01451783 -0.01510184 -0.01522948 1000
148 0.9399996 -5.5 0.5 0 0.007690445 0.007523164 0.007720463 0.00785163 0.007769611 1000 -0.01425401 -0.01453195 -0.01427141 -0.01434087 -0.01500146 1000
149 1.06 -4 0.5 1 0.007829282 0.007032359 0.006605889 0.006519692 0.00694107 1000 -0.01739172 -0.01656563 -0.01652321 -0.01701012 -0.01753018 1000
150 2.119999 -4 0.6 -1 -0.01032232 -0.01048727 -0.01059623 -0.01050666 -0.01024441 1000 -0.02512959 -0.02569477 -0.02587907 -0.02600038 -0.02600617 1000
151 1.12 5.5 0.4 0 -0.005048316 -0.00577112 -0.006880667 -0.006833654 -0.00638799 1000 -0.005792873 -0.005679994 -0.005754792 -0.005345033 -0.005069076 1000
152 1.419999 -4 1 0 -0.004664398 -0.004576157 -0.004479866 -0.004946429 -0.005148189 1000 -0.007970668 -0.007463172 -0.007489566 -0.008269478 -0.008776211 1000
153 1.419999 4.75 0.7 -1 -0.004916187 -0.005025303 -0.004354082 -0.004396049 -0.003762928 1000 -0.009765123 -0.009611807 -0.009394809 -0.009718599 -0.008706224 1000
154 2.279999 4.75 1 0 -0.004213806 -0.004552709 -0.005123522 -0.004946285 -0.004662502 1000 -0.009091294 -0.009373123 -0.008961817 -0.008826404 -0.008589957 1000
155 2.719998 -4 1 0 -0.004577814 -0.004299093 -0.00444306 -0.004402978 -0.004743576 1000 -0.004555854 -0.00490804 -0.005114784 -0.005297362 -0.006238808 1000
156 0.8199998 -4 0.3 0 -0.005221036 -0.005403558 -0.005126248 -0.005120979 -0.005522113 1000 -0.008077901 -0.00811555 -0.00776462 -0.008542528 -0.008301102 1000
157 1.719999 5.5 0.6 0 -0.003260438 -0.003265281 -0.002653502 -0.002321803 -0.002224612 1000 -0.008258366 -0.008002765 -0.007885888 -0.008441461 -0.008432164 1000
158 0.26 4 0.1 0 -0.003405148 -0.00302792 -0.002991278 -0.002828352 -0.002756418 1000 -0.009158733 -0.008924762 -0.009317258 -0.009388369 -0.009546216 1000
159 2.239999 4 0.9 0 -0.002800604 -0.002521845 -0.001650652 -0.001544375 -0.001349333 1000 -0.009547115 -0.009693501 -0.009725364 -0.009698468 -0.008813332 1000
160 1.659999 5.5 0.7 0 -0.0002835335 -8.111781E-05 0.0001608171 1.816663E-05 0.0003454593 1000 -0.008520153 -0.008373974 -0.008715148 -0.009333843 -0.008822559 1000
161 1.639999 -5.5 0.7 0 -0.0007927764 -0.001275785 -0.001382517 -0.001348455 -0.001429588 1000 -0.009664321 -0.008666612 -0.008953938 -0.009186539 -0.009779906 1000
162 1.199999 -5.5 0.5 0 -0.0008229632 -0.001193887 -0.00131828 -0.0008321885 -0.0007960064 1000 -0.0109888 -0.01077776 -0.01055631 -0.01056058 -0.01122896 1000
163 0.8999997 4 0.9 0 -0.00120633 -0.001266174 -0.0009802122 -0.0008876513 -0.000688635 1000 -0.01098545 -0.01121941 -0.01056574 -0.01136222 -0.01037752 1000
164 1.319999 -5.5 0.5 0 -0.001120938 -0.001053284 -0.001745579 -0.00182884 -0.001337703 1000 -0.009852999 -0.01047411 -0.01029862 -0.01044231 -0.01050096 1000
165 1.339999 4 0.3 0 5.359012E-05 -9.449713E-05 -0.0003522493 -0.0001887494 0.0002026228 1000 -0.01110828 -0.01068912 -0.01019705 -0.009813488 -0.00996097 1000
166 1.04 4 0.2 0 0.001352567 0.001795616 0.001727802 0.001384567 0.00137626 1000 -0.0103617 -0.01076695 -0.01101002 -0.0110363 -0.0107647 1000
167 1.919999 -4.75 0.9 0 0.00182418 0.001419813 0.0005153819 0.0006156787 0.000697669 1000 -0.01094807 -0.01083814 -0.01079422 -0.01118001 -0.0118743 1000
168 1.06 -4.75 0.7 -1 0.0002230346 -0.0003340713 -0.000293926 0.001277089 0.002086007 1000 -0.0123537 -0.01226644 -0.01283455 -0.01303719 -0.01342491 1000
169 1.899999 -5.5 0.6 1 0.001027852 0.0009862421 0.001232648 0.001458066 0.001533598 1000 -0.01332106 -0.01317439 -0.01296185 -0.01337136 -0.01359895 1000
170 1.839999 4 0.7 1 -0.002507954 -0.003286874 -0.004140454 -0.004501062 -0.003925993 1000 -0.01728679 -0.01713609 -0.01749341 -0.01787343 -0.01736789 1000
171 0.7599998 -4 0.3 0 -0.002310506 -0.002208159 -0.002733751 -0.003293419 -0.002850372 1000 -0.01608483 -0.01637495 -0.01616742 -0.01637971 -0.01664651 1000
172 1.979999 -4 0.8 0 -0.0007665166 -0.0008158489 -0.0001313047 0.0003286089 -0.0001783056 1000 -0.01709809 -0.01671645 -0.01667362 -0.01686084 -0.01741028 1000
173 1.499999 -4.75 0.5 -1 -0.001831702 -0.001547953 -0.001503637 -0.001268639 -0.001320414 1000 -0.01874161 -0.01863155 -0.01802726 -0.01876262 -0.01848891 1000
174 1.999999 4.75 0.5 1 -0.0005356793 -0.0002209221 -0.0002098271 -0.0007859565 -0.0009435682 1000 -0.02112088 -0.02058789 -0.02105564 -0.02115783 -0.02095623 1000
175 1.899999 4.75 1 0 0.001762889 0.001394496 0.001109262 0.0007314606 0.001459915 1000 -0.0203143 -0.02074541 -0.02067555 -0.02053588 -0.01969394 1000
176 1.299999 -4 0.5 0 -0.0002817657 -0.0003971438 -0.0002360989 0.0006401013 0.0002134978 1000 -0.01873553 -0.01804269 -0.0182041 -0.01879931 -0.01929597 1000
177 0.6799999 -4 0.5 1 -9.777006E-05 -0.001257836 -0.001816524 -0.0001769163 0.002138162 1000 -0.02216196 -0.02319608 -0.02426481 -0.02367851 -0.02190008 1000
178 0.12 -4 0.2 0 0.00259898 0.002932235 0.002606304 0.002367565 0.001446742 1000 -0.02027199 -0.01520536 -0.01476063 -0.01447273 -0.01569924 1000
179 0.32 -4 0.3 0 0.0009951551 0.001630457 0.002382611 0.00228978 0.002169817 1000 -0.01754887 -0.01722714 -0.01771104 -0.01737376 -0.01766297 1000
180 1.439999 -5.5 0.5 -1 0.001806332 0.001670951 0.001831295 0.001642654 0.00115941 1000 -0.01764355 -0.01793187 -0.0175107 -0.01774924 -0.01723146 1000
181 0.9799996 4 0.7 -1 0.001561772 0.001776302 0.002212765 0.00216393 0.002466659 1000 -0.01896127 -0.01860136 -0.01823781 -0.01865363 -0.01717589 1000
182 0.42 -5.5 0.1 0 0.001770961 0.001745592 0.00174828 0.001671551 0.001248262 1000 -0.01635788 -0.01635677 -0.01616299 -0.01718594 -0.01710616 1000
183 0.8199998 5.5 0.3 0 0.003727939 0.003678581 0.003271034 0.002657444 0.003135418 1000 -0.01773157 -0.01764009 -0.01771616 -0.01717946 -0.0169145 1000
184 0.8599997 5.5 0.3 0 0.004004002 0.004398647 0.004059155 0.003522388 0.003837451 1000 -0.01664944 -0.01657421 -0.01742589 -0.01707537 -0.01689954 1000
185 1.04 4.75 0.7 -1 0.006010915 0.005965692 0.006003448 0.006047809 0.006378836 1000 -0.01650709 -0.01669307 -0.01615347 -0.0166878 -0.01568338 1000
186 2.259999 5.5 1 0 0.005822823 0.00589548 0.005240343 0.0051222 0.005700582 1000 -0.01534244 -0.01570415 -0.01533208 -0.01540738 -0.01487606 1000
187 1.02 -4.75 0.3 0 0.00186624 0.001111798 0.0007218318 0.001189 0.001719276 1000 -0.008136341 -0.008446295 -0.00817602 -0.008379184 -0.008644586 1000
188 2.659998 -5.5 0.9 0 0.002263146 0.001987831 0.001801464 0.002186507 0.002444438 1000 -0.01118981 -0.01082649 -0.01057405 -0.01068342 -0.0108399 1000
189 0.18 -4.75 0.2 0 -0.01465245 -0.01314967 -0.01172176 -0.009145168 -0.007361257 1000 -0.02085694 -0.01805762 -0.01758505 -0.01472 -0.01197383 1000
190 1.799999 -4 0.7 -1 -0.008015499 -0.008214383 -0.008171446 -0.007674758 -0.008050373 1000 -0.0183151 -0.01880849 -0.01934597 -0.0181256 -0.01770624 1000
191 1.599999 -4.75 0.7 -1 -0.003401721 -0.003409827 -0.003429899 -0.003725845 -0.003299096 1000 -0.01970735 -0.02033079 -0.02013682 -0.02003066 -0.02067978 1000
192 1.519999 4 0.5 1 -0.0006599168 -0.0007238082 -0.0008826042 -0.0006818487 -0.0008258278 1000 -0.02336325 -0.02332034 -0.02309408 -0.02317263 -0.02297814 1000
193 1.499999 -5.5 0.6 0 -0.0005081053 -0.0004713844 0.00012353 0.0003119353 0.0005038757 1000 -0.02105772 -0.02058362 -0.02070819 -0.02142211 -0.02192203 1000
194 2.059999 -5.5 0.6 0 -9.554509E-05 -0.000273851 0.0003625792 0.0005160947 0.0003372065 1000 -0.02362685 -0.02311871 -0.02271819 -0.02330974 -0.02412363 1000
195 1.659999 5.5 0.7 -1 -0.0009472805 -0.0007974672 -0.0001906043 -1.159243E-05 0.0005708888 1000 -0.02028941 -0.01962436 -0.01955191 -0.01871236 -0.01762316 1000
196 0.4600001 -4 0.2 0 0.001115559 0.0008023327 0.0005129047 0.000223014 0.0005337454 1000 -0.01855378 -0.01933379 -0.01939803 -0.0193524 -0.01903067 1000
197 0.4600001 4.75 0.5 -1 0.001649691 0.0005388684 -7.17416E-05 0.0002826471 0.000141073 1000 -0.01934897 -0.01887396 -0.01867384 -0.01901042 -0.01918097 1000
198 0.4600001 5.5 0.3 0 0.0006076873 0.0007768362 0.0004658314 0.0002558946 -0.0001573061 1000 -0.01901725 -0.01890219 -0.01932082 -0.01879453 -0.01933941 1000
199 1.299999 4.75 1 0 0.001328774 0.001378387 0.001446132 0.001361692 0.0006614248 1000 -0.01923939 -0.0190563 -0.01877574 -0.01913444 -0.01877124 1000
200 0.4 4.75 0.2 0 -0.01170429 -0.01077106 -0.01059434 -0.0106862 -0.009257757 1000 -0.01917715 -0.01842806 -0.01758133 -0.01720316 -0.01565253 1000
201 0.9799996 -5.5 0.6 1 -0.00468296 -0.004060033 -0.004601486 -0.005866163 -0.006090843 1000 -0.01103709 -0.01021592 -0.01128406 -0.01172599 -0.01233139 1000
202 0.34 4 0.1 0 -0.005115624 -0.005409218 -0.005921719 -0.005643768 -0.005480992 1000 -0.02106089 -0.02096657 -0.02042721 -0.01943344 -0.01934037 1000
203 1.279999 -4 0.6 0 -0.004331612 -0.00383992 -0.004020834 -0.00391028 -0.00353461 1000 -0.01912566 -0.01836547 -0.01849226 -0.01902648 -0.01956035 1000
204 0.8199998 -4 0.3 0 -0.001141111 -0.001123966 -0.000767324 -0.0006358036 -0.000240128 1000 -0.01975464 -0.01956861 -0.01849945 -0.01920259 -0.01941792 1000
205 1.579999 4 0.9 0 0.001548016 0.002622343 0.002104272 0.001628258 0.001509124 1000 -0.0205665 -0.01999569 -0.01992743 -0.02000583 -0.01970722 1000
206 1.619999 4.75 0.6 1 0.003684779 0.004112791 0.002466254 0.001591962 0.001581766 1000 -0.01894812 -0.01955166 -0.01996573 -0.01984126 -0.01932185 1000
207 1.839999 5.5 0.7 1 0.001875653 0.002136288 0.001824499 0.001631591 0.002079547 1000 -0.0196702 -0.0203532 -0.02015251 -0.02059262 -0.02035898 1000
208 0.24 -4 0.1 0 0.002254839 0.00179037 0.001964077 0.002321445 0.0026074 1000 -0.02012343 -0.01963913 -0.01974003 -0.02033683 -0.02102605 1000
209 0.6999999 5.5 0.5 -1 0.005158425 0.005329591 0.00551415 0.005544042 0.005724345 1000 -0.0212407 -0.02109378 -0.02148725 -0.0208618 -0.02029032 1000
210 1.12 4 0.5 0 0.004599892 0.004754 0.005221679 0.005314106 0.00523965 1000 -0.02011969 -0.02000891 -0.01996024 -0.02027609 -0.02001449 1000
211 1.12 -4.75 0.5 1 0.006904419 0.007187779 0.007119331 0.007557017 0.00791127 1000 -0.01994367 -0.01965347 -0.02018617 -0.01998119 -0.02168757 1000
212 0.5000001 4 0.7 0 0.005967847 0.002632451 0.000540989 -0.0006692716 -0.0008670317 1000 -0.02299515 -0.01882016 -0.01683873 -0.01559982 -0.0132392 1000
213 1.519999 5.5 0.8 0 0.0005725208 0.00065429 0.0004316657 0.0004061263 0.0008636228 1000 -0.01398655 -0.01455745 -0.01418539 -0.01393224 -0.01334366 1000
214 1.14 -4 0.5 0 -0.001520514 -0.001568352 -0.00150988 -0.00147198 -0.001294255 1000 -0.01580688 -0.01608361 -0.01611293 -0.0170375 -0.01718593 1000
215 1.379999 5.5 0.6 -1 -0.0004010818 0.0002644336 0.0002703434 -0.0001970744 0.0001470556 1000 -0.01702045 -0.01669032 -0.01682262 -0.01658541 -0.01646053 1000
216 1.08 -4 0.6 1 8.280526E-05 0.0002712569 0.0002795166 0.0004327577 0.0004173535 1000 -0.01645301 -0.015905 -0.01675298 -0.01643218 -0.01737525 1000
217 1.259999 4 0.7 1 0.0008466648 0.001128612 0.001323354 0.0009485235 0.001059447 1000 -0.02053857 -0.01994658 -0.02011199 -0.02026231 -0.01994835 1000
218 1.179999 -4.75 1 0 0.0008074432 0.001156048 0.001310445 0.001430579 0.001818571 1000 -0.01887988 -0.01831675 -0.0185701 -0.01924018 -0.02005759 1000
219 1.499999 -5.5 0.8 0 0.001045897 0.0009591833 0.0008618339 0.0009270204 0.0003065049 1000 -0.02303135 -0.02289615 -0.02255102 -0.0233894 -0.02294768 1000
220 0.7999998 5.5 0.3 0 -0.0005728969 -0.0002562178 0.0005007453 0.001424861 0.001435913 1000 -0.02446818 -0.02418948 -0.02396584 -0.0240585 -0.02391947 1000
221 1.379999 4.75 0.8 0 0.001404865 0.001496881 0.001594316 0.0008708956 0.0002712671 1000 -0.02384458 -0.02381291 -0.02434418 -0.0243476 -0.02378936 1000
222 0.7599998 -5.5 0.2 0 0.002230104 0.001686118 0.001590457 0.002193915 0.002496776 1000 -0.02365424 -0.02446547 -0.02439556 -0.02360737 -0.02427455 1000
223 1.219999 -5.5 0.6 0 0.001268879 0.001194383 -0.0001388852 -0.0005049288 -4.468563E-05 1000 -0.02488511 -0.02548051 -0.02462131 -0.023025 -0.01967604 1000
224 1.159999 4.75 0.9 0 -0.001985248 -0.001853225 -0.001592897 -0.002724687 -0.003252468 1000 -0.02049061 -0.0203771 -0.01999231 -0.01963641 -0.01946118 1000
225 1.699999 -5.5 0.6 -1 -0.003177827 -0.003463703 -0.003581944 -0.003302389 -0.002912151 1000 -0.0184073 -0.0186154 -0.0185115 -0.01863806 -0.01868345 1000
226 1.259999 -5.5 0.7 0 -0.003836295 -0.003896862 -0.004559246 -0.004218485 -0.003678494 1000 -0.0207216 -0.02067107 -0.02066433 -0.02093345 -0.02126268 1000
227 1.299999 4.75 0.6 1 -0.002934252 -0.002722714 -0.002378167 -0.002443193 -0.002272725 1000 -0.02283901 -0.02241503 -0.0221296 -0.02275677 -0.02202964 1000
228 0.54 -4.75 0.2 0 -0.003947025 -0.003878901 -0.003703913 -0.004109535 -0.004156089 1000 -0.02132239 -0.02076104 -0.02113551 -0.0215627 -0.02160512 1000
229 0.7799998 -4 0.3 0 -0.002873336 -0.003754383 -0.004487055 -0.004043065 -0.003970008 1000 -0.02266851 -0.02252384 -0.02174475 -0.02151132 -0.02224915 1000
230 1.04 5.5 0.6 -1 -0.002711751 -0.00287647 -0.002907845 -0.003160191 -0.00341077 1000 -0.02322087 -0.02274377 -0.02288962 -0.02260465 -0.02214594 1000
231 0.38 4.75 0.2 0 -0.003478666 -0.003180054 -0.003491489 -0.004084512 -0.003840346 1000 -0.0215468 -0.02111093 -0.02158671 -0.02162426 -0.02142801 1000
232 1.199999 -5.5 0.4 0 -0.003001092 -0.003278175 -0.003522133 -0.002946987 -0.002057261 1000 -0.02119549 -0.02142379 -0.02104799 -0.02160769 -0.02168995 1000
233 1.12 4.75 1 0 -0.004621264 -0.004081961 -0.003805219 -0.003747219 -0.003613438 1000 -0.02258021 -0.02226465 -0.02225381 -0.0223881 -0.02154721 1000
234 1.299999 4 0.8 0 -0.002742407 -0.002896049 -0.003064351 -0.002816886 -0.003413898 1000 -0.02049775 -0.02127134 -0.02114999 -0.0211225 -0.0206825 1000
235 1.159999 -4 0.5 0 -0.003655004 -0.003752888 -0.004210687 -0.004091132 -0.003440925 1000 -0.02081197 -0.02103016 -0.02101865 -0.02081854 -0.02116216 1000
236 0.9199997 4 0.3 0 -0.004260515 -0.004927495 -0.004836507 -0.004262307 -0.004057463 1000 -0.02150321 -0.02104405 -0.02054893 -0.02068317 -0.02078973 1000
237 0.8399997 5.5 0.7 -1 -0.003800236 -0.003319611 -0.003268165 -0.003639761 -0.003136369 1000 -0.02080034 -0.02123433 -0.02144925 -0.02113993 -0.02029045 1000
238 0.32 -4 0.2 0 -0.003427826 -0.003242504 -0.003790857 -0.004321428 -0.005455638 1000 -0.02059009 -0.01997451 -0.02101641 -0.0212763 -0.02188019 1000
239 0.6 4.75 0.5 -1 -0.004777866 -0.004708537 -0.00470742 -0.004718296 -0.004666887 1000 -0.02202001 -0.02166553 -0.02144161 -0.02168266 -0.02124181 1000
240 0.38 -4.75 0.1 0 -0.004656988 -0.004265643 -0.004356311 -0.004858607 -0.005048058 1000 -0.02054852 -0.02014316 -0.02043149 -0.02045451 -0.02050607 1000
241 1.559999 5.5 0.7 1 -0.004293432 -0.004242373 -0.004020354 -0.004282645 -0.004097133 1000 -0.02075404 -0.02058599 -0.02055752 -0.02076142 -0.02076649 1000
242 1.379999 -4 0.7 1 -0.004297508 -0.004563203 -0.004375754 -0.004480644 -0.005443305 1000 -0.01944567 -0.01997983 -0.01934157 -0.02033105 -0.02065961 1000
243 1.599999 5.5 0.7 1 -0.008157255 -0.008608101 -0.008293043 -0.008260693 -0.008020923 1000 -0.02396586 -0.024222 -0.02366755 -0.02402773 -0.02365151 1000
244 1.279999 4.75 0.6 0 -0.007032195 -0.006703529 -0.006597677 -0.00608082 -0.005610581 1000 -0.02312139 -0.02241209 -0.022432 -0.02261898 -0.02173122 1000
245 1.859999 -4.75 0.7 0 -0.009657545 -0.009334439 -0.009265219 -0.008821509 -0.008017438 1000 -0.0176264 -0.01834048 -0.01953809 -0.0197149 -0.01980881 1000
246 1.179999 4.75 0.6 0 -0.005359979 -0.006151204 -0.006045039 -0.005502113 -0.005404026 1000 -0.02320019 -0.02271403 -0.0220335 -0.02148706 -0.02188316 1000
247 0.42 -5.5 0.2 0 -0.004199999 -0.004124579 -0.004009354 -0.003650977 -0.003464108 1000 -0.0219129 -0.02214473 -0.02187376 -0.02246294 -0.02325223 1000
248 1.12 4.75 0.5 1 -0.004025935 -0.003576085 -0.003058654 -0.003251255 -0.003739735 1000 -0.02220582 -0.0216587 -0.02120172 -0.02174423 -0.0216159 1000
249 0.8799997 5.5 0.2 0 -0.002696576 -0.002426796 -0.002150846 -0.001977602 -0.001818615 1000 -0.02217777 -0.02179655 -0.02245002 -0.02211146 -0.02157903 1000
250 0.7799998 4 0.2 0 -0.01190446 -0.01205815 -0.01160009 -0.0118634 -0.01206759 1000 -0.01076518 -0.01127155 -0.01048309 -0.01034091 -0.01064799 1000
251 0.6599999 -5.5 0.2 0 -0.01068645 -0.01089368 -0.01136535 -0.01134293 -0.01181653 1000 -0.01088971 -0.01083703 -0.01124098 -0.01126842 -0.01177181 1000
252 1.519999 -5.5 0.7 -1 -0.0101117 -0.01049478 -0.01008657 -0.009729789 -0.01027678 1000 -0.01222765 -0.01158174 -0.01144618 -0.01130151 -0.01238436 1000
253 0.6999999 4.75 0.2 0 -0.009612718 -0.009390051 -0.009194091 -0.009185188 -0.00947028 1000 -0.01270532 -0.01304978 -0.01244203 -0.01236402 -0.01232363 1000
254 1.299999 -4.75 0.5 -1 -0.007526065 -0.007987953 -0.008500449 -0.008457179 -0.008888622 1000 -0.01181202 -0.01272677 -0.01316039 -0.01308819 -0.01291502 1000
255 1.219999 4 0.5 1 -0.003848664 -0.003830336 -0.004406584 -0.004266966 -0.003931948 1000 -0.01543976 -0.01541587 -0.01527169 -0.01543552 -0.01497064 1000
256 0.6199999 -5.5 0.2 0 -0.004037444 -0.004685426 -0.004776922 -0.00428476 -0.004358425 1000 -0.01449906 -0.01398717 -0.01408641 -0.01424659 -0.01493202 1000
257 0.8399997 -4 0.7 0 -0.004716358 -0.003926355 -0.003704991 -0.004120996 -0.00398949 1000 -0.01411594 -0.01395757 -0.01465379 -0.01450382 -0.01478617 1000
258 1.359999 5.5 0.7 1 -0.003944241 -0.003799247 -0.003760049 -0.004110836 -0.003990522 1000 -0.01522953 -0.01522651 -0.01542297 -0.01546115 -0.01510751 1000
259 1.399999 -5.5 0.6 -1 -0.003098379 -0.002759565 -0.002649504 -0.003237712 -0.00342242 1000 -0.01367742 -0.01317371 -0.01356581 -0.01348966 -0.01351033 1000
260 0.8599997 -4.75 0.7 1 -0.004871889 -0.004303622 -0.00441432 -0.004680515 -0.004778751 1000 -0.01423825 -0.01450513 -0.01488105 -0.01488173 -0.01528062 1000
261 0.9599996 5.5 0.7 0 -0.005569614 -0.006030418 -0.006422824 -0.006014166 -0.005932881 1000 -0.0159769 -0.01581958 -0.01589616 -0.01522518 -0.01477882 1000
262 0.6 4 0.3 0 -0.00529341 -0.005304079 -0.005692671 -0.00561177 -0.004994132 1000 -0.01476859 -0.0154342 -0.01507681 -0.0151803 -0.01466621 1000
263 1.06 4.75 1 0 -0.002961381 -0.002426841 -0.002409733 -0.002417495 -0.001953134 1000 -0.01430701 -0.01425397 -0.01426202 -0.01488047 -0.01438653 1000
264 1.539999 -4.75 0.6 -1 -0.00364651 -0.003839997 -0.003934253 -0.003733162 -0.003378434 1000 -0.01373954 -0.01401638 -0.01368157 -0.01382188 -0.01441862 1000
265 1.819999 -4 1 0 -0.003321633 -0.002903412 -0.002555392 -0.002866016 -0.003078885 1000 -0.01426354 -0.01393143 -0.01396658 -0.01493825 -0.01544848 1000
266 0.6999999 4 0.2 0 -0.001430011 -0.00110284 -0.000884475 -0.001278063 -0.001222722 1000 -0.01689407 -0.01589064 -0.01548347 -0.01622265 -0.015545 1000
267 1.279999 4 0.7 1 0.002786353 0.002301932 0.002213109 0.001839911 0.002111946 1000 -0.01347639 -0.01183527 -0.01209223 -0.01263598 -0.01289844 1000
268 1.06 4 0.5 -1 -0.002616117 -0.002674355 -0.002801648 -0.002302802 -0.001560944 1000 -0.01509095 -0.01534582 -0.01474789 -0.01496354 -0.0144211 1000
269 1.1 4.75 0.9 0 -0.0052592 -0.004700697 -0.004193898 -0.004182735 -0.004086923 1000 -0.01506787 -0.01489992 -0.0152411 -0.01553427 -0.01504311 1000
270 1.839999 4.75 0.6 1 -0.003076731 -0.003282857 -0.003674109 -0.003756113 -0.003297643 1000 -0.01585913 -0.01635166 -0.0157016 -0.01540121 -0.01539946 1000
271 1.679999 -4.75 0.6 -1 -0.003573976 -0.003241119 -0.003239859 -0.003462776 -0.003347268 1000 -0.01632992 -0.01619325 -0.01657917 -0.01614182 -0.01679983 1000
272 0.8399997 -5.5 0.6 0 -0.003064383 -0.003013512 -0.003941196 -0.004252065 -0.003848085 1000 -0.01678928 -0.01723226 -0.01726338 -0.01733092 -0.01749551 1000
273 0.6999999 5.5 0.2 0 -0.00358573 -0.003644241 -0.003461525 -0.003333659 -0.003323081 1000 -0.01716683 -0.01711988 -0.01687759 -0.01677226 -0.01664909 1000
