trial Response_Time velH Occlusion_Duration velH_Subject xRotations_first0 xRotations_first1 xRotations_first2 xRotations_first3 xRotations_first4 xRotations_first5 yRotations_first0 yRotations_first1 yRotations_first2 yRotations_first3 yRotations_first4 yRotations_first5
1 0.34 -5.5 0.4 0 -0.02056871 -0.01837261 -0.01874274 -0.02112401 -0.02393322 1000 -0.002511464 -0.001118108 -0.001416546 -0.002224167 -0.002838542 1000
2 0.28 4.75 0.4 0 -0.02102331 -0.02106455 -0.02122887 -0.02069262 -0.02028321 1000 -0.003304923 -0.004076541 -0.004326203 -0.003911407 -0.003776848 1000
3 0.36 -4 0.7 1 -0.01926891 -0.01915365 -0.01888132 -0.0188306 -0.0183663 1000 -0.00394287 -0.004366213 -0.004370223 -0.004621399 -0.004157269 1000
4 0.6 4 0.8 0 -0.01885333 -0.01904461 -0.01914416 -0.01917575 -0.01898541 1000 -0.002717342 -0.002934776 -0.003045731 -0.003069194 -0.003041603 1000
5 0.36 4 0.5 1 -0.01737491 -0.01742855 -0.0173216 -0.01729023 -0.01681486 1000 -0.003696766 -0.003897786 -0.003884297 -0.004140338 -0.003921986 1000
6 0.4600001 -5.5 0.5 -1 -0.01582731 -0.01609058 -0.01606342 -0.01600461 -0.01567588 1000 -0.00461506 -0.004228417 -0.004230824 -0.00404074 -0.003686529 1000
7 0.38 4 0.3 0 -0.016181 -0.01670493 -0.01595749 -0.01498317 -0.01460361 1000 -0.002492567 -0.002905522 -0.002763113 -0.002832892 -0.003182393 1000
8 0.4 5.5 0.7 -1 -0.01325982 -0.01278791 -0.01241028 -0.01221368 -0.01246056 1000 -0.003214682 -0.003391061 -0.003463893 -0.003640504 -0.003575601 1000
9 0.38 4 0.4 0 -0.01308266 -0.01303731 -0.01333817 -0.01314717 -0.01268735 1000 -0.0024158 -0.002598697 -0.002886233 -0.002889994 -0.003029782 1000
10 0.6399999 5.5 0.6 1 -0.01129483 -0.01155566 -0.01173897 -0.01143822 -0.01191908 1000 -0.003639029 -0.004078415 -0.00382658 -0.003486434 -0.0042739 1000
11 0.36 -4.75 0.5 1 -0.01045347 -0.01081662 -0.01015549 -0.009828134 -0.009651639 1000 -0.001875137 -0.002259851 -0.001575999 -0.0008369899 -0.0004007359 1000
12 0.28 4 0.2 0 -0.01024454 -0.0100172 -0.009871329 -0.009270745 -0.009302506 1000 -0.002015534 -0.002012336 -0.002096523 -0.00226873 -0.002557473 1000
13 0.4 4.75 0.6 0 -0.008353692 -0.008036312 -0.007741399 -0.007833892 -0.007944695 1000 -0.002615781 -0.002653563 -0.002539863 -0.003017467 -0.002745316 1000
14 0.16 4 0.2 0 -0.008145792 -0.008223012 -0.008260197 -0.007999342 -0.007525085 1000 -0.001449377 -0.001801384 -0.002202751 -0.001943305 -0.001724152 1000
15 0.16 -5.5 0.1 0 -0.006983257 -0.006625725 -0.006337063 -0.006009569 -0.006215206 1000 -0.002334688 -0.002262487 -0.002581441 -0.002744785 -0.002661093 1000
16 0.28 4.75 0.2 0 -0.004604172 -0.005092286 -0.004530706 -0.003848277 -0.003683866 1000 -0.002424504 -0.002550603 -0.00200544 -0.001875024 -0.002163473 1000
17 0.32 -4 0.6 -1 -0.003796154 -0.0044802 -0.004246055 -0.003746297 -0.003444273 1000 -0.001152903 -0.001423379 -0.001069941 -0.001145389 -0.001598786 1000
18 0.34 -4.75 0.3 0 -0.003227687 -0.002998173 -0.002442785 -0.001685971 -0.001595448 1000 -0.002347255 -0.002241396 -0.002237855 -0.002345134 -0.002592015 1000
19 0.38 -4.75 0.7 1 -0.001685992 -0.0008168241 -0.0003376418 -0.00109636 -0.001599992 1000 -0.001594308 -0.002454878 -0.002868397 -0.0020596 -0.001180382 1000
20 0.6599999 -5.5 0.7 -1 -0.00236512 -0.002327284 -0.00263889 -0.002421079 -0.002781351 1000 -0.002556567 -0.002944807 -0.00369427 -0.003606409 -0.004098266 1000
21 0.4400001 -4.75 0.6 1 -0.001448972 -0.001673108 -0.001150495 -0.0005297062 -0.000130414 1000 -0.004771642 -0.000152186 0.001569808 -0.0007479595 -0.00161785 1000
22 0.24 -4 0.2 0 -0.00155938 -0.001758636 -0.001794564 -0.001477505 -0.001276575 1000 -0.003241745 -0.00331114 -0.003010627 -0.003473922 -0.004722428 1000
23 0.4400001 4.75 0.6 1 -0.001027539 -0.0005980053 7.20177E-05 0.000773483 0.0004826838 1000 -0.007563523 -0.007693535 -0.007995195 -0.007908961 -0.006862361 1000
24 0.7799998 -5.5 0.7 -1 -4.605384E-05 0.0001921202 -9.427335E-06 -0.0001430502 -0.0005193803 1000 -0.004923904 -0.00652142 -0.007332067 -0.006502353 -0.005899968 1000
25 0.12 -4.75 0.1 0 -0.001141647 -0.0008862587 -0.0006849184 -0.0006423579 -0.0007844957 1000 -0.008150911 -0.008470941 -0.008540724 -0.008288225 -0.008349082 1000
26 0.6199999 5.5 0.4 0 -0.0008166946 -0.0002055474 3.004895E-05 0.0005373891 0.0002573734 1000 -0.009178245 -0.009087973 -0.009106097 -0.008882719 -0.008731009 1000
27 0.34 -4 0.5 1 -7.002259E-05 -0.0003118167 -0.0008780141 -0.001077584 -0.001102481 1000 -0.006094588 -0.006621914 -0.007030984 -0.006922918 -0.006974775 1000
28 0.26 -4.75 0.5 0 0.0008985767 0.0004302689 0.0003470519 0.0006460427 0.0003375495 1000 -0.007948378 -0.00832725 -0.007951798 -0.007738226 -0.008306874 1000
29 0.32 -5.5 0.5 0 0.001484261 0.001072933 0.0006499337 0.0008807931 0.000488596 1000 -0.008253406 -0.008425656 -0.008452751 -0.00782158 -0.008352291 1000
30 0.7999998 5.5 0.9 0 -7.914364E-06 -6.217945E-05 0.0001750403 0.0005018878 -2.096643E-05 1000 -0.007348847 -0.007591079 -0.007712317 -0.007763539 -0.008246433 1000
31 0.4600001 -4 0.5 0 0.001733914 0.001972605 0.001599878 0.001600974 0.001518057 1000 -0.007350895 -0.008509812 -0.008920951 -0.007912803 -0.007551553 1000
32 1.14 5.5 1 0 0.001566575 0.001112815 0.001494634 0.001731505 0.001411858 1000 -0.007133582 -0.00759675 -0.007296098 -0.007038753 -0.007017856 1000
33 0.6599999 4 0.7 1 -0.0009447384 -0.001006745 -0.0003028374 0.0003280794 0.0005496299 1000 0.000102303 -0.00168982 -0.002005996 -0.001711605 -0.001776574 1000
34 0.4800001 4.75 0.5 0 0.001173448 0.001150129 0.00177959 0.00190255 0.00156673 1000 0.0005166536 0.0004596434 0.0003023352 3.724237E-05 0.000531209 1000
35 0.9599996 4 1 0 0.001553809 0.001307909 0.001848833 0.002223299 0.001901681 1000 -0.001921722 -0.001769153 -0.001510165 3.377958E-05 0.0008918626 1000
36 0.16 4.75 0.2 0 0.002783609 0.002750573 0.002606748 0.002885477 0.003015963 1000 0.004766262 0.004389022 0.003971141 0.004224704 0.004751378 1000
37 0.4400001 -4 0.4 0 0.001538036 0.001591963 0.001676889 0.002214533 0.002134351 1000 0.006016431 0.006355974 0.006459014 0.0057967 0.005137934 1000
38 0.32 4.75 0.4 0 0.002519108 0.002268792 0.002148638 0.002336895 0.002485644 1000 0.003947056 0.003304669 0.003931688 0.00380908 0.004323905 1000
39 0.28 4.75 0.7 -1 0.003233643 0.003084698 0.003080005 0.002851055 0.003005806 1000 0.004176568 0.003820766 0.003971861 0.003964168 0.004560724 1000
40 0.7199998 -5.5 0.8 0 0.002687834 0.002007337 0.00186707 0.001898457 0.002129482 1000 0.00558075 0.004910866 0.005107261 0.004726925 0.004662451 1000
41 0.58 4.75 0.6 0 0.002120179 0.001845499 0.002348979 0.003209738 0.003005772 1000 0.00353065 0.003747238 0.004060367 0.003906338 0.003543732 1000
42 0.6599999 -5.5 0.9 0 0.002420599 0.00222799 0.002214527 0.002059848 0.00250923 1000 0.00385638 0.003978063 0.003980746 0.003895011 0.003723284 1000
43 0.4400001 -5.5 0.9 0 0.00361911 0.003229963 0.002790991 0.003829812 0.004169755 1000 0.002982297 0.003200525 0.00293987 0.0034189 0.003315432 1000
44 0.18 -5.5 0.2 0 0.004108933 0.003752858 0.003923195 0.003943305 0.003851745 1000 0.003286611 0.003477277 0.00422766 0.003993585 0.003397229 1000
45 0.4 4 0.7 0 0.003742397 0.003539445 0.003222091 0.004072907 0.004554823 1000 0.002630159 0.002905701 0.002828758 0.003338423 0.003443295 1000
46 0.52 4 0.6 0 0.004712254 0.004320707 0.004540196 0.005057324 0.005470191 1000 0.004950723 0.004166304 0.004554673 0.004707515 0.004607536 1000
47 0.5000001 4 0.7 1 0.003654913 0.003527502 0.004131754 0.004739905 0.004196236 1000 0.005588226 0.005460588 0.005205742 0.005276608 0.004769318 1000
48 0.6399999 -5.5 0.7 0 0.005630909 0.005752203 0.005538598 0.005784463 0.005702699 1000 0.005740372 0.005485119 0.005279 0.005847869 0.005440597 1000
49 0.4600001 -4.75 0.7 1 0.004749557 0.004582115 0.004372748 0.004700987 0.004716028 1000 0.005409572 0.005199738 0.005287493 0.005655799 0.005621283 1000
50 0.4400001 -4 0.5 0 0.003369181 0.003260939 0.003295865 0.002568846 0.00274163 1000 0.005956301 0.006288732 0.00636376 0.006125328 0.006623853 1000
51 0.9199997 -4 1 0 0.003027637 0.002795715 0.003357592 0.004171069 0.004232076 1000 0.005451961 0.005517865 0.005885935 0.005707617 0.005056856 1000
52 0.6599999 5.5 0.5 1 0.003417465 0.003408301 0.003367949 0.002995606 0.002404353 1000 0.00453119 0.004687289 0.004609667 0.004506823 0.004510267 1000
53 0.58 -4 0.6 -1 0.001676579 0.001790931 0.00273258 0.003087967 0.003299088 1000 0.007213679 0.007342228 0.007973457 0.007929455 0.007199435 1000
54 0.7199998 4.75 0.5 1 0.004293875 0.003952494 0.003480054 0.003800499 0.003549529 1000 0.003101813 0.003389657 0.002926297 0.002889448 0.002964963 1000
55 0.7199998 -4 0.6 1 0.002740005 0.003333195 0.003464199 0.003520116 0.003143024 1000 0.007743171 0.007253129 0.007252331 0.006670774 0.0058595 1000
56 0.9999996 4.75 0.7 0 0.004238894 0.004158864 0.003937191 0.00438391 0.005133503 1000 0.001899185 0.002507608 0.002414341 0.003542208 0.004347419 1000
57 0.34 -4 0.5 -1 0.004210684 0.004680502 0.004453989 0.005251804 0.006274181 1000 0.006615463 0.006359764 0.006602128 0.006342214 0.006314165 1000
58 0.4 5.5 0.6 -1 0.006818807 0.005509923 0.005840309 0.007124755 0.007147753 1000 0.003542167 0.004413145 0.004832083 0.004619011 0.004053352 1000
59 0.6 4.75 0.8 0 0.005053618 0.00530419 0.005152586 0.005124031 0.005159205 1000 0.006361045 0.006503354 0.00651426 0.006287849 0.006203103 1000
60 0.16 -4 0.2 0 0.006156997 0.006010039 0.00601489 0.00634874 0.006518522 1000 0.005496683 0.00574864 0.005279344 0.005666282 0.00545529 1000
61 0.6 -4 0.6 -1 0.006939753 0.006196846 0.00598668 0.005917818 0.005924944 1000 0.005123933 0.005071662 0.006213661 0.005976204 0.006039997 1000
62 0.7799998 4.75 0.9 0 0.004669121 0.005063363 0.005491168 0.006238533 0.005998662 1000 0.005268076 0.0054313 0.005402546 0.005462647 0.005367973 1000
63 0.56 -4.75 0.5 -1 0.00644686 0.006397485 0.006767886 0.006787716 0.006823712 1000 0.006033204 0.005312461 0.005965627 0.005965894 0.00596263 1000
64 0.52 4 0.5 0 0.005395727 0.005345352 0.005466412 0.005713906 0.005656413 1000 0.006219706 0.006043287 0.00565794 0.005699108 0.00605135 1000
65 0.4800001 -5.5 0.7 1 0.005985719 0.005476583 0.005393599 0.006271007 0.006512292 1000 0.006126711 0.005959329 0.005814173 0.006037708 0.005587945 1000
66 0.6199999 4 1 0 0.005128703 0.004678701 0.004827513 0.005248465 0.004822074 1000 0.006819367 0.0066943 0.006543143 0.006045499 0.00614243 1000
67 0.4 -4 0.1 0 0.005810516 0.005527651 0.005831417 0.006508031 0.006701914 1000 0.006402552 0.005904714 0.006237325 0.006461395 0.005906448 1000
68 0.42 4 0.4 0 0.007231094 0.006982376 0.006851801 0.007145072 0.007020828 1000 0.006937672 0.006777912 0.007065336 0.007763211 0.007858094 1000
69 0.34 -4.75 0.5 1 0.006547697 0.006609203 0.007247933 0.00777791 0.008431176 1000 0.007364648 0.007018237 0.007104313 0.006887215 0.006515081 1000
70 0.42 -5.5 0.7 0 0.008902241 0.008402217 0.008720045 0.009151617 0.009281576 1000 0.006903868 0.006310341 0.006959587 0.006842491 0.006613365 1000
71 0.4 -4.75 0.6 -1 0.007948499 0.008320111 0.008333864 0.008879924 0.008786744 1000 0.008024306 0.008005292 0.007943113 0.007925823 0.00751535 1000
72 0.26 4 0.6 -1 0.009704594 0.009809912 0.009792937 0.009936791 0.009829379 1000 0.006939407 0.006679866 0.006581709 0.00724667 0.006926616 1000
73 0.6599999 4 0.9 0 0.01108964 0.01092047 0.01036485 0.01043329 0.01036741 1000 0.007635646 0.0078415 0.007863799 0.008650188 0.008820381 1000
74 0.09999999 4.75 0.1 0 0.009509563 0.009627488 0.01009842 0.01099518 0.01085181 1000 0.008633906 0.008539874 0.008518605 0.008181296 0.008011548 1000
75 0.54 4.75 0.6 0 0.01114707 0.01089793 0.01084294 0.01167246 0.01177594 1000 0.008404665 0.008093226 0.00798507 0.008424964 0.008103321 1000
76 0.4800001 -5.5 0.5 1 0.01015733 0.01012464 0.01058173 0.01120459 0.01075458 1000 0.01009806 0.01027577 0.009967263 0.009319542 0.008999451 1000
77 0.32 4.75 0.2 0 0.01229875 0.01170471 0.0116626 0.01166779 0.0122682 1000 0.008306283 0.008727948 0.008954289 0.008203316 0.00839447 1000
78 0.38 5.5 0.6 0 0.0120393 0.01150045 0.01147484 0.01232225 0.01245474 1000 0.008867349 0.009275273 0.00907298 0.01002335 0.01016681 1000
79 0.6399999 -4 1 0 0.01087223 0.01081563 0.01126523 0.01204115 0.01219859 1000 0.009922924 0.009607941 0.009982652 0.009687117 0.009392736 1000
80 0.3 -4.75 0.4 0 0.01255367 0.01174535 0.01201225 0.01234156 0.01221917 1000 0.00861493 0.008353924 0.009155555 0.008748655 0.008595988 1000
81 0.28 4.75 0.5 -1 0.01175779 0.01104287 0.01083031 0.01075649 0.01059796 1000 0.009002905 0.008942004 0.009426694 0.009749277 0.009760796 1000
82 0.6399999 -4 0.7 -1 0.01188614 0.01134952 0.01127077 0.01167775 0.01219443 1000 0.009648806 0.00970974 0.009503416 0.009410721 0.009563289 1000
83 0.6599999 5.5 0.5 0 0.01185389 0.01121652 0.0107486 0.01043305 0.01006302 1000 0.008984331 0.009009425 0.008751139 0.009697103 0.009980188 1000
84 0.6599999 5.5 0.5 0 0.01084835 0.01134669 0.01213866 0.01242055 0.01183106 1000 0.009651737 0.009526394 0.009412299 0.009619014 0.009880219 1000
85 0.52 -5.5 0.3 0 0.01252339 0.01268656 0.01319067 0.01309935 0.01312616 1000 0.01022342 0.01021073 0.01069068 0.01029287 0.01032802 1000
86 0.5000001 4 0.6 -1 0.0126979 0.01249939 0.01242545 0.01263663 0.01242516 1000 0.01154639 0.01135109 0.01164217 0.01174842 0.0120566 1000
87 0.42 4.75 0.6 -1 0.01415642 0.01467888 0.01496746 0.01517062 0.01458416 1000 0.01293488 0.0132151 0.01310204 0.01300915 0.0129545 1000
88 0.26 -4.75 0.1 0 0.0125968 0.01205838 0.01155887 0.01134096 0.01132657 1000 0.01484305 0.01497664 0.01526802 0.01508068 0.01471782 1000
89 0.54 -5.5 0.4 0 0.01411048 0.01343818 0.01321507 0.01393154 0.01419871 1000 0.01356579 0.01377441 0.01351976 0.01395193 0.01389354 1000
90 0.58 -4.75 0.6 0 0.01215511 0.01148486 0.01099076 0.01034332 0.009918748 1000 0.01829574 0.01904513 0.01899503 0.01907737 0.01932978 1000
91 0.6399999 -5.5 0.6 0 0.009813046 0.009564338 0.01035691 0.01135917 0.01044212 1000 0.01841301 0.01902438 0.01921849 0.01821323 0.0178756 1000
92 0.3 4 0.3 0 0.01118146 0.01136183 0.01149733 0.01153239 0.01141651 1000 0.01587611 0.01563487 0.01585931 0.01596533 0.01595571 1000
93 0.14 5.5 0.1 0 0.009098953 0.009099382 0.009382294 0.009767382 0.009517223 1000 0.01764948 0.01808198 0.01825139 0.01780763 0.01769465 1000
94 0.42 -4 0.9 0 0.0105306 0.01043471 0.01093749 0.01151682 0.01116869 1000 0.01700715 0.01726339 0.01730847 0.0169236 0.01656122 1000
95 0.54 -5.5 0.7 -1 0.01154713 0.01145422 0.01148143 0.01120102 0.01102979 1000 0.01749042 0.01742523 0.01734969 0.01710238 0.01737338 1000
96 0.54 4 0.4 0 0.010658 0.01060427 0.01079031 0.01171624 0.01218404 1000 0.01756861 0.01784678 0.01814061 0.01852666 0.01822965 1000
97 0.4400001 4.75 0.5 -1 0.01372155 0.01397941 0.01348426 0.01325672 0.01286722 1000 0.01967171 0.01958253 0.01945382 0.01987585 0.01930364 1000
98 0.16 4.75 0.1 0 0.01170175 0.01116151 0.01131445 0.01186993 0.0119499 1000 0.02011089 0.02003251 0.01987532 0.02001554 0.01983858 1000
99 0.3 5.5 0.6 -1 0.01371946 0.01315409 0.01307467 0.01363326 0.01374602 1000 0.02083054 0.02105204 0.02119197 0.02166568 0.02125758 1000
100 0.4400001 -4.75 0.5 0 0.009457955 0.009840034 0.01037403 0.01064988 0.01082369 1000 0.02335616 0.02397764 0.02377966 0.02355841 0.02315883 1000
101 0.7399998 5.5 0.8 0 0.01261187 0.01283313 0.01282559 0.01306897 0.01256583 1000 0.02318413 0.0234112 0.02385719 0.02382118 0.02325623 1000
102 0.32 -5.5 0.5 1 0.01273629 0.0124817 0.01107782 0.01096425 0.0115829 1000 0.0246383 0.02357797 0.02140759 0.0219646 0.02190368 1000
103 0.26 4 0.7 1 0.0118195 0.01147273 0.01160833 0.01229563 0.01240051 1000 0.02163234 0.02120858 0.02193109 0.02193159 0.02202308 1000
104 0.54 4 0.5 1 0.01082129 0.01060249 0.0114508 0.0120186 0.01205855 1000 0.02213534 0.02228034 0.02245285 0.02209682 0.02181458 1000
105 0.7399998 -4.75 0.6 0 0.01347498 0.0132564 0.01287316 0.01280067 0.012941 1000 0.0225693 0.0223484 0.02302518 0.02250583 0.02256671 1000
106 0.6 5.5 0.5 0 0.01211636 0.01207243 0.01199463 0.01204011 0.01151356 1000 0.02204729 0.02220509 0.02194975 0.02208907 0.02258906 1000
107 0.7999998 4 0.9 0 0.01271539 0.01262692 0.01316715 0.01346315 0.01339342 1000 0.02300612 0.02314151 0.02387377 0.02337325 0.02270026 1000
108 0.36 -4 0.3 0 0.01143921 0.01163568 0.01159296 0.0117135 0.01196212 1000 0.02155996 0.02210745 0.02279947 0.02270665 0.02200017 1000
109 0.7599998 -4.75 0.7 -1 0.01313959 0.01336583 0.01315525 0.01261664 0.01233424 1000 0.02169351 0.02187154 0.02184728 0.02228782 0.02172868 1000
110 0.28 5.5 0.2 0 0.01224388 0.01225663 0.01235052 0.01192435 0.01152879 1000 0.02187933 0.0223061 0.02197775 0.0218737 0.0221009 1000
111 0.6 -4 0.8 0 0.01224375 0.01247325 0.01267731 0.01245449 0.01212276 1000 0.02404519 0.02382524 0.02348 0.02324202 0.02258953 1000
112 0.22 -4 0.1 0 0.01255727 0.0123977 0.01286037 0.0129603 0.01272859 1000 0.02208795 0.02242997 0.02266248 0.02244704 0.02187525 1000
113 0.6199999 -4.75 0.5 -1 0.01099742 0.01083775 0.01118146 0.01188177 0.01128785 1000 0.02281682 0.02314035 0.02323737 0.02270155 0.0224236 1000
114 1.14 5.5 0.8 0 0.01154381 0.01121559 0.01118468 0.01188964 0.0120979 1000 0.02230431 0.02181971 0.02208815 0.02244913 0.0221066 1000
115 0.54 -5.5 0.5 -1 0.009541822 0.009654544 0.009932054 0.009852757 0.009212556 1000 0.02314744 0.02305088 0.02310932 0.02323711 0.02248425 1000
116 0.54 5.5 0.5 1 0.01094296 0.01139316 0.01140027 0.01173099 0.01202923 1000 0.02130603 0.01987025 0.02125009 0.02128904 0.02096829 1000
117 0.6399999 4 0.7 0 0.01175183 0.0107008 0.01224014 0.01260527 0.01277724 1000 0.02372849 0.02469193 0.02447972 0.02366122 0.02521698 1000
118 0.28 -4.75 0.7 1 0.01206069 0.01177317 0.01164513 0.01159935 0.01108854 1000 0.02122132 0.0207199 0.02079411 0.02134156 0.02203685 1000
119 0.28 5.5 0.8 0 0.009902608 0.009833931 0.009770699 0.01012956 0.009455765 1000 0.02285504 0.02327428 0.02323749 0.02350436 0.02358128 1000
120 0.28 4.75 0.3 0 0.01014345 0.01032332 0.01045825 0.01075209 0.01126631 1000 0.02378824 0.0233952 0.02320192 0.02337519 0.02375271 1000
121 0.6599999 -4.75 0.6 -1 0.01286084 0.01284974 0.01272853 0.01240394 0.01223718 1000 0.02332883 0.02313164 0.02288708 0.02337438 0.0229693 1000
122 0.6599999 -4.75 0.5 0 0.01108424 0.01114535 0.0114433 0.01189453 0.01198187 1000 0.02352686 0.02381898 0.0238613 0.02348953 0.02314876 1000
123 0.7199998 4 0.7 0 0.01222855 0.01153203 0.01204604 0.01262128 0.01249765 1000 0.02299072 0.02278115 0.02341625 0.02330654 0.02297047 1000
124 0.6399999 4 0.7 1 0.0111013 0.0105641 0.01148352 0.01267702 0.01316489 1000 0.02276304 0.02299104 0.02316377 0.02288735 0.02263096 1000
125 1.06 5.5 0.9 0 0.01445351 0.01385489 0.01404866 0.0140272 0.01408553 1000 0.02391748 0.02349963 0.0241663 0.02377564 0.02388898 1000
126 0.42 4.75 0.5 -1 0.0110685 0.01200885 0.01174942 0.01181539 0.01170324 1000 0.02406012 0.02403429 0.02318137 0.02348235 0.02396487 1000
127 0.38 4 0.4 0 0.01231544 0.01191272 0.01196286 0.0124297 0.01200708 1000 0.02351477 0.02363025 0.02354563 0.0241683 0.02359202 1000
128 0.6599999 -4.75 0.6 1 0.00765824 0.007290231 0.007606906 0.007882101 0.008666381 1000 0.0231813 0.0226036 0.02254059 0.0227602 0.0231183 1000
129 0.8599997 -4.75 0.9 0 0.008954794 0.009001327 0.009175072 0.00885294 0.008308555 1000 0.02169933 0.02120356 0.02189624 0.02164966 0.0217145 1000
130 0.54 -4 0.5 -1 0.004914819 0.004307779 0.003909638 0.004325781 0.004014634 1000 0.02196506 0.02243664 0.02293919 0.02373875 0.0234721 1000
131 0.56 4 0.6 1 0.002673208 0.003521612 0.003291068 0.00276054 0.002770189 1000 0.02240206 0.02205827 0.02187918 0.02199495 0.02237102 1000
132 0.52 -4.75 0.1 0 0.003394571 0.003616735 0.003000474 0.002532776 0.002332186 1000 0.02214493 0.02260869 0.02312763 0.02262454 0.0223427 1000
133 0.6 -4 0.8 0 0.003364199 0.002507948 0.002648586 0.003493353 0.004020587 1000 0.02198701 0.02185392 0.02221928 0.02202769 0.02181594 1000
134 0.6399999 4 1 0 0.001402558 0.001056673 -9.442951E-05 4.51157E-05 -6.92081E-05 1000 0.02201119 0.02173773 0.02183099 0.02189736 0.02204332 1000
135 0.8199998 -5.5 0.6 -1 -0.001966951 -0.001630107 -0.001161619 -0.001592179 -0.002735489 1000 0.02207803 0.02223481 0.02196469 0.02211363 0.02221216 1000
136 0.9799996 -5.5 0.6 -1 -0.001883076 -0.0007604624 -0.0004366881 -0.001340194 -0.002165227 1000 0.0212492 0.02111352 0.02076014 0.02127843 0.02165256 1000
137 0.9399996 -5.5 0.5 -1 -0.00271193 -0.00256237 -0.00204785 -0.002051276 -0.001991482 1000 0.02089822 0.02128502 0.02107375 0.02099172 0.02143773 1000
138 0.58 4 0.4 0 -0.002173414 -0.003148966 -0.00356099 -0.004157308 -0.005514774 1000 0.0212661 0.02119761 0.02187345 0.0218287 0.021945 1000
139 0.56 5.5 0.4 0 -0.004250708 -0.003506097 -0.003616032 -0.004394286 -0.00598936 1000 0.02147038 0.02148393 0.02169193 0.02193549 0.0218476 1000
140 0.4800001 -4 0.5 0 -0.003007961 -0.002874195 -0.003782581 -0.005587885 -0.007563652 1000 0.02132192 0.02166728 0.02102935 0.02173607 0.02246209 1000
141 0.8599997 4 0.9 0 -0.006287603 -0.006434459 -0.006084839 -0.005700385 -0.006640896 1000 0.02118034 0.02119872 0.02126651 0.0213785 0.02143317 1000
142 0.7999998 -4.75 0.4 0 -0.004981589 -0.004420322 -0.004516942 -0.005908601 -0.006691011 1000 0.02189679 0.02159153 0.02151453 0.02130339 0.02184924 1000
143 0.7999998 4 0.6 -1 -0.00793398 -0.007300806 -0.007370669 -0.007649892 -0.008382055 1000 0.02041415 0.02095571 0.02108723 0.02101389 0.02091666 1000
144 0.6399999 -4 0.5 1 -0.007049075 -0.006679643 -0.006236971 -0.006666114 -0.008869139 1000 0.02134507 0.02173439 0.02152493 0.02166606 0.02130092 1000
145 1.259999 4.75 0.9 0 -0.008909534 -0.009521548 -0.01001226 -0.009443805 -0.009190271 1000 0.01910895 0.01896703 0.01907939 0.01975944 0.01990427 1000
146 0.6199999 -4 0.5 0 -0.00774551 -0.007466924 -0.007633515 -0.007948427 -0.008565419 1000 0.02343564 0.02221034 0.02213149 0.02159167 0.02042089 1000
147 0.6799999 -5.5 0.6 1 -0.01030454 -0.009643391 -0.009177082 -0.009538363 -0.01017756 1000 0.01951242 0.01947527 0.01916873 0.01916664 0.01922279 1000
148 0.7199998 5.5 0.7 -1 -0.009213807 -0.008721824 -0.008989473 -0.00893751 -0.009401764 1000 0.01694179 0.01725322 0.01709805 0.01713275 0.0171878 1000
149 0.8399997 -4.75 0.9 0 -0.01102454 -0.01149527 -0.01166366 -0.01130408 -0.01102353 1000 0.01701426 0.01707953 0.01727304 0.01714269 0.01659479 1000
150 0.7199998 -4 0.5 0 -0.01620245 -0.01268335 -0.01150967 -0.01178199 -0.009841261 1000 -0.01324164 -0.01309442 -0.01334569 -0.01321835 -0.01323672 1000
151 0.58 4 0.9 0 -0.02172142 -0.01874242 -0.0211939 -0.02253727 -0.02299056 1000 -0.01330089 -0.00369661 -0.000821161 -0.004883541 -0.006590595 1000
152 0.6 -5.5 1 0 -0.0184971 -0.01717174 -0.01660383 -0.01427142 -0.01297579 1000 -0.004087224 -0.003901488 -0.004384732 -0.005806175 -0.006912057 1000
153 0.8799997 4.75 0.6 0 -0.0187279 -0.01853554 -0.01622824 -0.01350358 -0.008713187 1000 -0.009101594 -0.008728332 -0.008745467 -0.009269949 -0.009687782 1000
154 0.6999999 -4.75 0.6 0 -0.01373592 -0.01463064 -0.01428376 -0.01347243 -0.01371179 1000 -0.003899621 -0.001772632 -0.0003841677 -0.003524839 -0.004090164 1000
155 0.56 5.5 0.6 1 -0.01320833 -0.01352247 -0.01276853 -0.01221032 -0.01178382 1000 -0.002156791 -0.002773362 -0.002370305 -0.002147281 -0.001558989 1000
156 0.52 -4.75 0.7 0 -0.0127123 -0.01206035 -0.01163806 -0.01153497 -0.01175201 1000 -0.0004212589 -0.0005304726 -0.0005216252 -0.0002371178 1.46536E-05 1000
157 0.28 4.75 0.5 -1 -0.01360007 -0.01448198 -0.01511458 -0.01448599 -0.01360102 1000 -0.001430542 -0.00182137 -0.001471333 -0.0006589597 -0.0003894056 1000
158 0.22 -5.5 0.2 0 -0.01405786 -0.01447855 -0.01433246 -0.01385515 -0.01366161 1000 -0.001253041 -0.001254698 -0.0009986025 -0.001132488 -0.001554469 1000
159 0.28 4.75 0.2 0 -0.01469559 -0.01452203 -0.01418384 -0.01359056 -0.0131986 1000 -0.001675507 -0.00127437 -0.0009405171 -0.001380837 -0.001650943 1000
160 0.38 -4 0.5 1 -0.01477056 -0.01435501 -0.01411313 -0.01431937 -0.01456919 1000 -0.003178671 -0.003673771 -0.003449598 -0.003454917 -0.003376189 1000
161 0.58 4 0.7 0 -0.01626598 -0.0165476 -0.01677668 -0.01646071 -0.01624123 1000 -0.002756648 -0.002658412 -0.002809232 -0.002232044 -0.002212864 1000
162 0.8199998 4 0.8 0 -0.01729879 -0.01731234 -0.01689731 -0.01676334 -0.01694468 1000 -0.0007234308 -0.0009890974 -0.002432486 -0.00247991 -0.001474622 1000
163 0.3 5.5 0.6 -1 -0.02588159 -0.02661148 -0.02655222 -0.02727438 -0.02674405 1000 -0.002142918 -0.003044706 -0.003122589 -0.003165417 -0.003059681 1000
164 0.08 4 0.1 0 -0.02482621 -0.02429501 -0.02384259 -0.02338826 -0.02263205 1000 -0.0004017566 -0.0009170593 -0.001290857 -0.001378996 -0.0003677469 1000
165 0.58 -4 0.6 0 -0.02173296 -0.02137526 -0.02099801 -0.02090653 -0.02123988 1000 0.001020416 0.0009192132 0.000722324 0.0006132692 0.0004582938 1000
166 0.6999999 4 0.7 -1 -0.02021353 -0.01976007 -0.01959678 -0.01943732 -0.01997407 1000 -0.0007157194 -0.0003849382 -0.000744569 -0.0008312786 -0.0006938847 1000
167 0.56 5.5 0.4 0 -0.02240623 -0.02238362 -0.02168509 -0.02115107 -0.02111728 1000 -0.001138337 -0.0005780993 -0.0005679576 -0.0009198372 -0.0005353487 1000
168 0.58 4 0.7 -1 -0.01572765 -0.01611289 -0.01608467 -0.01559854 -0.01500035 1000 0.0009915674 0.0003136349 0.0006587277 0.0008393084 0.0007877176 1000
169 0.5000001 -4.75 0.5 1 -0.01733471 -0.01828388 -0.01790059 -0.01662865 -0.0170898 1000 0.0004791108 0.0009195757 0.001686993 0.001282349 0.001418718 1000
170 0.56 5.5 0.6 1 -0.009691108 -0.01001562 -0.01203684 -0.01048188 -0.008469049 1000 -0.0001090473 -0.001242839 -0.002235247 -0.002066553 -0.002018845 1000
171 0.34 5.5 0.3 0 -0.01016411 -0.01136581 -0.01189707 -0.0123387 -0.01272241 1000 -0.002001109 -0.00210543 -0.002187553 -0.002042243 -0.001794044 1000
172 0.6 4.75 0.7 -1 -0.01456981 -0.01464861 -0.01531706 -0.01556809 -0.01504812 1000 -0.003979761 -0.003554401 -0.003853895 -0.003757095 -0.003447115 1000
173 0.58 -4.75 0.5 1 -0.01737837 -0.01808655 -0.01840179 -0.01846566 -0.01814295 1000 0.00142164 0.0005413082 -0.0008442996 -0.0009168075 -0.0001834412 1000
174 0.7799998 4 0.9 0 -0.0243862 -0.02355457 -0.0230971 -0.02272193 -0.02211678 1000 0.0006776258 0.0006052875 0.001104137 0.001677653 0.001532917 1000
175 1.12 4 0.6 0 -0.006663383 -0.008706064 -0.008647774 -0.007055542 -0.006550278 1000 0.003220998 0.003725219 0.004274797 0.00392097 0.003728221 1000
176 0.58 4.75 0.5 1 -0.007289001 -0.007239115 -0.007344859 -0.007371094 -0.007588695 1000 0.004742462 0.004441829 0.004623466 0.004649242 0.004227341 1000
177 0.4800001 5.5 0.5 0 -0.007133891 -0.007245095 -0.007774147 -0.008141768 -0.008394858 1000 0.00434212 0.004900296 0.00451173 0.004500249 0.005152695 1000
178 0.58 -4.75 0.6 0 -0.0176401 -0.01681585 -0.01646254 -0.0158804 -0.01526336 1000 0.01005472 0.008199601 0.007810117 0.007633905 0.007212622 1000
179 0.3 -5.5 0.6 1 -0.01783743 -0.01805897 -0.01870851 -0.01796845 -0.01844693 1000 0.001511065 0.0009450541 -0.00114322 -0.002488915 -0.002221046 1000
180 0.08 4.75 0.2 0 -0.0181989 -0.01803042 -0.01828982 -0.01829481 -0.01725947 1000 1.802858E-05 0.0002179621 0.0007495438 0.001278781 0.001431317 1000
181 0.14 -5.5 0.1 0 -0.01440503 -0.0139161 -0.01332008 -0.01208073 -0.01001375 1000 0.003373063 0.004130773 0.005578269 0.006280036 0.006081584 1000
182 0.28 -4.75 0.3 0 -0.01141126 -0.01136004 -0.01094925 -0.01068324 -0.01069745 1000 0.00800027 0.008408013 0.008440883 0.00755837 0.006556407 1000
183 0.12 -5.5 0.1 0 -0.01332319 -0.01343834 -0.0135219 -0.01300647 -0.0123818 1000 0.005772978 0.00586397 0.005683018 0.005762122 0.005725224 1000
184 0.22 5.5 0.2 0 -0.01297666 -0.01282902 -0.01322887 -0.01293618 -0.01279177 1000 0.004691627 0.004653118 0.00463088 0.004504743 0.004664015 1000
185 0.28 -5.5 0.3 0 -0.01165452 -0.01145809 -0.01167354 -0.01146925 -0.01081371 1000 0.004515231 0.003780866 0.003906165 0.004088373 0.004028006 1000
186 0.34 5.5 0.7 -1 -0.009885865 -0.009879106 -0.01026109 -0.01045764 -0.01027585 1000 0.002981595 0.002531841 0.002885106 0.003109689 0.003457721 1000
187 0.3 -4.75 0.5 -1 -0.01007154 -0.01067076 -0.01070778 -0.01044492 -0.009821465 1000 0.003057084 0.002557052 0.002929985 0.002873172 0.002620143 1000
188 0.52 -4.75 0.9 0 -0.0102142 -0.009692601 -0.009181234 -0.009392133 -0.00872732 1000 0.003263566 0.003790351 0.00359359 0.003084442 0.003303881 1000
189 0.52 -4.75 0.7 0 -0.009401337 -0.009449837 -0.009236587 -0.008715956 -0.008191319 1000 0.004244059 0.004441096 0.0043466 0.003857555 0.004252344 1000
190 0.26 -5.5 0.7 1 -0.0156258 -0.01718235 -0.01776992 -0.017331 -0.01946846 1000 0.0004716586 0.003392213 0.008726014 0.01130009 0.01252879 1000
191 0.4600001 4.75 0.5 1 -0.01931268 -0.01933837 -0.01916637 -0.0187201 -0.01800761 1000 0.007129453 0.005879484 0.005971069 0.006890008 0.00713384 1000
192 0.28 4 0.7 1 -0.01769608 -0.01696061 -0.01656615 -0.01637612 -0.01670647 1000 0.005616694 0.005267172 0.005065968 0.005178685 0.004578481 1000
193 0.58 -4.75 0.7 1 -0.01660492 -0.01644339 -0.01683778 -0.0166942 -0.01700563 1000 0.004430928 0.004375985 0.004499274 0.004774468 0.00427372 1000
194 0.6399999 4 1 0 -0.01643849 -0.01664757 -0.01688655 -0.01670724 -0.01642095 1000 0.006082206 0.006490565 0.006098251 0.005491697 0.005193284 1000
195 0.54 -4 0.7 1 -0.01660998 -0.01643914 -0.01624874 -0.01606231 -0.01656262 1000 0.004707904 0.0041602 0.004257488 0.004507187 0.003815151 1000
196 0.42 -4 0.5 1 -0.01620477 -0.01683674 -0.01678003 -0.01637394 -0.01621161 1000 0.003274925 0.003242281 0.003599281 0.003040381 0.002679678 1000
197 0.58 4 0.6 1 -0.01706293 -0.01687057 -0.01627936 -0.01615367 -0.01641516 1000 0.002354903 0.002236782 0.002060665 0.00225347 0.002041159 1000
198 0.3 -5.5 0.2 0 -0.01841486 -0.01846736 -0.01790981 -0.01653867 -0.01542526 1000 0.003482066 0.003322526 0.003737334 0.003423714 0.003226464 1000
199 0.42 4 0.3 0 -0.01817565 -0.01800453 -0.01722852 -0.01728525 -0.01655722 1000 0.005290389 0.005094509 0.004574273 0.005041966 0.00500575 1000
200 0.5000001 4 0.6 1 -0.01804112 -0.01863639 -0.01845484 -0.01824514 -0.01825299 1000 0.003642576 0.003076794 0.002308311 0.002164179 0.002055692 1000
201 0.7599998 5.5 0.7 1 -0.01729768 -0.01707812 -0.01649521 -0.01669194 -0.01676041 1000 0.001906304 0.001681973 0.001514514 0.001168469 0.001731088 1000
202 0.7399998 -5.5 0.7 0 -0.0163082 -0.01656471 -0.01631391 -0.01571788 -0.01527423 1000 0.001873085 0.001675506 0.001776223 0.001508006 0.0009135138 1000
203 0.5000001 -4.75 0.5 0 -0.01539613 -0.01548044 -0.01526417 -0.01488947 -0.01483551 1000 -0.0003448612 -0.0005809746 -0.0001023928 -9.852432E-05 -0.000459181 1000
204 0.6399999 -4 0.6 1 -0.01502142 -0.01504317 -0.01541062 -0.0159435 -0.01623754 1000 -0.0003933735 -0.0003863901 -0.0001812648 -0.0005350008 -0.0008293753 1000
205 0.6799999 -4.75 0.6 1 -0.01490096 -0.01495144 -0.01476209 -0.01476901 -0.01484578 1000 -0.001051909 -0.0006745637 -0.001177511 -0.001778729 -0.002352545 1000
206 0.6599999 -4 0.7 -1 -0.01767605 -0.01769781 -0.01752195 -0.0166089 -0.01668767 1000 -0.002861544 -0.002373591 -0.002415237 -0.002984588 -0.003094073 1000
207 0.4400001 4 0.3 0 -0.01505769 -0.01516204 -0.01482405 -0.01436251 -0.01434178 1000 -0.004726945 -0.004607731 -0.00495274 -0.004886044 -0.00447097 1000
208 0.2 4.75 0.2 0 -0.01661058 -0.01623972 -0.01618529 -0.01656596 -0.0172269 1000 -0.004332885 -0.004846084 -0.004702316 -0.005414694 -0.005249631 1000
209 0.7799998 -5.5 0.9 0 -0.01803924 -0.01802953 -0.01711153 -0.01661399 -0.01615937 1000 -0.004837769 -0.004356063 -0.004286277 -0.004835332 -0.004970321 1000
210 0.7199998 -4.75 0.7 -1 -0.01559307 -0.01679359 -0.01701584 -0.01754691 -0.01747909 1000 -0.006532412 -0.006085026 -0.006097182 -0.006020103 -0.005525707 1000
211 0.7199998 -5.5 0.7 -1 -0.01942143 -0.01807875 -0.01733718 -0.01816167 -0.01902534 1000 -0.007791418 -0.00866452 -0.008557816 -0.008934216 -0.00859298 1000
212 0.18 4 0.1 0 -0.01730561 -0.01684419 -0.01728653 -0.01754081 -0.01746723 1000 -0.007922885 -0.007786825 -0.008006074 -0.00821155 -0.008405318 1000
213 0.9199997 4 1 0 -0.01799942 -0.01758417 -0.01750383 -0.01734555 -0.0172918 1000 -0.007209053 -0.007221949 -0.007222162 -0.00752524 -0.006638608 1000
214 0.6399999 4.75 0.8 0 -0.0174372 -0.01738411 -0.01731175 -0.01687999 -0.01685132 1000 -0.003452417 -0.003393662 -0.003485694 -0.003223274 -0.002835274 1000
215 0.09999999 4 0.1 0 -0.01827345 -0.01806715 -0.01841044 -0.0187677 -0.01866097 1000 0.006257554 0.003185892 0.002461763 0.0061416 0.01191067 1000
216 0.7599998 5.5 1 0 -0.01780951 -0.01779654 -0.01793465 -0.0178399 -0.01740264 1000 0.002404745 0.001455763 0.001656461 0.002052664 0.003048557 1000
217 0.42 5.5 0.8 0 -0.01793593 -0.01838334 -0.01830974 -0.01830698 -0.01838806 1000 0.008470913 0.008585224 0.009302311 0.01002504 0.01177046 1000
218 0.4 -5.5 1 0 -0.01730305 -0.01732106 -0.01702948 -0.01634369 -0.01610628 1000 0.01162109 0.01228924 0.0124987 0.01183137 0.01133391 1000
219 0.26 -4 0.4 0 -0.01815668 -0.01754807 -0.01688905 -0.01687136 -0.01723209 1000 0.009989887 0.01022913 0.009981876 0.009807908 0.01010348 1000
220 0.22 5.5 0.1 0 -0.01857371 -0.01766755 -0.01735631 -0.01721277 -0.01728603 1000 0.009311256 0.009361279 0.009069926 0.009447651 0.01033307 1000
221 0.3 -4 0.6 -1 -0.01563509 -0.01512638 -0.0146408 -0.01445961 -0.01460604 1000 0.01058438 0.01039262 0.009525241 0.009138112 0.008824891 1000
222 0.26 4.75 0.2 0 -0.01566139 -0.01535194 -0.01546248 -0.01578476 -0.0159537 1000 0.009191248 0.009471235 0.009565786 0.009939195 0.01035078 1000
223 0.36 -5.5 0.4 0 -0.01305192 -0.01283853 -0.01325436 -0.01288114 -0.0124697 1000 0.01052553 0.0104058 0.01018596 0.01007225 0.009396462 1000
224 0.6 -4.75 0.6 -1 -0.01569381 -0.01556133 -0.01492207 -0.01384449 -0.01353181 1000 0.006217194 0.006728846 0.006984544 0.006978562 0.006114385 1000
225 0.4 4 0.5 -1 -0.01807345 -0.01676005 -0.01545886 -0.01614519 -0.01618213 1000 0.006745634 0.006691787 0.007437247 0.007450538 0.007115257 1000
226 0.4 -4 0.6 1 -0.01556326 -0.01526492 -0.01540056 -0.01471029 -0.01393301 1000 0.008821123 0.008360657 0.008124714 0.006883334 0.006403452 1000
227 0.24 -5.5 0.2 0 -0.01487377 -0.01513203 -0.01466915 -0.01442083 -0.01466651 1000 0.00456777 0.004875433 0.005180058 0.005477325 0.004457936 1000
228 0.4600001 -4.75 0.5 -1 -0.01397011 -0.01330863 -0.01398608 -0.01487284 -0.01439807 1000 0.00399522 0.003710556 0.003692289 0.00387309 0.003678384 1000
229 0.6 -4 0.7 0 -0.01478405 -0.01569625 -0.01490592 -0.01351934 -0.01329657 1000 0.002659129 0.004582 0.005596029 0.004700454 0.003895398 1000
230 0.56 -4 0.6 0 -0.01230696 -0.01229716 -0.01274584 -0.0125703 -0.01235927 1000 0.001886457 0.002354777 0.00180125 0.001681054 0.001593229 1000
231 0.6799999 4 1 0 -0.01522673 -0.01481491 -0.0144707 -0.01437783 -0.01429623 1000 0.0002740158 -0.0001872833 -0.000271575 0.0001436678 0.0002517493 1000
232 0.8799997 -5.5 0.8 0 -0.01216595 -0.01180808 -0.01152443 -0.01175554 -0.01208189 1000 0.004028917 0.004036103 0.004105955 0.003850262 0.002932121 1000
233 0.52 -5.5 0.6 0 -0.01358687 -0.01284843 -0.01277057 -0.01288484 -0.01284571 1000 0.0002806955 -6.315524E-05 0.0001016059 0.0001258693 0.0004152055 1000
234 0.6599999 -4.75 0.8 0 -0.01189636 -0.01178315 -0.01130292 -0.01134143 -0.01177321 1000 -0.000229893 -8.967811E-05 -0.000117007 -0.0002335353 -0.0003374883 1000
235 0.5000001 -5.5 0.5 0 -0.01383791 -0.01342112 -0.01280966 -0.01229267 -0.01221079 1000 -0.0003161728 -0.0003659573 -0.0006868539 -0.0008759326 -0.001077141 1000
236 0.2 -4.75 0.2 0 -0.01180983 -0.01226931 -0.01225286 -0.01191376 -0.01168565 1000 -0.001578583 -0.002010404 -0.001665603 -0.001607176 -0.001652753 1000
237 0.38 4 0.6 0 -0.01263832 -0.01309143 -0.0129057 -0.01233128 -0.0117953 1000 -0.001457475 -0.001183679 -0.0007851184 -0.0006926446 -0.001290788 1000
238 0.3 -4.75 0.4 0 -0.01424232 -0.01428307 -0.01396286 -0.0134047 -0.01327883 1000 -0.0008153876 -0.001013339 -0.0009024208 -0.001222349 -0.001926788 1000
239 0.6 -4.75 0.8 0 -0.01596051 -0.01662972 -0.0175021 -0.01691739 -0.01670548 1000 -0.005179861 -0.005603218 -0.005374931 -0.004503913 -0.004528516 1000
240 0.36 -5.5 0.5 1 -0.01638598 -0.01657384 -0.0165756 -0.01594228 -0.01542259 1000 -0.005881021 -0.005917654 -0.006156947 -0.005567368 -0.006094955 1000
241 0.6 4 0.6 0 -0.01443821 -0.01421301 -0.01399727 -0.01425812 -0.0142561 1000 -0.005044958 -0.00530173 -0.005210114 -0.005167288 -0.004628794 1000
242 0.9399996 4.75 0.9 0 -0.01590342 -0.01637969 -0.01649372 -0.01591306 -0.01591768 1000 -0.004787181 -0.004831862 -0.005107735 -0.004891125 -0.003205757 1000
243 0.7199998 4 0.5 0 -0.02475603 -0.02505246 -0.02488581 -0.0241996 -0.02275617 1000 0.003567103 0.003245659 0.003524039 0.003417935 0.003220878 1000
244 0.54 4 0.7 0 -0.02218159 -0.02166479 -0.02123985 -0.02068681 -0.02064971 1000 0.003063617 0.003217996 0.003202373 0.003214052 0.003586861 1000
245 0.54 4 0.5 0 -0.02184024 -0.02246985 -0.0230216 -0.0226635 -0.02228859 1000 0.00380311 0.003851015 0.003457089 0.003949675 0.00441395 1000
246 0.7999998 4.75 0.8 0 -0.02387375 -0.02306432 -0.02252387 -0.0220408 -0.02120655 1000 0.003581464 0.003309362 0.003074658 0.002921735 0.003293673 1000
247 0.4800001 5.5 0.8 0 -0.01599771 -0.01655352 -0.01716675 -0.01675758 -0.01612469 1000 0.00286027 0.002600107 0.002419266 0.002659313 0.002923846 1000
248 0.24 -4 0.6 1 -0.01574364 -0.01412141 -0.01302285 -0.01332423 -0.01354194 1000 0.0004202818 -3.413813E-05 0.001073441 -0.000492648 -0.00175056 1000
249 0.7399998 -4 0.9 0 -0.01440494 -0.01439285 -0.01455885 -0.01429504 -0.01420476 1000 -0.002591609 -0.002485164 -0.002145224 -0.001887408 -0.002454736 1000
250 0.56 -4 0.7 1 -0.01267769 -0.01273674 -0.01235369 -0.0119335 -0.01156141 1000 -0.002047672 -0.002003516 -0.001682076 -0.001971157 -0.002344571 1000
251 0.54 -4 0.5 0 -0.01122161 -0.01137387 -0.01162299 -0.01176992 -0.01146559 1000 -0.002663594 -0.002622021 -0.002775147 -0.002862786 -0.002958132 1000
252 0.5000001 4 0.6 1 -0.009059177 -0.008822732 -0.008787317 -0.009044741 -0.009262567 1000 -0.002965591 -0.003172427 -0.003012344 -0.002962742 -0.002988102 1000
253 0.8799997 4.75 1 0 -0.01015505 -0.009482854 -0.008752717 -0.008220905 -0.008030773 1000 -0.002420824 -0.002246007 -0.002221914 -0.002734938 -0.002294131 1000
254 0.6 -4 0.5 -1 -0.008602947 -0.008699995 -0.008766504 -0.009031388 -0.008844926 1000 -0.001102991 -0.001174596 -0.001017215 -0.001470931 -0.0009788885 1000
255 0.7799998 -4 0.7 1 -0.008066777 -0.007217561 -0.00724844 -0.007391257 -0.007185869 1000 -0.001570853 -0.001897749 -0.002104594 -0.002211178 -0.002159995 1000
256 0.9999996 5.5 0.8 0 -0.00857794 -0.008850702 -0.008877462 -0.00842448 -0.007605509 1000 -0.002548629 -0.002877148 -0.002505893 -0.002230657 -0.002080297 1000
257 0.9599996 -5.5 0.7 0 -0.009342241 -0.008282394 -0.007925328 -0.008184187 -0.008290667 1000 -0.001122975 -0.001513998 -0.001287224 -0.001129876 -0.001437372 1000
258 0.7599998 4 0.5 0 -0.007232616 -0.007613257 -0.007481096 -0.007417108 -0.007236461 1000 -0.002729977 -0.002711657 -0.002305673 -0.002060771 -0.001965503 1000
259 0.9599996 5.5 0.6 1 -0.0096292 -0.008872499 -0.008264557 -0.00787484 -0.007929106 1000 -0.003245455 -0.002900933 -0.002875589 -0.003116514 -0.00294943 1000
260 0.8999997 4.75 0.7 -1 -0.006964404 -0.007420859 -0.008011872 -0.007922748 -0.00736308 1000 -0.002425034 -0.002560173 -0.002668578 -0.002133474 -0.001486688 1000
261 0.8599997 -4.75 0.5 1 -0.01712553 -0.01670922 -0.01473819 -0.01298171 -0.01243666 1000 0.004331542 0.004584108 0.003380208 0.002162632 0.00190657 1000
262 0.9799996 5.5 0.6 1 -0.01242276 -0.01131117 -0.01104995 -0.01125861 -0.01092913 1000 0.002801625 0.002540787 0.002478949 0.002634792 0.003191244 1000
263 0.8199998 4 0.9 0 -0.01058805 -0.01013414 -0.00982553 -0.009481619 -0.009298986 1000 0.004110697 0.004287739 0.004124494 0.00417008 0.004714532 1000
264 0.7199998 -5.5 0.5 0 -0.01019214 -0.00967016 -0.009148265 -0.009628904 -0.0101149 1000 0.00554487 0.005394857 0.004650923 0.004284093 0.004125655 1000
265 0.7999998 -5.5 1 0 -0.009006301 -0.008584172 -0.008457704 -0.008593156 -0.009011617 1000 0.006039095 0.006451176 0.006356944 0.006494152 0.005779701 1000
266 0.6199999 4 0.5 1 -0.009434659 -0.009015985 -0.009393005 -0.009683405 -0.009598481 1000 0.004453358 0.003552733 0.003211601 0.003654809 0.003541251 1000
267 0.6799999 4.75 0.5 1 -0.007820446 -0.008074999 -0.008121572 -0.007757926 -0.007502999 1000 0.004081368 0.004299274 0.003727881 0.004459152 0.004446072 1000
268 1.479999 5.5 1 0 -0.006702903 -0.00665481 -0.006839359 -0.006810946 -0.006604839 1000 0.004893686 0.004922295 0.004981826 0.005270265 0.005532616 1000
269 0.12 -4.75 0.1 0 -0.005378975 -0.005754043 -0.005281659 -0.004747856 -0.00477112 1000 0.005946135 0.005566289 0.00631293 0.006228617 0.005890692 1000
270 0.5000001 -4 0.6 1 -0.005877963 -0.006069706 -0.006123035 -0.005660983 -0.004939978 1000 0.006503717 0.006286485 0.006274198 0.006221768 0.005529266 1000
271 0.8999997 5.5 0.7 -1 -0.003224334 -0.003470059 -0.003723433 -0.003515798 -0.002883318 1000 0.005560476 0.005434861 0.005461774 0.005606611 0.006367807 1000
272 0.9999996 -5.5 1 0 -0.004735865 -0.004650575 -0.004344714 -0.003825448 -0.003098729 1000 0.00850698 0.009081828 0.008918992 0.008147147 0.007718953 1000
273 1.259999 4.75 1 0 -0.005898797 -0.006434492 -0.006941193 -0.007284795 -0.007049983 1000 0.005346061 0.005133133 0.005366588 0.005515592 0.006321325 1000
