trial Response_Time velH Occlusion_Duration velH_Subject xRotations_first0 xRotations_first1 xRotations_first2 xRotations_first3 xRotations_first4 xRotations_first5 yRotations_first0 yRotations_first1 yRotations_first2 yRotations_first3 yRotations_first4 yRotations_first5
1 0.7799998 -5.5 0.9 0 -0.01431006 -0.001537675 0.006091136 0.00780923 0.006363543 1000 0.007361739 -0.009426005 -0.01530048 -0.01510328 -0.01155589 1000
2 0.7399998 4.75 0.7 0 -0.008496637 -0.008590628 -0.009549194 -0.01083824 -0.01271591 1000 -0.0213356 -0.01973168 -0.01549371 -0.007035392 0.005482273 1000
3 0.6399999 4 0.6 0 -0.0158452 -0.01560813 -0.01611965 -0.01571516 -0.01495288 1000 0.01190333 0.01133427 0.01079458 0.01162286 0.01268884 1000
4 0.7599998 -4.75 0.5 1 -0.01943451 -0.01923915 -0.01937012 -0.01961501 -0.01969633 1000 0.01280998 0.01254194 0.01205702 0.01026905 0.001831814 1000
5 0.36 5.5 0.6 -1 -0.01825088 -0.01742691 -0.01764343 -0.01682889 -0.01692586 1000 -0.02137217 -0.01531043 -0.01017157 -0.009248341 -0.01018314 1000
6 0.52 -4 0.7 -1 -0.01706912 -0.01763148 -0.01868615 -0.0183975 -0.01782667 1000 -0.01004882 -0.009623192 -0.009377336 -0.009321528 -0.009745908 1000
7 0.6599999 -4.75 0.6 0 -0.01952836 -0.01866912 -0.0172143 -0.01736114 -0.01705917 1000 -0.01198974 -0.01405086 -0.01359419 -0.01265414 -0.01288543 1000
8 0.12 -4 0.1 0 -0.01734046 -0.01672574 -0.01683589 -0.01745778 -0.01748009 1000 -0.01405944 -0.01412799 -0.01369748 -0.01383179 -0.0138848 1000
9 0.26 4.75 0.2 0 -0.01658229 -0.01639331 -0.01584147 -0.01597266 -0.01562986 1000 -0.01252861 -0.01209562 -0.01218588 -0.01197307 -0.01192674 1000
10 0.09999999 4.75 0.1 0 -0.01526292 -0.01475238 -0.01427792 -0.01454715 -0.01478884 1000 -0.01259366 -0.01247114 -0.01252347 -0.01240345 -0.01220102 1000
11 0.5000001 -4 0.7 0 -0.01613501 -0.01670936 -0.01670255 -0.01703358 -0.0166868 1000 -0.01208987 -0.01119109 -0.01142811 -0.01251807 -0.01379106 1000
12 1.399999 4 0.7 1 -0.01442243 -0.01357828 -0.01271624 -0.0121815 -0.01250947 1000 -0.01545923 -0.01550533 -0.01010376 -0.0009816106 -0.003776995 1000
13 1.12 4.75 0.9 0 -0.01174127 -0.009883193 -0.007711357 -0.006814235 -0.007175397 1000 0.02144167 0.0169278 0.0142636 0.01467666 0.01552244 1000
14 0.4800001 5.5 0.3 0 -0.01080958 -0.01092872 -0.01131807 -0.01090287 -0.01097798 1000 0.01496178 0.01461743 0.0154782 0.01552793 0.0153819 1000
15 0.6399999 -4 0.5 1 -0.01195317 -0.01205336 -0.011309 -0.01170923 -0.01153362 1000 0.01396577 0.01455773 0.01390221 0.01289457 0.01245392 1000
16 0.22 -4 0.2 0 -0.01224233 -0.01186625 -0.01247471 -0.01247182 -0.01218262 1000 0.01156124 0.01092704 0.01114628 0.0112848 0.01118827 1000
17 0.8599997 5.5 0.6 0 -0.0133613 -0.01318303 -0.01270542 -0.0125874 -0.01329604 1000 0.01038277 0.01119371 0.01121097 0.01074853 0.01143138 1000
18 1.159999 -5.5 0.6 -1 -0.01309022 -0.01315833 -0.01345836 -0.01442985 -0.01498599 1000 0.01177762 0.01200069 0.01213322 0.01133201 0.01135339 1000
19 0.6399999 -4.75 0.8 0 -0.01494758 -0.01441005 -0.01390629 -0.01390553 -0.01435261 1000 0.008918663 0.009078562 0.008957331 0.009005658 0.009495919 1000
20 0.7799998 4.75 0.5 1 -0.01601182 -0.01585457 -0.01466236 -0.01227625 -0.01144907 1000 0.0259745 0.03927277 0.02752227 0.01274194 0.008660477 1000
21 0.56 4.75 0.3 0 -0.0137857 -0.01311339 -0.01252643 -0.01233875 -0.01227171 1000 0.01386744 0.01361237 0.01263846 0.01275534 0.01300793 1000
22 1.06 -5.5 0.5 0 -0.01359462 -0.01333347 -0.01334808 -0.01344132 -0.01339082 1000 0.01475751 0.0142902 0.01386742 0.01369211 0.0132533 1000
23 1.02 4.75 0.6 0 -0.01423547 -0.01458349 -0.01369175 -0.01348017 -0.01303715 1000 0.01079922 0.0108167 0.01078107 0.01135466 0.01089545 1000
24 0.9399996 -4 0.7 0 -0.01500309 -0.01532764 -0.01546493 -0.01507678 -0.01542546 1000 0.0112413 0.01144969 0.01075599 0.01021004 0.01007625 1000
25 0.9199997 -4 0.6 1 -0.01346283 -0.01316896 -0.01371242 -0.01388191 -0.01449773 1000 0.009323853 0.009444193 0.01010254 0.01000983 0.01035374 1000
26 0.8799997 4 0.6 -1 -0.01533716 -0.01539119 -0.01529245 -0.01549684 -0.01539935 1000 0.009968325 0.01027729 0.01007418 0.01035753 0.01039699 1000
27 1.319999 5.5 0.7 1 -0.01343886 -0.01484928 -0.01568335 -0.01645399 -0.01653789 1000 0.01236187 0.01648074 0.01445002 0.01121859 0.01049788 1000
28 1.04 5.5 0.5 -1 -0.01758481 -0.01857295 -0.01947561 -0.02096102 -0.02140167 1000 0.01154455 0.01240345 0.01227339 0.01189584 0.01145272 1000
29 0.8599997 5.5 0.6 -1 -0.01784538 -0.01822867 -0.01837334 -0.0188592 -0.01882826 1000 0.01162845 0.01111582 0.01098147 0.01094815 0.01062511 1000
30 0.6199999 -4.75 0.6 0 -0.01648969 -0.0159079 -0.0163074 -0.01744166 -0.01758799 1000 0.01055448 0.01100253 0.01092065 0.01090405 0.01128088 1000
31 1.219999 4.75 0.8 0 -0.01937194 -0.01840376 -0.01898222 -0.02028288 -0.01983362 1000 0.01768981 0.01384971 0.01356755 0.01447965 0.01371221 1000
32 0.9599996 5.5 0.5 0 -0.01552445 -0.01576595 -0.01616366 -0.01622933 -0.0169212 1000 0.0114681 0.01123056 0.01161628 0.01159298 0.01132645 1000
33 0.9599996 -4.75 0.5 1 -0.01697554 -0.01663917 -0.01652024 -0.0162176 -0.01559972 1000 0.01170988 0.01210374 0.0121049 0.01178165 0.01142565 1000
34 0.8999997 4.75 0.6 0 -0.01479719 -0.01492895 -0.0148841 -0.01534567 -0.01495707 1000 0.01043834 0.01118669 0.01078322 0.0106913 0.01128196 1000
35 0.8999997 -4 0.7 1 -0.01668025 -0.01693991 -0.01628414 -0.01623151 -0.01572926 1000 0.01219921 0.01226186 0.01212446 0.01232615 0.01167484 1000
36 0.18 -4 0.3 0 -0.01413879 -0.01468696 -0.01507059 -0.01586542 -0.01709549 1000 0.01071697 0.01111623 0.01139374 0.01052103 0.01075181 1000
37 0.5000001 -5.5 0.3 0 -0.01812377 -0.01752133 -0.01703579 -0.01634076 -0.01614761 1000 0.01108807 0.01185432 0.01252791 0.01192443 0.01156268 1000
38 0.4800001 4 0.3 0 -0.01412931 -0.01457648 -0.01470197 -0.01542482 -0.01563243 1000 0.009230344 0.0104968 0.01078608 0.01098304 0.01111594 1000
39 0.6399999 -4.75 0.6 1 -0.01574277 -0.01578023 -0.01562134 -0.01524234 -0.01539467 1000 0.01214763 0.01222569 0.01230611 0.01225004 0.01254739 1000
40 0.2 -4.75 0.1 0 -0.01410217 -0.01415927 -0.01403842 -0.01436839 -0.01442175 1000 0.01001878 0.01058862 0.0112368 0.01122081 0.01120599 1000
41 0.6599999 4.75 0.7 0 -0.0149778 -0.01595723 -0.01684926 -0.0197462 -0.02168684 1000 0.01166406 0.01315174 0.0144275 0.01825631 0.02450713 1000
42 0.8999997 -4.75 0.7 0 -0.02444296 -0.0244717 -0.02478047 -0.02397805 -0.02355517 1000 0.02216015 0.02122817 0.02125279 0.02152695 0.02134098 1000
43 0.36 -5.5 0.3 0 -0.02350999 -0.0226973 -0.02268842 -0.02315379 -0.02349316 1000 0.01976327 0.01964233 0.01913809 0.019052 0.01928046 1000
44 0.7599998 4.75 0.5 1 -0.0241786 -0.02444477 -0.02488938 -0.0241922 -0.02415567 1000 0.01943737 0.01913842 0.01953952 0.01942596 0.01968786 1000
45 0.18 -5.5 0.3 0 -0.02396677 -0.02264911 -0.02204532 -0.02181972 -0.0207277 1000 0.0215558 0.02121185 0.02140395 0.02145852 0.02073814 1000
46 0.56 4.75 0.5 0 -0.02145794 -0.0211204 -0.02074734 -0.02089778 -0.02108748 1000 0.01881533 0.01836848 0.01878284 0.01925325 0.0192831 1000
47 0.14 4 0.1 0 -0.02271224 -0.02279403 -0.022186 -0.02217164 -0.02256558 1000 0.0202306 0.02054516 0.02025819 0.02036499 0.02014337 1000
48 0.6799999 -5.5 0.4 0 -0.02469987 -0.02577002 -0.02703876 -0.0271234 -0.02535518 1000 0.02407378 0.02789384 0.0303818 0.02964041 0.02609753 1000
49 1.639999 4 0.9 0 0.000187958 -0.001782096 -0.002930673 -0.003665244 -0.003824308 1000 0.003828892 -0.01267374 -0.01866945 -0.01495709 -0.006894773 1000
50 3.399997 4 0.6 -1 -0.02384404 -0.02331507 -0.02290651 -0.02244202 -0.02222179 1000 0.001863965 0.001871975 0.001369286 0.001192118 0.001371738 1000
51 1.519999 5.5 0.8 0 -0.01209315 -0.007124295 -0.007881527 -0.008165255 -0.009904119 1000 0.004585421 -0.004715904 0.0003118678 0.01035472 0.03172993 1000
52 1.519999 5.5 0.6 1 -0.01236914 -0.005187816 -0.0006060296 0.0003582737 -0.00112279 1000 0.003517503 -0.0158914 -0.02369171 -0.02250878 -0.01872541 1000
53 0.7399998 -4.75 0.6 -1 0.005830334 0.01167476 0.01224877 0.01422361 0.01578805 1000 -0.01343207 -0.01425867 -0.01690019 -0.01718808 -0.01613736 1000
54 0.7799998 5.5 0.5 0 0.008210899 0.007198635 0.009063879 0.01052674 0.01042129 1000 -0.006757352 -0.006931963 -0.007920476 -0.008596227 -0.008505451 1000
55 0.09999999 -4.75 0.1 0 0.01232581 0.01311206 0.01320022 0.01356134 0.01403872 1000 -0.0124578 -0.01236969 -0.01220551 -0.01231876 -0.01281651 1000
56 1.159999 -5.5 0.5 -1 0.01270916 0.01372432 0.01625486 0.01647065 0.01648408 1000 -0.01210306 -0.01134901 -0.01158047 -0.01211579 -0.0109829 1000
57 0.9599996 -4 0.6 0 0.01596835 0.01624087 0.01657235 0.01637033 0.01640366 1000 -0.007114728 -0.007393665 -0.007654176 -0.007775081 -0.007502155 1000
58 1.08 5.5 0.7 -1 0.01400203 0.01375104 0.01411769 0.01420026 0.01368421 1000 -0.006854388 -0.007114318 -0.006741634 -0.006673501 -0.006776897 1000
59 1.419999 -4 1 0 0.01367218 0.01395124 0.01350726 0.01324837 0.01352952 1000 -0.008550993 -0.007421455 -0.008064862 -0.008745944 -0.008362184 1000
60 0.8199998 -4.75 0.5 1 0.0136905 0.01388814 0.01400326 0.01415975 0.01424923 1000 -0.007061666 -0.007022366 -0.006263047 -0.006819546 -0.0076939 1000
61 1.479999 -4.75 0.8 0 0.01419557 0.01390929 0.01407123 0.01440657 0.01459208 1000 -0.006136733 -0.006227462 -0.005429893 -0.005118337 -0.006964029 1000
62 1.459999 4.75 0.6 1 0.01465534 0.01545669 0.0151703 0.0152085 0.01499165 1000 -0.006288694 -0.006843442 -0.006336885 -0.00609376 -0.007246154 1000
63 0.8599997 -5.5 0.3 0 0.01354887 0.01314141 0.01281913 0.01302078 0.01324003 1000 -0.003953848 -0.004549221 -0.003638783 -0.003971426 -0.00468246 1000
64 0.6599999 -4 0.4 0 0.01358587 0.01285094 0.01329284 0.01344356 0.01362146 1000 -0.006663884 -0.00621927 -0.006008729 -0.006092707 -0.006123367 1000
65 0.6399999 -5.5 0.2 0 0.01202358 0.01177471 0.01220024 0.01204259 0.01267076 1000 -0.006757131 -0.006827782 -0.007296402 -0.006639284 -0.00734954 1000
66 0.9999996 -5.5 0.5 0 0.01425093 0.01471303 0.01440731 0.01465702 0.01417235 1000 -0.006404472 -0.00506684 -0.003090338 -0.004076446 -0.00458843 1000
67 0.8799997 -5.5 0.4 0 0.01035096 0.0100697 0.009912818 0.00865089 0.007595001 1000 -0.00825183 -0.009258646 -0.00853773 -0.009426785 -0.009942921 1000
68 0.42 4 0.2 0 0.005600154 0.0053191 0.005087379 0.005609878 0.006386827 1000 -0.007997603 -0.008108134 -0.007536426 -0.007931028 -0.008797828 1000
69 0.26 4.75 0.1 0 0.002001853 -0.0008161673 -0.002889981 -0.003368421 -0.002386354 1000 -0.009683013 -0.003604885 -0.002784316 -0.006352022 -0.005907976 1000
70 0.14 4 0.1 0 -0.004766617 -0.004720015 -0.004049968 -0.003650378 -0.003308873 1000 -0.004139231 -0.003743376 -0.003392491 -0.003009634 -0.003709347 1000
71 0.16 5.5 0.1 0 -0.004026381 -0.003866803 -0.002979176 -0.003524869 -0.003262711 1000 -0.003153121 -0.002312392 -0.002685004 -0.003420563 -0.003007078 1000
72 0.9399996 -5.5 0.5 1 -0.003811503 -0.004536193 -0.003548041 -0.003103921 -0.002926398 1000 -0.003357538 -0.002969161 -0.003576185 -0.003600018 -0.004054918 1000
73 0.6399999 -4 0.5 1 -0.004624408 -0.004953011 -0.005114873 -0.005655005 -0.00627985 1000 -0.01330344 -0.01276601 -0.01243923 -0.01151205 -0.01104263 1000
74 0.6399999 4.75 0.6 1 -0.006770466 -0.006778406 -0.006703303 -0.007230543 -0.006516426 1000 -0.009794327 -0.01053435 -0.009267426 -0.00878536 -0.007292721 1000
75 0.7399998 4 0.7 0 -0.004466194 -0.004104485 -0.003896186 -0.004271556 -0.00368004 1000 -0.006180517 -0.006536187 -0.006324778 -0.005153412 -0.005568 1000
76 0.6799999 4.75 0.4 0 -0.00676819 -0.006677619 -0.006613724 -0.00671029 -0.006582503 1000 -0.008008131 -0.008081246 -0.007632528 -0.008072113 -0.008177612 1000
77 1.08 -4 0.8 0 -0.007389988 -0.007184738 -0.007241884 -0.008169625 -0.007745864 1000 -0.006850219 -0.006318443 -0.007037829 -0.007375124 -0.007238509 1000
78 0.42 -4.75 0.2 0 -0.006582481 -0.00677574 -0.006975664 -0.007490099 -0.007996403 1000 -0.008664309 -0.007798172 -0.00752229 -0.007642113 -0.007427675 1000
79 1.02 4.75 0.5 1 -0.008413686 -0.008712129 -0.008586098 -0.009810123 -0.009792951 1000 -0.008811318 -0.009263111 -0.009796008 -0.009334056 -0.00996624 1000
80 0.4400001 4.75 0.3 0 -0.00830886 -0.007496361 -0.007241018 -0.007670738 -0.009436998 1000 -0.00784984 -0.008026423 -0.007120491 -0.006959194 -0.00713454 1000
81 0.4400001 -4.75 0.6 0 -0.01252861 -0.01221096 -0.01235759 -0.01229263 -0.01187798 1000 -0.006623488 -0.007045547 -0.007010863 -0.00653576 -0.007158928 1000
82 1.279999 -4 0.7 -1 -0.01530868 -0.01473503 -0.01404817 -0.01244824 -0.01247096 1000 -0.00407755 0.005281795 0.0029125 -0.001209771 -0.0008842086 1000
83 0.54 4.75 0.4 0 -0.01459178 -0.01620279 -0.0163517 -0.01486212 -0.01483208 1000 -0.002075923 -0.00225504 -0.00232231 -0.001878145 -0.001615921 1000
84 0.58 4.75 0.3 0 -0.01277745 -0.01277552 -0.013231 -0.01315568 -0.01401667 1000 -0.001629882 -0.00108863 -0.0009491234 -0.001430582 -0.001205345 1000
85 1.279999 4 1 0 -0.01311018 -0.01339955 -0.01335608 -0.0132397 -0.01336566 1000 0.0004373887 0.0003398092 0.0007075195 0.0007624969 0.000560259 1000
86 0.3 4 0.2 0 -0.0147783 -0.01454623 -0.01365995 -0.01369089 -0.01333405 1000 -0.002840004 -0.003809327 -0.003821074 -0.002895208 -0.003344696 1000
87 0.9599996 5.5 0.7 -1 -0.01491428 -0.015128 -0.01460396 -0.01416689 -0.01424543 1000 -0.002435287 -0.002978076 -0.002655658 -0.00232667 -0.002334499 1000
88 1.06 -4 0.5 -1 -0.01601709 -0.01549502 -0.01473479 -0.01455272 -0.0144551 1000 -0.004165816 -0.00440811 -0.005479431 -0.004685949 -0.003997299 1000
89 1.1 5.5 0.6 1 -0.01599296 -0.01556822 -0.01585207 -0.01520249 -0.01513956 1000 -0.004283545 -0.00517492 -0.005592878 -0.004968046 -0.00381793 1000
90 1.08 -4 0.6 -1 -0.01262093 -0.01247033 -0.0131571 -0.01365623 -0.01447043 1000 -0.004934207 -0.004995896 -0.004221637 -0.004216493 -0.004531791 1000
91 1.559999 4.75 1 0 -0.01303684 -0.01337767 -0.01372545 -0.0136918 -0.01339324 1000 -0.005189987 -0.003668203 -0.004003789 -0.005593888 -0.005369562 1000
92 1.439999 4.75 0.7 1 -0.01722926 -0.01703252 -0.01683244 -0.01620624 -0.01644161 1000 -0.004570241 -0.004285365 -0.004064043 -0.004725222 -0.004999762 1000
93 0.8599997 4 0.5 0 -0.01219696 -0.01227953 -0.01260396 -0.01368743 -0.01384744 1000 -0.004895046 -0.00408461 -0.003559045 -0.004240444 -0.004410629 1000
94 1.639999 -4.75 0.9 0 -0.01591788 -0.01638944 -0.01645582 -0.01606571 -0.01564292 1000 -0.004084968 -0.004304076 -0.004041626 -0.003707213 -0.004622391 1000
95 1.06 -4 0.6 -1 -0.01432336 -0.01357513 -0.01349615 -0.01339986 -0.01445367 1000 -0.005247013 -0.005328461 -0.005166658 -0.005342309 -0.005190204 1000
96 0.8999997 4.75 0.4 0 -0.01649165 -0.0158168 -0.0154932 -0.01525324 -0.01506497 1000 -0.005993273 -0.006383103 -0.006008069 -0.005299692 -0.004935121 1000
97 1.299999 -4 0.9 0 -0.0155588 -0.01582397 -0.01605157 -0.01676807 -0.01728397 1000 -0.004393143 -0.003786595 -0.00317708 -0.004262181 -0.004398475 1000
98 1.12 -4 0.6 -1 -0.01530998 -0.01492296 -0.01472265 -0.01404915 -0.01455934 1000 -0.004881132 -0.004486955 -0.004475307 -0.004835802 -0.004941774 1000
99 1.439999 -4.75 0.9 0 -0.01464931 -0.01389404 -0.01378925 -0.01378569 -0.01395256 1000 -0.006323111 -0.005721806 -0.004953045 -0.005181658 -0.005797489 1000
100 0.22 -4 0.1 0 -0.02515564 -0.02489589 -0.02473722 -0.02391887 -0.02289297 1000 0.01231843 0.01099961 0.01079908 0.01026679 0.009281451 1000
101 0.9599996 -4 0.6 -1 -0.02350016 -0.02319259 -0.02257521 -0.02282041 -0.02326433 1000 0.01000143 0.01020228 0.008160925 0.008046092 0.009467534 1000
102 1.619999 -5.5 1 0 -0.02397877 -0.02405693 -0.02403803 -0.02395272 -0.02411571 1000 0.005945141 0.00705007 0.007241797 0.006704771 0.007088166 1000
103 0.54 -5.5 0.3 0 -0.02224516 -0.02307755 -0.02329724 -0.02344791 -0.02410204 1000 0.007162378 0.007293819 0.007676631 0.007076272 0.007346646 1000
104 1.199999 5.5 0.6 1 -0.02193984 -0.02158647 -0.02117619 -0.02170019 -0.02149914 1000 0.006932022 0.0074836 0.007267279 0.006680605 0.00667985 1000
105 1.159999 4.75 0.7 0 -0.0228295 -0.02264744 -0.02215159 -0.02217081 -0.02253346 1000 0.006777411 0.007618924 0.007402168 0.006896099 0.007519206 1000
106 0.22 4 0.2 0 -0.02297949 -0.02290048 -0.02200553 -0.02151437 -0.02153092 1000 0.006301872 0.007393899 0.006987552 0.006648525 0.006262083 1000
107 0.8399997 4.75 0.5 -1 -0.02372568 -0.0239333 -0.02379563 -0.02368187 -0.02347226 1000 0.006369955 0.006913696 0.007082289 0.006198069 0.00594468 1000
108 0.7399998 -5.5 0.3 0 -0.02365336 -0.02396842 -0.02375834 -0.02346237 -0.02353015 1000 0.006039898 0.006212319 0.00634117 0.006220378 0.006833974 1000
109 1.259999 -4 1 0 -0.02511975 -0.02538267 -0.02448054 -0.0241278 -0.02358403 1000 0.004686621 0.00486945 0.004422962 0.004982392 0.004702226 1000
110 0.8599997 -4 0.5 0 -0.02194371 -0.02126599 -0.02165068 -0.0221863 -0.02246623 1000 0.003192034 0.002744014 0.002848809 0.002938304 0.002963862 1000
111 0.7999998 -4 0.5 1 -0.02198797 -0.02191344 -0.02221119 -0.022044 -0.02210678 1000 0.001987141 0.002369076 0.002891952 0.002328649 0.002196948 1000
112 0.16 -5.5 0.1 0 -0.02237306 -0.0224753 -0.02304379 -0.02377022 -0.02432181 1000 0.002265836 0.001986265 0.002159398 0.002654635 0.00286329 1000
113 0.14 4 0.1 0 -0.02371707 -0.0228141 -0.02263984 -0.02328201 -0.02323393 1000 0.001115452 0.001178225 0.001099239 0.001856808 0.002077152 1000
114 0.4400001 4 0.3 0 -0.02459324 -0.02402946 -0.02412121 -0.02407165 -0.02442635 1000 0.001447236 0.00163817 0.00166286 0.0007482878 0.000725943 1000
115 0.9199997 4.75 0.2 0 -0.02197756 -0.01309042 -0.004276648 0.00224521 0.004316356 1000 -7.772274E-05 -0.0002188071 0.001022072 0.0009840839 0.0007719939 1000
116 0.7799998 -4.75 0.7 1 6.714044E-06 -0.0003266828 -0.0004784683 6.620762E-05 -0.000355812 1000 0.0005375834 0.0007354876 0.0006499746 -1.216687E-05 0.0001697331 1000
117 0.9199997 4 0.6 -1 0.0006995513 0.0005335142 0.0003460841 0.0007251474 0.0005443704 1000 0.0007196757 0.0007641751 0.0007997096 0.000967582 0.001870687 1000
118 0.9599996 -4.75 0.5 0 -0.0005971528 -0.0003091836 -0.0004701496 -0.0004075192 -0.0001711203 1000 0.001278903 0.001218577 0.00141381 0.001357388 0.0004763832 1000
119 1.14 4 0.9 0 0.0004105318 0.0002399422 0.0003691616 -0.0001897279 -0.0007110199 1000 -0.0007946342 -0.000294573 -0.0001791916 -0.0006713903 -0.0001589221 1000
120 1.359999 4 0.9 0 -0.001163691 -0.0006265175 -0.0006919872 -0.0007431596 -0.0003133136 1000 -0.0001736399 -0.0001306928 8.394906E-05 8.121769E-05 -0.001288954 1000
121 1.459999 5.5 0.7 0 -0.0009659087 0.0006969927 0.002538316 0.003452589 0.002413263 1000 -0.001194308 -0.001764263 -0.001663212 -0.001997668 -0.002021348 1000
122 1.299999 5.5 0.6 -1 -0.003317518 -0.002916332 -0.003244396 -0.003796041 -0.00364752 1000 -0.001594827 -0.00131063 -0.0009080452 -0.0008166865 -0.001241411 1000
123 0.09999999 -4.75 0.7 -1 -0.004635936 -0.00571408 -0.006512565 -0.007431437 -0.008040973 1000 -0.001832073 -0.001176408 -0.0007780776 -0.001013789 -0.00246847 1000
124 0.7399998 -4 0.2 0 -0.005282114 -0.006271265 -0.006838627 -0.007050409 -0.006773815 1000 -0.0003319935 -0.0009147231 -0.0005591758 0.0001369147 -0.0004281308 1000
125 0.9399996 4 0.8 0 -0.01197552 -0.01153207 -0.0106505 -0.01016537 -0.009791974 1000 -0.00497413 -0.003548307 -0.003816618 -0.003903554 -0.004259149 1000
126 0.6199999 -5.5 0.2 0 -0.004123616 -0.004365544 -0.004627426 -0.004604369 -0.004606674 1000 -0.00420845 -0.003962256 -0.003493764 -0.002958719 -0.002760923 1000
127 0.4400001 4 0.3 0 -0.004887854 -0.004784349 -0.003984221 -0.004411306 -0.004457636 1000 -0.00388983 -0.003286542 -0.003829727 -0.002956723 -0.003336273 1000
128 1.419999 4 1 0 -0.004282626 -0.003492149 -0.004189307 -0.004134065 -0.00368932 1000 -0.004077971 -0.0040089 -0.002734222 -0.003117282 -0.003456943 1000
129 2.039999 -4.75 1 0 -0.005655654 -0.005574446 -0.006023059 -0.005739717 -0.005837276 1000 -0.003780743 -0.003605866 -0.003180041 -0.003487202 -0.002970188 1000
130 1.159999 4 0.6 1 -0.01296087 -0.01268013 -0.0123263 -0.01320673 -0.01274614 1000 -0.00331039 -0.003400375 -0.004071691 -0.00342022 -0.00321653 1000
131 1.499999 4 0.8 0 -0.01106672 -0.01059164 -0.01079065 -0.01124035 -0.01120984 1000 -0.001288514 -0.001652252 -0.00212424 -0.001595964 -0.002156076 1000
132 1.359999 -5.5 0.5 1 -0.01340878 -0.01346339 -0.01341057 -0.01281488 -0.01224979 1000 -0.003391798 -0.004195095 -0.003317185 -0.003142254 -0.003586091 1000
133 1.219999 4 0.7 1 -0.01114197 -0.01095789 -0.01068482 -0.01020114 -0.01022875 1000 -0.004176497 -0.003973647 -0.004217348 -0.004237114 -0.004926009 1000
134 0.6 -4 0.4 0 -0.01061861 -0.01019428 -0.009942668 -0.009973299 -0.0105872 1000 -0.002742365 -0.001855216 -0.002100814 -0.002385829 -0.00217598 1000
135 0.26 4 0.2 0 -0.01039131 -0.009983617 -0.009646579 -0.009740404 -0.01011625 1000 -0.003264962 -0.002600482 -0.002894802 -0.003679663 -0.003543158 1000
136 0.2 4.75 0.2 0 -0.0107998 -0.01047794 -0.01048297 -0.01088042 -0.01032188 1000 -0.00291505 -0.002444875 -0.003036027 -0.002718539 -0.002694603 1000
137 1.519999 -4 0.6 -1 -0.01038711 -0.01005553 -0.01023774 -0.01048814 -0.01028661 1000 -0.002950427 -0.003258158 -0.002903304 -0.002751949 -0.003033542 1000
138 0.09999999 4 0.1 0 -0.01695096 -0.01587273 -0.01439912 -0.01311496 -0.01285694 1000 -0.0008973096 -0.0006070898 -0.001164925 -0.0005179003 0.001160953 1000
139 2.679998 -4.75 0.8 0 -0.0247332 -0.02510525 -0.02247803 -0.0219763 -0.02387324 1000 0.009347962 0.009982334 0.00974057 0.006152332 0.003372083 1000
140 1.539999 -4 0.5 -1 -0.01542289 -0.01554709 -0.01553462 -0.01534342 -0.0144557 1000 -0.001103669 0.003626957 0.01071844 0.01281687 0.009300846 1000
141 0.9199997 -4.75 0.5 1 -0.02305752 -0.01741613 -0.0135499 -0.01018123 -0.007157245 1000 -0.006787965 -0.006188657 -0.004504669 -0.003801823 -0.002625929 1000
142 0.9399996 4 0.7 -1 -0.006401861 -0.005772829 -0.005558455 -0.005475671 -0.005197873 1000 -0.0006371556 -8.882426E-05 -0.0001614688 -2.688312E-05 0.0001708936 1000
143 0.2 5.5 0.2 0 -0.007417085 -0.007588879 -0.007214643 -0.007268146 -0.007251262 1000 -0.0008718068 5.768743E-05 0.000165719 -8.423653E-05 -0.0003364815 1000
144 0.3 5.5 0.2 0 -0.007783833 -0.00780922 -0.007411297 -0.007609931 -0.007621292 1000 -0.002351174 -0.002203971 -0.002119626 -0.002913053 -0.003354362 1000
145 0.9799996 -4.75 0.5 -1 -0.007312743 -0.007298223 -0.007932045 -0.008392556 -0.007984632 1000 -0.0008426172 -0.001146222 -0.001115758 -0.000940518 -0.001325575 1000
146 1.14 4.75 1 0 -0.008957588 -0.009387756 -0.009351035 -0.008877313 -0.008346569 1000 -0.002193778 -0.002312187 -0.002184373 -0.002347208 -0.002334124 1000
147 0.7799998 -4 0.4 0 -0.009811327 -0.01121624 -0.01197963 -0.0116874 -0.01156426 1000 -0.004629777 -0.005092742 -0.005387623 -0.004936324 -0.004441157 1000
148 0.9999996 4.75 0.5 1 -0.01193469 -0.01198532 -0.01212878 -0.01200484 -0.01228711 1000 -0.005141493 -0.004707712 -0.004723785 -0.004946323 -0.004973908 1000
149 1.839999 -5.5 0.7 0 -0.01113958 -0.01129411 -0.01164528 -0.01141405 -0.01105339 1000 -0.004472697 -0.005070493 -0.005695985 -0.005416206 -0.00545512 1000
150 0.6599999 -4 0.3 0 -0.009813801 -0.009938673 -0.01008614 -0.01021857 -0.01024013 1000 0.01661747 0.01721113 0.01672969 0.01525079 0.01266945 1000
151 0.8599997 -4 0.5 1 -0.003304373 0.001126178 -0.001737792 -0.003010142 -0.00303966 1000 0.0107662 0.01367178 0.01521807 0.01454071 0.01208452 1000
152 0.8599997 4 0.5 1 -0.005479475 -0.004879542 -0.004846931 -0.005085054 -0.005469997 1000 0.01395985 0.01477999 0.01508747 0.01528277 0.01490704 1000
153 1.619999 4 0.7 -1 -0.006540617 -0.006679588 -0.007794164 -0.008507012 -0.009314906 1000 0.01625633 0.01604814 0.01675387 0.01660684 0.01688246 1000
154 0.6399999 -4.75 0.2 0 -0.007979332 -0.007479197 -0.006744449 -0.006335702 -0.006062747 1000 0.01258995 0.0121857 0.01218839 0.01165449 0.011188 1000
155 1.939999 5.5 0.8 0 -0.005514723 -0.005022971 -0.00521979 -0.005371329 -0.005439097 1000 0.01101386 0.01037735 0.01019073 0.01043798 0.009343393 1000
156 1.319999 -4 0.6 1 -0.002730412 -0.002519509 -0.001841623 -0.002305347 -0.002385885 1000 0.009133196 0.009369684 0.008739835 0.009579117 0.0095083 1000
157 1.459999 -5.5 0.7 1 -0.004926881 -0.004272792 -0.003485279 -0.003330371 -0.003043912 1000 0.007893605 0.008231929 0.00730272 0.007370917 0.00780387 1000
158 1.299999 -4.75 0.7 1 -0.006175342 -0.008573052 -0.01027405 -0.01223445 -0.01335859 1000 0.008745544 0.008920605 0.008148291 0.006372917 0.00623887 1000
159 0.6799999 4 0.3 0 -0.008011194 -0.008264284 -0.008749171 -0.008496956 -0.008120862 1000 0.006502246 0.007077216 0.00714034 0.007091208 0.007465531 1000
160 0.9999996 5.5 0.3 0 -0.009941776 -0.009078733 -0.009437588 -0.009959643 -0.009995149 1000 0.005382298 0.006080634 0.006123291 0.005953393 0.005529559 1000
161 1.499999 5.5 0.6 -1 -0.007832554 -0.007797531 -0.007785651 -0.007656304 -0.008720161 1000 0.005619993 0.005603588 0.00593742 0.005808323 0.006656081 1000
162 1.219999 -4 0.7 -1 -0.007013224 -0.006646293 -0.006116672 -0.006190346 -0.007281341 1000 0.005524866 0.005636468 0.00512355 0.005218997 0.005949175 1000
163 0.9199997 5.5 0.5 1 -0.008302623 -0.008047525 -0.007723341 -0.006973898 -0.006263237 1000 0.006282361 0.005938777 0.005826597 0.006471182 0.004146578 1000
164 1.179999 4 0.8 0 -0.007084424 -0.006842639 -0.006856847 -0.006752825 -0.007075533 1000 0.004131644 0.005237974 0.006397127 0.006130397 0.005436506 1000
165 0.18 -4 0.1 0 -0.008735272 -0.008205689 -0.008120451 -0.007993897 -0.00815939 1000 0.006933281 0.007180617 0.007038043 0.006801876 0.006213852 1000
166 0.12 4.75 0.1 0 -0.006410739 -0.007243869 -0.007422704 -0.007307608 -0.007515906 1000 0.006485647 0.006513229 0.006194524 0.006457421 0.00694171 1000
167 1.899999 -5.5 1 0 -0.007531351 -0.007427796 -0.007853913 -0.007477302 -0.007705581 1000 0.005880982 0.005471521 0.006261956 0.005832852 0.005506189 1000
168 1.599999 -4 0.7 -1 -0.004989261 -0.004940961 -0.005213025 -0.005520693 -0.005128246 1000 0.006600559 0.006128191 0.006037496 0.006455386 0.00614648 1000
169 1.12 4 0.7 1 -0.005642608 -0.005293192 -0.00552898 -0.005596868 -0.004970373 1000 0.00482865 0.004878135 0.004051423 0.00397989 0.00407673 1000
170 0.32 4.75 0.2 0 -0.00510563 -0.005422159 -0.00488891 -0.005508289 -0.005858231 1000 0.006095347 0.006804438 0.006373063 0.005538675 0.005468322 1000
171 1.02 5.5 0.6 0 -0.005508606 -0.005117564 -0.004954178 -0.005049558 -0.00539821 1000 0.005308321 0.003093815 0.003081271 0.004659726 0.004726673 1000
172 0.9799996 -5.5 0.6 0 -0.006789648 -0.006370446 -0.006194656 -0.005700907 -0.005452667 1000 0.002474344 0.003018935 0.00314261 0.002761057 0.002299408 1000
173 1.759999 4 1 0 -0.005261487 -0.005694609 -0.005379126 -0.005482987 -0.00620797 1000 0.002024728 0.001846 0.001975644 0.002231372 0.003354301 1000
174 1.339999 5.5 0.5 -1 -0.004239696 -0.004510966 -0.005169195 -0.006144901 -0.005743785 1000 -0.0005133445 -4.47633E-05 0.0001045774 0.0008649291 0.001797314 1000
175 1.419999 5.5 0.6 1 -0.008047132 -0.008545803 -0.009215897 -0.009103485 -0.008654396 1000 -0.001430331 -0.001712189 -0.001754385 -0.002391345 -0.002607299 1000
176 1.179999 -5.5 0.8 0 -0.005077089 -0.004660479 -0.005183061 -0.00576246 -0.005879652 1000 0.0009020334 0.00149621 0.001379908 0.001708378 0.001559938 1000
177 1.419999 -4.75 0.8 0 -0.01219865 -0.01167596 -0.01427356 -0.01914738 -0.02009558 1000 0.002463475 0.001806163 0.004107203 0.006436913 0.007118311 1000
178 1.06 4.75 0.6 -1 -0.013679 -0.01325666 -0.01258195 -0.0125722 -0.01302355 1000 0.003040653 0.003426209 0.002910505 0.002281529 0.002740951 1000
179 0.6599999 5.5 0.3 0 -0.01145877 -0.0115717 -0.01221535 -0.01219127 -0.01225363 1000 0.0009342016 0.0006025298 0.0002214422 0.0004210792 0.0008558017 1000
180 1.579999 -4 0.8 0 -0.01229511 -0.01326199 -0.01561176 -0.01756755 -0.0176731 1000 -0.001763961 -0.0004315466 0.0008030534 -3.383775E-05 -0.001060835 1000
181 1.12 -4.75 0.5 1 -0.01242732 -0.0119727 -0.01157469 -0.01156301 -0.01167437 1000 -0.002120581 -0.002211033 -0.002549435 -0.001891974 -0.001827974 1000
182 0.8599997 -4 0.5 0 -0.01255845 -0.01230192 -0.01201072 -0.01165321 -0.01179058 1000 -0.001337378 -0.001215836 -0.001302112 -0.001893127 -0.001412279 1000
183 1.06 4 0.4 0 -0.01303849 -0.01315898 -0.01289963 -0.01369212 -0.01359063 1000 -0.002083571 -0.001251846 -0.00186286 -0.002339023 -0.001949909 1000
184 1.819999 -5.5 0.7 0 -0.01292685 -0.01252628 -0.01206914 -0.01190315 -0.01166293 1000 -0.006407192 -0.006255512 -0.006437511 -0.005920311 -0.005990505 1000
185 1.679999 4 0.8 0 -0.01109978 -0.01074096 -0.01038626 -0.01102619 -0.01104742 1000 -0.005708286 -0.004958476 -0.005329678 -0.005094038 -0.005206536 1000
186 1.299999 4 0.5 1 -0.01279017 -0.01259483 -0.012344 -0.01312337 -0.01308655 1000 -0.003022943 -0.00233788 -0.002855128 -0.002953573 -0.002324133 1000
187 1.699999 5.5 0.8 0 -0.01296879 -0.01266698 -0.01314467 -0.01373374 -0.01374633 1000 -0.004163121 -0.003486558 -0.003362394 -0.003129043 -0.002878938 1000
188 1.1 -4.75 0.4 0 -0.01391841 -0.01342227 -0.01320186 -0.01312322 -0.01257118 1000 -0.00291787 -0.003010402 -0.003488778 -0.002918043 -0.003384733 1000
189 1.259999 -4.75 0.6 1 -0.01236718 -0.01215403 -0.01200396 -0.01203421 -0.01199821 1000 -0.003825948 -0.003915587 -0.004429034 -0.003602654 -0.003962849 1000
190 0.7999998 -5.5 0.4 0 -0.01545587 -0.01550011 -0.01595688 -0.01595665 -0.01605075 1000 -0.01011549 -0.009444245 -0.00840653 -0.007224571 -0.006543961 1000
191 0.6599999 4 0.5 -1 -0.01844015 -0.01874838 -0.01841575 -0.01812333 -0.01759144 1000 -0.004267824 -0.004099898 -0.003598913 -0.003334042 -0.003440708 1000
192 0.6999999 4 0.6 -1 -0.01827758 -0.01793664 -0.01750722 -0.01741114 -0.01765224 1000 -0.005159855 -0.005176611 -0.005138154 -0.005626926 -0.005696071 1000
193 1.459999 5.5 1 0 -0.01764178 -0.01771991 -0.0175304 -0.01738405 -0.01812704 1000 -0.006258375 -0.006200514 -0.005969864 -0.007002594 -0.007253694 1000
194 1.639999 -4.75 0.9 0 -0.01753087 -0.01815875 -0.01819025 -0.01802362 -0.01845212 1000 -0.009446526 -0.009336966 -0.009036141 -0.008836206 -0.008594913 1000
195 1.399999 -5.5 0.6 0 -0.02037112 -0.01978222 -0.02085129 -0.02126723 -0.02120732 1000 -0.008639439 -0.008771257 -0.008968097 -0.009122856 -0.009687171 1000
196 1.999999 -4 1 0 -0.01816525 -0.01808444 -0.01840674 -0.01828106 -0.01807892 1000 -0.008777953 -0.008852367 -0.009209452 -0.008735387 -0.008284378 1000
197 1.419999 4.75 0.7 -1 -0.01713611 -0.0175312 -0.01788419 -0.01719715 -0.01712962 1000 -0.007219385 -0.007499326 -0.006366453 -0.006712986 -0.006670215 1000
198 2.659998 -5.5 1 0 -0.01760386 -0.01626078 -0.0164501 -0.01664983 -0.01630755 1000 -0.00737327 -0.007912576 -0.00724377 -0.007032818 -0.007780342 1000
199 1.439999 4 0.6 0 -0.01582726 -0.01593491 -0.01583496 -0.0154079 -0.01496275 1000 -0.006692931 -0.006422094 -0.005651078 -0.005643222 -0.006021877 1000
200 0.5000001 -5.5 0.2 0 0.01235735 0.01253835 0.01058315 0.01006215 0.01134886 1000 0.003667333 0.003849681 0.004686336 0.004749044 0.002931699 1000
201 0.8399997 -4 0.5 -1 0.00806384 0.008639114 0.009647229 0.01010139 0.01009549 1000 0.004006191 0.004586215 0.004601643 0.00437807 0.005254721 1000
202 1.479999 5.5 0.8 0 0.009424539 0.00975998 0.0100814 0.00995477 0.01066542 1000 0.003932747 0.00453019 0.004012636 0.004134223 0.004633475 1000
203 0.14 5.5 0.1 0 0.01161337 0.0109416 0.01104626 0.01122883 0.0112707 1000 0.002985739 0.003479388 0.003047327 0.003172829 0.003353247 1000
204 1.619999 4.75 1 0 0.01326009 0.0134807 0.01306885 0.01291838 0.01262384 1000 0.001580563 0.001084138 0.0010545 0.001367272 0.0006523815 1000
205 1.519999 5.5 1 0 0.01007235 0.009422092 0.009765961 0.009698671 0.01009402 1000 -0.003440924 -0.003173444 -0.001926446 -0.001055669 -0.001618294 1000
206 2.079999 -5.5 1 0 0.01302544 0.01358526 0.01365818 0.01396424 0.01407393 1000 -0.003136708 -0.00304002 -0.002682715 -0.0030483 -0.003536136 1000
207 1.239999 5.5 0.6 0 0.0119647 0.01288545 0.01300003 0.01335259 0.01348077 1000 -0.005085013 -0.004895696 -0.004307678 -0.004379901 -0.004650229 1000
208 1.599999 4.75 0.5 1 0.01378051 0.01336448 0.01370897 0.01378303 0.0136371 1000 -0.004937095 -0.004184762 -0.004619681 -0.005287358 -0.004848036 1000
209 2.219999 4 1 0 0.01358009 0.01391563 0.01420761 0.01480159 0.01505805 1000 -0.005615604 -0.005104014 -0.005914435 -0.007060938 -0.007199086 1000
210 2.419998 -4.75 0.8 0 0.01185967 0.01107582 0.01122768 0.01134623 0.01157766 1000 -0.007629944 -0.007096883 -0.006706912 -0.006994653 -0.007000369 1000
211 1.319999 4.75 0.6 -1 0.01193893 0.0118714 0.01215788 0.01224415 0.01179025 1000 -0.008050663 -0.007507502 -0.007299868 -0.007731922 -0.007479016 1000
212 0.24 4 0.2 0 0.009861989 0.010593 0.01089611 0.0107358 0.01081383 1000 -0.006749202 -0.004337371 -0.005015966 -0.00596479 -0.00611304 1000
213 1.739999 -5.5 0.6 1 0.01041226 0.01077516 0.01129 0.01144295 0.01147202 1000 -0.007218829 -0.007250534 -0.008335218 -0.008557267 -0.0088407 1000
214 0.09999999 4.75 0.5 -1 0.01097743 0.0107151 0.01226227 0.012429 0.01254771 1000 -0.008907794 -0.008211917 -0.007542588 -0.006378332 -0.005725866 1000
215 1.299999 5.5 0.7 1 0.01067527 0.009833084 0.01001929 0.009600201 0.009733881 1000 -0.00807652 -0.007861382 -0.00771869 -0.00848786 -0.008851265 1000
216 0.8399997 -4 0.6 0 -0.002162429 -0.00480408 -0.006927107 -0.009020667 -0.007065558 1000 -0.006517334 -0.00252073 -0.001826793 -0.005720531 -0.008818542 1000
217 1.939999 -4.75 0.9 0 0.006362848 0.007695642 0.007722622 0.006952864 0.007207533 1000 -0.006426005 -0.005948685 -0.005053657 -0.003451333 -0.002505496 1000
218 1.719999 4.75 0.6 0 0.005367563 0.005944761 0.006348708 0.006383482 0.006816978 1000 -0.001663793 -0.001773437 -0.001428219 -0.001128681 -0.001459708 1000
219 1.02 4.75 0.4 0 0.001400283 0.00199349 0.002396816 0.002117294 0.002671711 1000 -0.001937022 -0.002326113 -0.002438009 -0.002852788 -0.002565172 1000
220 1.12 -4.75 0.6 -1 0.003501151 0.003877863 0.003488341 0.002762866 0.002603383 1000 -0.001454619 -0.001746307 -0.001866116 -0.001490301 -0.0005912784 1000
221 1.379999 -5.5 0.7 0 0.004167671 0.004103974 0.003864291 0.003609462 0.003862191 1000 -0.004476649 -0.004612158 -0.004148349 -0.004699763 -0.004651555 1000
222 0.8799997 -4.75 0.6 1 0.001878647 0.002479811 0.003419753 0.004072146 0.004119418 1000 -0.002871648 -0.00342188 -0.003773377 -0.004443798 -0.00426258 1000
223 0.8199998 4.75 0.5 0 0.005063036 0.005413198 0.005313621 0.004772301 0.005089652 1000 -0.004263562 -0.003889702 -0.004877077 -0.004328032 -0.004150077 1000
224 0.4400001 -5.5 0.2 0 0.002313696 0.002790577 0.002995666 0.003270101 0.003622768 1000 -0.003704043 -0.004305454 -0.004988821 -0.004600045 -0.004781167 1000
225 1.659999 -4.75 0.7 1 0.003996056 0.00404652 0.004462413 0.004399431 0.004377358 1000 -0.00491137 -0.004553136 -0.004493503 -0.004307001 -0.004624838 1000
226 0.52 -5.5 0.2 0 0.0009630835 0.001230328 0.001357558 0.001378934 0.001569752 1000 -0.007269032 -0.007558082 -0.007364692 -0.006335587 -0.006267641 1000
227 0.28 4 0.2 0 0.001058667 0.0007184659 0.0005060779 -0.0002380432 -0.0005534272 1000 -0.008014167 -0.008247183 -0.008610032 -0.00873981 -0.008903634 1000
228 2.039999 5.5 0.9 0 -0.000751991 -0.0005789698 -1.094752E-05 0.0001487063 0.0002069455 1000 -0.008821189 -0.00922848 -0.009315358 -0.008986897 -0.00920184 1000
229 0.9799996 5.5 0.7 0 -4.292921E-05 -0.0003089532 -0.0001339121 -0.0002170778 -5.621027E-06 1000 -0.008049995 -0.007443428 -0.007178569 -0.00693137 -0.007132346 1000
230 2.059999 -4 1 0 0.003033796 0.003151992 0.002513658 0.00257937 0.002519183 1000 -0.008556132 -0.007903572 -0.008159888 -0.008413044 -0.008414805 1000
231 2.059999 -4.75 0.9 0 0.0007960217 0.0007811065 0.0004573925 0.001058809 0.001131724 1000 -0.01107304 -0.0103155 -0.01010015 -0.009744213 -0.00911078 1000
232 0.8799997 -4 0.4 0 0.001003871 0.0007366625 0.0006712502 0.0005794002 0.0005756195 1000 -0.008913397 -0.009388914 -0.009575759 -0.009779152 -0.009361488 1000
233 1.479999 -4 0.5 0 -8.642016E-05 0.000119879 0.0002265143 0.0002510647 0.0005189952 1000 -0.009852681 -0.01038746 -0.01020127 -0.009986711 -0.01029444 1000
234 1.519999 -4.75 0.5 -1 0.0003489676 0.0001882827 -0.0002895569 -0.0008136118 -0.0006111835 1000 -0.011595 -0.01048253 -0.01007729 -0.01025235 -0.01002143 1000
235 2.079999 -4 0.8 0 -0.002369893 -0.001936005 -0.001864184 -0.001657321 -0.001952302 1000 -0.008292362 -0.007861796 -0.00764649 -0.007593868 -0.007968487 1000
236 1.459999 4 0.7 -1 -0.0008069233 -0.0006257412 -0.000926708 -0.001040915 -0.001337901 1000 -0.01041862 -0.01035988 -0.009606871 -0.009773402 -0.009887231 1000
237 1.439999 4.75 0.6 -1 -0.002000146 -0.001458342 -0.001301833 -0.001704452 -0.001683159 1000 -0.01043396 -0.01072365 -0.01088201 -0.01059096 -0.01061759 1000
238 2.379998 4.75 1 0 -0.002784949 -0.002724134 -0.002565238 -0.003010137 -0.00273933 1000 -0.01082857 -0.01066126 -0.01030977 -0.01057079 -0.01095765 1000
239 0.9599996 4 0.4 0 -0.004545659 -0.003472564 -0.003191878 -0.003014237 -0.002774762 1000 -0.008696047 -0.009205635 -0.009376499 -0.01006048 -0.01081477 1000
240 2.379998 -4 0.9 0 -0.003022043 -0.003030442 -0.002949823 -0.003614296 -0.003370973 1000 -0.01112059 -0.01067945 -0.01172314 -0.01161053 -0.01111258 1000
241 1.419999 -4 0.5 -1 -0.002993158 -0.003126796 -0.002696966 -0.002739218 -0.002997173 1000 -0.01263218 -0.01184525 -0.01177808 -0.01192956 -0.01155773 1000
242 1.279999 -4.75 0.4 0 -0.003180087 -0.003027191 -0.002611689 -0.002716479 -0.002562491 1000 -0.01244399 -0.01260954 -0.01327415 -0.01360634 -0.01284901 1000
243 1.739999 5.5 0.8 0 -0.002815788 -0.002463919 -0.00205342 -0.00198266 -0.001708483 1000 -0.01238032 -0.01213965 -0.01278924 -0.0127574 -0.01173996 1000
244 0.56 5.5 0.2 0 -0.001581041 -0.001943681 -0.001876222 -0.001869135 -0.001483748 1000 -0.01350012 -0.01230614 -0.01245727 -0.01216475 -0.01228806 1000
245 0.6 4.75 0.3 0 -0.00269443 -0.001933174 -0.0009531287 -0.0009699337 -0.0009593279 1000 -0.0126328 -0.01318399 -0.01349233 -0.01305089 -0.01302993 1000
246 1.579999 -4.75 0.7 1 -0.001966039 -0.00125224 -0.001198037 -0.001137558 -0.001294927 1000 -0.01251377 -0.01220396 -0.01199273 -0.0123374 -0.01240334 1000
247 1.439999 4.75 0.8 0 -0.003882713 -0.005211384 -0.005060243 -0.006023822 -0.005983694 1000 -0.0102676 -0.009766405 -0.009408132 -0.01012702 -0.009922873 1000
248 1.219999 5.5 0.7 1 0.01464622 0.02140665 0.02431759 0.02246999 0.01760162 1000 0.03341429 0.03881706 0.03914994 0.03602752 0.0334148 1000
249 1.1 4.75 0.7 1 -0.01162043 -0.0114365 -0.01192986 -0.01176933 -0.01201328 1000 -0.003922662 -0.003940814 -0.004617847 -0.004717903 -0.004751389 1000
250 0.7799998 4 0.7 -1 0.00912012 0.008698705 0.007680303 0.007724565 0.007814284 1000 0.01255328 0.01270169 0.01259985 0.01221774 0.01213329 1000
251 0.6799999 4.75 0.5 0 0.005054263 0.004782763 0.004322876 0.004235819 0.003931988 1000 0.009864759 0.01034792 0.009424922 0.00902815 0.008960695 1000
252 1.559999 5.5 0.7 1 0.001845528 0.001656802 0.001996687 0.003227697 0.003384023 1000 0.004299509 0.004037668 0.004110836 0.003984449 0.004757128 1000
253 0.9799996 4 0.6 1 0.003406577 0.003135347 0.003129471 0.00323713 0.00346554 1000 0.005070348 0.005787764 0.005847482 0.005435864 0.005620024 1000
254 1.779999 -4.75 0.6 -1 0.00275302 0.002651571 0.002537951 0.002147662 0.002766947 1000 0.003822407 0.004533813 0.002868137 0.00184477 0.001522697 1000
255 1.1 4.75 0.5 -1 0.004312364 0.004545469 0.004904948 0.004678127 0.00458804 1000 0.002386068 0.002160786 0.002438444 0.002902097 0.003301794 1000
256 0.7599998 -4.75 0.3 0 0.003766339 0.004521357 0.004636623 0.004844124 0.004829681 1000 -0.0003402104 -0.0004991679 3.888571E-05 -0.0001818635 -0.0002912537 1000
257 1.459999 -4.75 0.6 -1 0.005532094 0.005191914 0.005519426 0.004371406 0.003925411 1000 -0.000871984 -0.001213684 -0.001650514 -0.001395461 -0.001688444 1000
258 2.279999 5.5 0.8 0 0.006623564 0.007534547 0.007152607 0.007033036 0.008097835 1000 -0.001667162 0.0001491013 -0.001337771 -0.001844405 -0.002427622 1000
259 1.539999 5.5 0.5 0 0.006281323 0.00729352 0.00618041 0.006257908 0.006171595 1000 -0.003917663 -0.003080687 -0.002957402 -0.003386677 -0.003801499 1000
260 1.639999 -5.5 0.7 1 0.005093459 0.005663244 0.006214668 0.006454759 0.007181396 1000 -0.002881664 -0.002752891 -0.002885658 -0.003281007 -0.002358604 1000
261 2.319999 -4 1 0 0.005967339 0.005420197 0.004266236 0.004133012 0.003684237 1000 -0.001288481 -0.001913812 -0.001741223 -0.001312041 -0.001140545 1000
262 1.619999 -5.5 0.5 0 0.005084353 0.004604494 0.004744342 0.00444353 0.004422687 1000 -0.003703993 -0.002776463 -0.002765682 -0.002065413 -0.002368924 1000
263 1.559999 4.75 0.7 -1 0.005222425 0.00568948 0.005328679 0.00578275 0.005901076 1000 -0.004116631 -0.004110138 -0.004721236 -0.004148996 -0.00370469 1000
264 1.159999 -4 0.6 -1 0.005180697 0.005966371 0.006858919 0.00794243 0.007801736 1000 -0.006905802 -0.006650806 -0.005769082 -0.005595864 -0.005345938 1000
265 1.359999 4 0.7 0 0.006734602 0.007086292 0.00776746 0.007811006 0.007665021 1000 -0.005343035 -0.004654966 -0.004709528 -0.004326005 -0.004483719 1000
266 1.159999 4.75 0.6 -1 -0.01258007 -0.005310917 0.00693824 0.01830623 0.0275683 1000 0.007427299 0.004585163 0.004607616 0.002939775 0.00124111 1000
267 0.9799996 -4 0.7 1 0.01378495 0.0146355 0.01129561 0.0104262 0.009637646 1000 0.01042223 0.01165162 0.01113836 0.01095846 0.01065633 1000
268 1.379999 -4.75 0.7 -1 0.01880015 0.01869466 0.01963051 0.01946826 0.01860456 1000 0.01166622 0.01094919 0.01088332 0.01115697 0.01137044 1000
269 1.259999 -4.75 0.5 1 0.01618234 0.01643612 0.01636019 0.01509177 0.01344698 1000 0.0107171 0.01077451 0.01202159 0.01243445 0.01261025 1000
270 0.9199997 5.5 0.4 0 0.01790649 0.0189923 0.01956637 0.01968367 0.01932609 1000 0.00910592 0.009296275 0.009648775 0.009685325 0.01002813 1000
271 1.339999 4.75 0.7 -1 0.01936565 0.01989636 0.01975987 0.01987529 0.01969689 1000 0.007590936 0.007830981 0.008063341 0.00830249 0.008160987 1000
272 1.219999 5.5 0.8 0 0.02409717 0.02619946 0.02600285 0.02591623 0.02513165 1000 0.007091663 0.007164103 0.006951833 0.007882048 0.007883972 1000
273 1.06 -4.75 0.7 1 0.01378108 0.0134573 0.01382452 0.01414704 0.01399866 1000 0.007697382 0.007516534 0.007912469 0.007758618 0.008339674 1000
