trial Response_Time velH Occlusion_Duration velH_Subject xRotations_first0 xRotations_first1 xRotations_first2 xRotations_first3 xRotations_first4 xRotations_first5 yRotations_first0 yRotations_first1 yRotations_first2 yRotations_first3 yRotations_first4 yRotations_first5
1 0.56 -5.5 0.8 0 -0.01424145 -0.01306259 -0.0129724 -0.01196047 -0.01094013 1000 -0.008887846 -0.01173271 -0.01625951 -0.01882828 -0.01961612 1000
2 0.4400001 4 0.4 0 -0.008738226 -0.009565226 -0.009824792 -0.01054491 -0.009279272 1000 -0.01929285 0.0006104269 0.01662 0.01728051 0.0134983 1000
3 0.4600001 -4 0.4 0 -0.006977473 -0.006416959 -0.006095604 -0.005928072 -0.005732258 1000 0.006766527 0.006610365 0.005623491 0.005037454 0.005010895 1000
4 0.4800001 -4 0.6 1 -0.005000171 -0.004841038 -0.004896675 -0.004469102 -0.004298678 1000 0.004273803 0.003990382 0.003777186 0.004009858 0.003665877 1000
5 0.4600001 -4 0.2 0 -0.004213467 -0.004544112 -0.004290019 -0.004349098 -0.004536113 1000 0.003981261 0.003416412 0.002941908 0.002751966 0.002583961 1000
6 0.7199998 -5.5 1 0 -0.003560405 -0.003046717 -0.003123536 -0.003265128 -0.003097678 1000 0.002330383 0.002615167 0.002654423 0.002536571 0.002206263 1000
7 0.7199998 5.5 0.7 0 -0.002886908 -0.002701844 -0.00220606 -0.002268201 -0.002301537 1000 0.001958889 0.001984544 0.002047837 0.001661494 0.001082164 1000
8 0.12 -4 0.1 0 -0.002317409 -0.002349463 -0.002262814 -0.002075952 -0.002062056 1000 -0.0003131636 -9.250349E-05 -0.0003811868 -0.0006695274 -0.001034454 1000
9 0.36 5.5 0.3 0 -0.001598821 -0.001740279 -0.001166389 -0.0008561362 -0.0009025697 1000 -0.0004328844 -7.787751E-05 -0.0002682371 -0.0002725247 -0.0007286496 1000
10 0.3 -4.75 0.3 0 -0.0009903496 -0.001120579 -0.0009798325 -0.0007594923 -0.0006184824 1000 -7.508526E-05 -0.0004861186 -0.000562459 -0.0003169242 -0.0004639803 1000
11 0.6599999 -5.5 0.7 -1 -0.001767769 -0.001470258 -0.001474953 -0.001461013 -0.001127421 1000 -0.0005907497 -0.0008710264 -0.00137347 -0.001109166 -0.0008587317 1000
12 0.34 -4 0.5 1 -0.001124249 -0.0009493972 -0.0007057246 -0.00102983 -0.0007920167 1000 -0.0009973993 -0.001058572 -0.0009322312 -0.00114858 -0.001060095 1000
13 0.4600001 5.5 0.5 0 -0.001216932 -0.001213268 -0.001093604 -0.001143291 -0.001422252 1000 -0.0003647195 -0.0008283112 -0.001011307 -0.001150992 -0.001532294 1000
14 0.4800001 5.5 0.7 -1 -0.0009672961 -0.001038563 -0.0007660647 -0.0005611978 -0.0005370675 1000 -0.002383833 -0.002114405 -0.001707814 -0.001393173 -0.001644908 1000
15 0.36 4.75 0.6 1 -0.001067181 -0.00108274 -0.0009625048 -0.0008593146 -0.001156592 1000 -0.001537684 -0.001751071 -0.001573874 -0.001246904 -0.002017479 1000
16 0.56 4.75 0.7 0 -0.001470946 -0.001714222 -0.001598295 -0.001014166 -0.0006615463 1000 -0.001822898 -0.001930362 -0.001941073 -0.001970958 -0.00227303 1000
17 0.6 5.5 0.6 0 -0.0009589625 -0.0007417754 -0.0006094421 -0.0009892801 -0.0007320115 1000 -0.00239944 -0.002181986 -0.00221199 -0.002340694 -0.002343335 1000
18 0.6399999 -4.75 0.7 1 -0.00165821 -0.001563296 -0.001612645 -0.001124728 -0.001147504 1000 -0.003181528 -0.003496088 -0.003655757 -0.003689613 -0.003944531 1000
19 0.18 4.75 0.1 0 -3.381384E-05 1.82327E-06 -0.000121194 -0.0001901652 0.0001351568 1000 -0.003279301 -0.003521207 -0.003565685 -0.003339881 -0.003205613 1000
20 0.7399998 -4.75 0.8 0 0.0002902646 -6.658867E-05 3.32447E-05 -0.0003762656 -0.0005797697 1000 -0.003505359 -0.003641497 -0.003519546 -0.00362864 -0.004130029 1000
21 0.9399996 -5.5 1 0 1.833793E-05 -0.0001235806 0.0001344053 0.0003070291 0.0001869484 1000 -0.003178057 -0.003252842 -0.003259901 -0.003304354 -0.003678303 1000
22 0.28 4.75 0.3 0 0.0004965664 0.0003594407 -1.038472E-05 -0.0001906077 0.0002043631 1000 -0.00441851 -0.005387134 -0.005996125 -0.005984624 -0.006145126 1000
23 0.28 4.75 0.2 0 0.001129514 0.001513981 0.001555911 0.001510589 0.001642123 1000 -0.006889971 -0.007010742 -0.006798943 -0.006725382 -0.00706539 1000
24 0.42 5.5 0.7 1 0.002652152 0.002804439 0.00265194 0.002362375 0.002490075 1000 -0.007106356 -0.00642862 -0.006093591 -0.006376702 -0.006834843 1000
25 0.7999998 -5.5 1 0 0.001835377 0.001897643 0.002160214 0.002276922 0.002453469 1000 -0.008325653 -0.008461967 -0.008696043 -0.008377386 -0.008300346 1000
26 0.5000001 4.75 0.5 0 0.003655995 0.003946883 0.003899282 0.004025079 0.004175159 1000 -0.008671346 -0.00886845 -0.009361596 -0.00911755 -0.009374319 1000
27 0.52 4.75 0.6 1 0.003253637 0.003075644 0.003171677 0.003500203 0.003448708 1000 -0.008628314 -0.009008133 -0.00932657 -0.009312551 -0.009621212 1000
28 0.6 5.5 0.8 0 0.003891956 0.004332638 0.004182985 0.003970449 0.004122268 1000 -0.009593518 -0.00991969 -0.009829544 -0.009739882 -0.01003913 1000
29 0.6599999 -4.75 0.7 0 0.003860674 0.003693973 0.003827353 0.00376503 0.003411373 1000 -0.009266348 -0.009421379 -0.009295754 -0.009232852 -0.009994594 1000
30 0.7199998 4.75 0.7 0 0.003685011 0.003507183 0.003963156 0.003944612 0.003744967 1000 -0.0100996 -0.01019132 -0.01014428 -0.01015833 -0.01027853 1000
31 0.6799999 -4.75 0.8 0 0.003902565 0.003848265 0.00400239 0.004049226 0.003973084 1000 -0.009985697 -0.01011839 -0.009896849 -0.009475992 -0.01017958 1000
32 0.58 5.5 0.4 0 0.003148972 0.003507341 0.003476751 0.003713144 0.003791598 1000 -0.01173707 -0.01277789 -0.01236836 -0.01206014 -0.01244056 1000
33 0.56 4.75 0.5 0 0.004281296 0.004456195 0.004200841 0.004138196 0.004122939 1000 -0.01076384 -0.01071633 -0.01104829 -0.0111081 -0.01106568 1000
34 0.4800001 -5.5 0.6 1 0.003308421 0.003742072 0.004115678 0.00441383 0.004344725 1000 -0.0127043 -0.01282059 -0.01227494 -0.01208009 -0.01238303 1000
35 0.58 4.75 0.6 1 0.004805621 0.005191378 0.005102163 0.005173302 0.005397767 1000 -0.01136313 -0.01117712 -0.01142741 -0.01164453 -0.01165646 1000
36 0.6399999 -5.5 0.5 0 0.003604505 0.003885487 0.003958554 0.003877313 0.004095413 1000 -0.01208062 -0.01239618 -0.01236925 -0.01228961 -0.01245068 1000
37 0.6399999 -4 0.7 1 0.004723188 0.004668342 0.004625007 0.004852902 0.004983034 1000 -0.01222688 -0.01247386 -0.01235239 -0.01196825 -0.012518 1000
38 0.22 -5.5 0.1 0 0.004326487 0.00449642 0.004347683 0.003909219 0.004347976 1000 -0.0123575 -0.01218793 -0.01244213 -0.01288453 -0.01290939 1000
39 0.8599997 -4.75 0.7 -1 0.004721444 0.005026608 0.005210608 0.005305701 0.005403808 1000 -0.01381049 -0.01389792 -0.01381244 -0.01347987 -0.0135484 1000
40 0.54 4 0.5 -1 0.005416315 0.005731626 0.005528219 0.005394205 0.005448521 1000 -0.01355364 -0.01318979 -0.01349971 -0.01366407 -0.01357823 1000
41 1.08 -4.75 0.9 0 0.00436248 0.004431806 0.004541592 0.004821399 0.005124361 1000 -0.01450453 -0.01470555 -0.01461679 -0.01421101 -0.01448129 1000
42 0.38 -5.5 0.4 0 0.006208655 0.006167608 0.006083027 0.006294181 0.006506687 1000 -0.01418522 -0.0143266 -0.01379385 -0.01335974 -0.01372179 1000
43 0.6199999 -4 0.6 0 0.005666308 0.005818263 0.005542661 0.005547464 0.005917541 1000 -0.01351308 -0.01419981 -0.01473036 -0.01452548 -0.01454512 1000
44 0.4800001 -4 0.7 1 0.007017998 0.006976932 0.007289756 0.007108935 0.007205309 1000 -0.0144281 -0.01465729 -0.01436284 -0.01477243 -0.01494201 1000
45 1.1 -5.5 1 0 0.007739659 0.007910948 0.007472415 0.007580017 0.007559671 1000 -0.01324386 -0.01353261 -0.01402307 -0.01382808 -0.01403665 1000
46 0.7599998 4.75 0.7 0 0.008493127 0.00848649 0.008144241 0.008482216 0.00848062 1000 -0.01462324 -0.01484009 -0.01460906 -0.01469564 -0.01495602 1000
47 0.24 4.75 0.1 0 0.008804827 0.008684369 0.008108376 0.008035276 0.00821249 1000 -0.01341101 -0.01364607 -0.01421153 -0.01418477 -0.01384029 1000
48 0.4600001 -4 0.5 0 0.007079459 0.007540003 0.008142367 0.008493501 0.008873408 1000 -0.01492372 -0.01511559 -0.01501424 -0.01512881 -0.01575251 1000
49 0.7399998 -5.5 0.7 -1 0.009318417 0.009661383 0.00971366 0.009570811 0.009711035 1000 -0.01550077 -0.01562661 -0.01567142 -0.01556495 -0.01566736 1000
50 0.9999996 4 0.9 0 -0.006354464 -0.006983333 -0.006357813 -0.005620332 -0.005621085 1000 -0.01080373 -0.01033613 -0.01114148 -0.0123107 -0.01293896 1000
51 0.6199999 -4 0.4 0 -0.000642067 -0.0003554776 -0.0002386557 -0.0003955748 -0.0003006733 1000 -0.01453845 -0.014723 -0.01473151 -0.01451707 -0.01476677 1000
52 0.28 5.5 0.5 -1 0.001017811 0.001128602 0.00139396 0.001881951 0.002244226 1000 -0.01442745 -0.01504156 -0.01519285 -0.01463962 -0.01466284 1000
53 0.7399998 5.5 0.6 1 0.001809037 0.002094388 0.002315111 0.002521589 0.003103626 1000 -0.01579075 -0.01592258 -0.0153537 -0.01496317 -0.01485227 1000
54 0.6599999 4 0.7 0 0.003327749 0.003350402 0.003621143 0.003586708 0.00346962 1000 -0.014055 -0.01470331 -0.01456812 -0.01452598 -0.01476571 1000
55 0.24 4 0.1 0 0.003552412 0.003548987 0.003622802 0.004054945 0.004275167 1000 -0.01565853 -0.01570942 -0.01524516 -0.01498512 -0.01518509 1000
56 0.8799997 -5.5 0.8 0 0.005150981 0.005216673 0.005216352 0.005243923 0.005726006 1000 -0.01494683 -0.01499337 -0.01491255 -0.01464722 -0.01458209 1000
57 0.5000001 4 0.7 -1 0.005232449 0.005623561 0.00550159 0.005028957 0.004927664 1000 -0.01651891 -0.01669707 -0.01715869 -0.0172733 -0.01738832 1000
58 0.6199999 -4 0.7 0 0.006420071 0.006634491 0.006657564 0.006750539 0.006806018 1000 -0.01807008 -0.01794025 -0.01804964 -0.01746576 -0.01767382 1000
59 0.34 5.5 0.6 -1 0.007595304 0.007607291 0.00747126 0.007466574 0.007365682 1000 -0.01696327 -0.01750576 -0.01731103 -0.01693461 -0.01730661 1000
60 0.56 4.75 0.6 1 0.006828373 0.007190641 0.00731564 0.007975087 0.008075945 1000 -0.01793943 -0.01796903 -0.01809368 -0.01794606 -0.01784719 1000
61 0.8799997 -5.5 0.7 -1 0.008354194 0.008644841 0.008678654 0.008377392 0.00835159 1000 -0.0171195 -0.01691048 -0.01670272 -0.01720076 -0.0174324 1000
62 0.6599999 -4.75 0.5 -1 0.007749258 0.008229509 0.007895389 0.008051323 0.008117708 1000 -0.0187737 -0.0185756 -0.01875913 -0.01880315 -0.01894306 1000
63 0.7399998 -4.75 0.7 0 0.008581565 0.008734028 0.008295862 0.008160065 0.008212512 1000 -0.01870826 -0.01858337 -0.01885147 -0.01903788 -0.01913881 1000
64 0.42 4 0.3 0 0.008552578 0.008860188 0.00845025 0.00862245 0.00864689 1000 -0.01944374 -0.01948076 -0.01961951 -0.01974915 -0.02017719 1000
65 0.4 -4 0.4 0 0.009096314 0.008920415 0.009035053 0.00912033 0.008806939 1000 -0.01855306 -0.01906092 -0.0188119 -0.0188181 -0.01950111 1000
66 0.4800001 -4 0.5 -1 0.007789067 0.007980728 0.008609273 0.008720024 0.008821643 1000 -0.02019712 -0.02032878 -0.02031626 -0.02022177 -0.02042016 1000
67 0.4400001 5.5 0.7 -1 0.00984651 0.01000596 0.009685345 0.009609465 0.009840845 1000 -0.02192199 -0.02112323 -0.02078601 -0.02094613 -0.0210534 1000
68 0.56 -4 0.6 -1 0.007958764 0.008001277 0.008361849 0.008671368 0.008851505 1000 -0.02187503 -0.02198235 -0.02180071 -0.02180898 -0.02153201 1000
69 0.22 4.75 0.2 0 0.009669406 0.01012921 0.01003597 0.01007346 0.0101691 1000 -0.02120703 -0.02107063 -0.02155464 -0.02146575 -0.02136983 1000
70 0.3 5.5 0.5 0 0.009925753 0.009825557 0.009712162 0.009698514 0.009264154 1000 -0.02131455 -0.02131263 -0.02089129 -0.02105219 -0.02181775 1000
71 0.16 4.75 0.1 0 0.009801471 0.01010462 0.009927803 0.01036218 0.01077579 1000 -0.02270124 -0.02215252 -0.02172944 -0.02166955 -0.02216996 1000
72 0.24 -4.75 0.3 0 0.01112012 0.01163875 0.01151389 0.01140514 0.01150806 1000 -0.02212965 -0.02156838 -0.02145206 -0.02194025 -0.02214131 1000
73 0.9199997 -5.5 0.9 0 0.01111825 0.01096381 0.01119887 0.01138959 0.01139918 1000 -0.02293425 -0.02302015 -0.0231831 -0.0233073 -0.02362744 1000
74 0.38 -5.5 0.2 0 0.01265412 0.01275674 0.01244074 0.01282385 0.01290264 1000 -0.02243712 -0.02254586 -0.02289032 -0.0227954 -0.02287465 1000
75 0.26 -5.5 0.1 0 0.01188912 0.01201691 0.01175674 0.01196513 0.01194938 1000 -0.0227787 -0.02288142 -0.02294976 -0.02308939 -0.02309746 1000
76 0.9399996 -4 1 0 0.01251938 0.01306155 0.01310506 0.01286705 0.01326779 1000 -0.02293472 -0.02269196 -0.02290129 -0.02318475 -0.02325807 1000
77 0.8599997 -4 0.8 0 0.01342154 0.01304047 0.01296015 0.01299762 0.01293886 1000 -0.02300936 -0.02350399 -0.02331556 -0.02316593 -0.0234791 1000
78 1.12 5.5 0.9 0 0.01312354 0.0135427 0.01320085 0.01301077 0.0130382 1000 -0.02428645 -0.0244134 -0.02421982 -0.02440488 -0.02464961 1000
79 0.6999999 4 0.5 0 0.01328211 0.01321646 0.01268589 0.01248048 0.01268215 1000 -0.02397016 -0.0242898 -0.02459873 -0.02462373 -0.02452132 1000
80 0.8799997 -4.75 0.6 0 0.01330997 0.01377468 0.01359235 0.01369927 0.01374078 1000 -0.02309642 -0.02252187 -0.02266196 -0.02300925 -0.02331566 1000
81 0.6999999 -4 0.7 1 0.01380035 0.01389806 0.01397459 0.01391474 0.01360574 1000 -0.02323859 -0.0232998 -0.02295759 -0.02288665 -0.02371142 1000
82 0.8799997 5.5 0.7 -1 0.01336502 0.01321911 0.01368655 0.01378454 0.0136349 1000 -0.02325652 -0.02340819 -0.02350187 -0.02364888 -0.02380724 1000
83 0.6999999 5.5 0.7 -1 0.01375842 0.0140666 0.01393856 0.0134694 0.01386132 1000 -0.02373054 -0.02307639 -0.02312492 -0.02350402 -0.02352548 1000
84 1.199999 -4.75 0.8 0 0.01316024 0.01373308 0.01361124 0.01347445 0.01357506 1000 -0.02481328 -0.02473932 -0.02427871 -0.0242923 -0.02460944 1000
85 0.8399997 4 0.5 1 0.01386109 0.01368189 0.01358687 0.01358968 0.01352424 1000 -0.02351233 -0.0236982 -0.0236651 -0.02319762 -0.02377459 1000
86 0.7799998 -5.5 0.6 1 0.01292231 0.01343876 0.01349577 0.01338471 0.01336003 1000 -0.023689 -0.02357006 -0.02342554 -0.02369729 -0.02400914 1000
87 0.6599999 4.75 0.5 1 0.01369443 0.01392832 0.01362955 0.01349245 0.01342955 1000 -0.0230646 -0.0226713 -0.02311792 -0.02325165 -0.02307143 1000
88 0.7199998 5.5 0.9 0 0.01301979 0.01317908 0.01305046 0.01291838 0.01307356 1000 -0.02343478 -0.02330926 -0.02293293 -0.02319434 -0.0233028 1000
89 0.6399999 -5.5 0.3 0 0.01350116 0.01375586 0.01344021 0.01348601 0.01347321 1000 -0.02316148 -0.02310608 -0.02373721 -0.02353711 -0.02362624 1000
90 0.54 5.5 0.5 -1 0.01344719 0.01365428 0.01345965 0.01334525 0.01344803 1000 -0.0242775 -0.0242367 -0.02403408 -0.02426918 -0.02436417 1000
91 0.8399997 5.5 0.9 0 0.01362334 0.01379756 0.01400473 0.01404748 0.01382872 1000 -0.02436073 -0.02424904 -0.02363831 -0.02383006 -0.02414848 1000
92 0.8799997 -4 0.7 -1 0.01375249 0.01399302 0.01396236 0.01386546 0.01416608 1000 -0.02471909 -0.02461467 -0.0242946 -0.02436397 -0.02430496 1000
93 0.9999996 4.75 0.8 0 0.01448412 0.01478078 0.01455069 0.01433461 0.01421499 1000 -0.02448159 -0.02402051 -0.02387149 -0.02429542 -0.02441173 1000
94 0.58 -4.75 0.4 0 0.01394094 0.01457555 0.01470612 0.01451584 0.0144532 1000 -0.02486555 -0.02473191 -0.02472868 -0.02490883 -0.02523546 1000
95 0.9599996 -5.5 0.9 0 0.01491927 0.01477406 0.01464806 0.01485212 0.01462633 1000 -0.02504992 -0.02508803 -0.02493378 -0.02443699 -0.02478199 1000
96 0.9399996 5.5 0.5 -1 0.01409679 0.01433291 0.01448045 0.01451082 0.01464393 1000 -0.02250547 -0.02301215 -0.02240223 -0.02232416 -0.02245474 1000
97 0.7799998 4.75 0.6 0 0.01457121 0.01475099 0.01458358 0.01446943 0.01445011 1000 -0.02299132 -0.02248271 -0.02276532 -0.02299887 -0.02304596 1000
98 1.02 5.5 0.7 -1 0.01431782 0.0145792 0.01421605 0.01442633 0.01464552 1000 -0.02294443 -0.02271099 -0.02283361 -0.02280707 -0.02309992 1000
99 0.6199999 -5.5 0.6 -1 0.01445001 0.01467583 0.01446934 0.01405996 0.01435571 1000 -0.02271802 -0.0220926 -0.02264932 -0.02279698 -0.022623 1000
100 0.28 5.5 0.3 0 0.01390903 0.01285526 0.01326228 0.01343124 0.01304675 1000 -0.02087418 -0.02037599 -0.0217132 -0.02172621 -0.02143373 1000
101 0.7999998 5.5 0.8 0 0.01225431 0.01280597 0.01276131 0.01319294 0.01325358 1000 -0.02177273 -0.02102163 -0.02090232 -0.02133279 -0.02106125 1000
102 0.56 4 0.5 1 0.01345925 0.01351971 0.01361597 0.01378651 0.01362329 1000 -0.02111119 -0.02117631 -0.02060762 -0.02064707 -0.02115254 1000
103 0.8799997 4 1 0 0.01244585 0.01256462 0.01277953 0.01316768 0.01325215 1000 -0.0209607 -0.02073878 -0.020319 -0.02065516 -0.02074119 1000
104 1.02 5.5 0.7 1 0.01316898 0.01353582 0.01356438 0.01334099 0.01359385 1000 -0.02054407 -0.02011229 -0.01983805 -0.02022773 -0.0203217 1000
105 0.6599999 -5.5 0.4 0 0.01327991 0.01337061 0.01361664 0.01336883 0.01383869 1000 -0.02078707 -0.02061187 -0.02047632 -0.02094541 -0.02101367 1000
106 0.26 4.75 0.1 0 0.01338109 0.01361021 0.01344963 0.01302914 0.01294617 1000 -0.02069067 -0.02050737 -0.02061152 -0.02086664 -0.02099126 1000
107 0.7199998 -4 0.8 0 0.01270849 0.01314785 0.01355996 0.01356374 0.01365271 1000 -0.02146645 -0.0215743 -0.02155853 -0.02155786 -0.02197511 1000
108 0.8999997 -4.75 0.7 -1 0.01448017 0.01465232 0.01486523 0.01475609 0.01458701 1000 -0.02132259 -0.02107672 -0.02063718 -0.02116509 -0.02122192 1000
109 0.6399999 4.75 0.5 0 0.01380652 0.01368867 0.01348799 0.01359983 0.0138708 1000 -0.02324066 -0.02317601 -0.02284325 -0.02257564 -0.02234603 1000
110 0.4400001 -4.75 0.7 1 0.01448804 0.0147071 0.0144976 0.01486157 0.01513007 1000 -0.02092098 -0.02045782 -0.02096892 -0.02125838 -0.02226699 1000
111 0.7199998 4 0.6 -1 0.01345525 0.01354333 0.013811 0.01414231 0.0141259 1000 -0.02290882 -0.02308108 -0.02274963 -0.02268308 -0.02256845 1000
112 0.6999999 4 0.5 0 0.0147613 0.01494644 0.01506788 0.01526089 0.01516904 1000 -0.0213565 -0.02177711 -0.02179255 -0.0213101 -0.02191687 1000
113 1.279999 5.5 1 0 0.01351446 0.01319142 0.0134116 0.01364231 0.01374007 1000 -0.02142139 -0.02136635 -0.02145733 -0.02151548 -0.02138058 1000
114 1.08 4.75 0.8 0 0.01486878 0.01488597 0.01481696 0.01496406 0.0151813 1000 -0.02068161 -0.02074012 -0.02088533 -0.02075263 -0.02053347 1000
115 1.06 -5.5 0.6 -1 0.01376429 0.01416462 0.01414466 0.01414059 0.01453494 1000 -0.02104858 -0.02110372 -0.02083096 -0.02088819 -0.02075464 1000
116 0.9399996 4 0.8 0 0.01553698 0.0156394 0.01505631 0.01464836 0.01465446 1000 -0.02047123 -0.02085095 -0.02111023 -0.02138246 -0.02144752 1000
117 1.06 5.5 1 0 0.01470628 0.01487633 0.0147561 0.0147229 0.01511469 1000 -0.0206967 -0.02078728 -0.02079628 -0.02107516 -0.02079245 1000
118 1.06 -4.75 0.7 1 0.01530493 0.01493578 0.01458401 0.01444097 0.0149398 1000 -0.02152453 -0.02169976 -0.02195409 -0.0220055 -0.02185214 1000
119 0.7799998 5.5 0.6 -1 0.01553051 0.01553726 0.01550194 0.01562502 0.01601671 1000 -0.02182543 -0.02191248 -0.02193917 -0.02165651 -0.02125707 1000
120 1.14 -4.75 0.6 -1 0.01543029 0.0149906 0.01524338 0.01505134 0.01467638 1000 -0.02130079 -0.02172574 -0.02148905 -0.02162725 -0.02188034 1000
121 0.7799998 4 0.5 -1 0.01535128 0.01590612 0.01581076 0.01565477 0.01569449 1000 -0.02184848 -0.02199843 -0.02202237 -0.02236688 -0.02226529 1000
122 0.4 4 0.3 0 0.01523094 0.01541678 0.0153873 0.01481375 0.01489631 1000 -0.02239133 -0.02192561 -0.02192316 -0.02224952 -0.02211817 1000
123 1.279999 -5.5 0.8 0 0.01500856 0.01541188 0.01520192 0.01530975 0.01555283 1000 -0.02208362 -0.02226222 -0.02264983 -0.02293253 -0.02352844 1000
124 1.219999 -5.5 0.5 -1 0.0153448 0.01529716 0.01524242 0.01488905 0.0147983 1000 -0.02281935 -0.02258259 -0.0227423 -0.02304013 -0.023053 1000
125 0.28 4.75 0.2 0 0.01543188 0.01531297 0.0153249 0.01551201 0.01587017 1000 -0.02371672 -0.02394554 -0.024079 -0.02368536 -0.02329702 1000
126 0.6199999 5.5 0.5 -1 0.015847 0.01569895 0.01530709 0.01520714 0.01532107 1000 -0.02311482 -0.02319737 -0.02329938 -0.02333534 -0.02293994 1000
127 1.259999 -4 1 0 0.01464533 0.01509691 0.01517843 0.01498886 0.01546027 1000 -0.02381504 -0.02364963 -0.02378299 -0.02406523 -0.02435909 1000
128 1.159999 -4 0.7 0 0.01567748 0.01523889 0.01532512 0.01511051 0.01482502 1000 -0.0231262 -0.02323502 -0.02294876 -0.02308731 -0.02336521 1000
129 1.279999 5.5 0.6 1 0.0157399 0.01589856 0.01590337 0.0159831 0.0161758 1000 -0.02394113 -0.02374063 -0.02387026 -0.02408321 -0.02375632 1000
130 1.399999 -5.5 0.6 -1 0.01397754 0.01432466 0.01446864 0.01470756 0.01492188 1000 -0.02369946 -0.02346015 -0.02364992 -0.02390762 -0.02375613 1000
131 1.02 -4 0.5 -1 0.01581758 0.01581668 0.01549738 0.01559158 0.01572887 1000 -0.02361063 -0.02309292 -0.0232066 -0.0233115 -0.02279431 1000
132 0.6399999 -5.5 0.4 0 0.01542605 0.01551136 0.01563217 0.01560896 0.01575522 1000 -0.02343262 -0.02299583 -0.02311066 -0.02350619 -0.02313307 1000
133 0.7799998 -4.75 0.5 0 0.01630555 0.0166166 0.0165404 0.01634295 0.01637781 1000 -0.02415872 -0.0235779 -0.02385161 -0.02420196 -0.02389609 1000
134 1.259999 5.5 0.7 0 0.01499684 0.01515246 0.0152477 0.01541277 0.01592864 1000 -0.02400755 -0.02383528 -0.02362615 -0.02354267 -0.02381995 1000
135 0.16 -4.75 0.1 0 0.01592905 0.0161813 0.01612944 0.01586285 0.01599848 1000 -0.02366656 -0.0232588 -0.02314064 -0.0237347 -0.02380395 1000
136 1.399999 5.5 0.7 1 0.01465347 0.0145608 0.01452981 0.0151437 0.01529965 1000 -0.02359766 -0.02335672 -0.02300128 -0.02290541 -0.02309117 1000
137 0.8599997 5.5 0.6 -1 0.016252 0.01613752 0.01621699 0.01621344 0.01604914 1000 -0.02369073 -0.02375118 -0.02342883 -0.02365914 -0.02407312 1000
138 0.8799997 4 0.6 -1 0.01492293 0.01526249 0.0151463 0.01563359 0.01586194 1000 -0.02403404 -0.0236858 -0.02370784 -0.02363693 -0.02373223 1000
139 1.239999 -5.5 0.8 0 0.01579029 0.01611972 0.01632698 0.01598404 0.01621632 1000 -0.02485235 -0.02422677 -0.02424833 -0.02454735 -0.02433255 1000
140 1.539999 -5.5 0.9 0 0.01544752 0.01546047 0.01572282 0.0157328 0.01572363 1000 -0.023003 -0.02283787 -0.02301908 -0.02307977 -0.02336765 1000
141 0.22 4 0.1 0 0.01578043 0.01579311 0.0155063 0.01507436 0.01529938 1000 -0.02329685 -0.02261605 -0.02286178 -0.02320197 -0.02322487 1000
142 1.319999 -5.5 0.6 0 0.01407706 0.01461157 0.01514579 0.0153745 0.01539337 1000 -0.02326665 -0.02307765 -0.02277215 -0.02285974 -0.02320897 1000
143 1.259999 4.75 0.5 1 0.01660286 0.01629186 0.01648154 0.01640234 0.01604884 1000 -0.02343217 -0.02360217 -0.02330569 -0.02359325 -0.02397267 1000
144 0.6 -5.5 0.5 1 0.0159866 0.01593023 0.01599469 0.01611002 0.01634128 1000 -0.02332355 -0.02313081 -0.02319538 -0.02336998 -0.02328328 1000
145 1.159999 5.5 0.7 0 0.01653406 0.0166282 0.01618263 0.01615071 0.01622555 1000 -0.02333884 -0.02290161 -0.02339315 -0.02337813 -0.02329393 1000
146 0.8799997 -5.5 0.5 0 0.01625466 0.01623211 0.0166501 0.016748 0.01676713 1000 -0.0233759 -0.0238241 -0.02380495 -0.02387002 -0.02421324 1000
147 0.12 5.5 0.1 0 0.01680104 0.01686934 0.01656535 0.01604891 0.01619169 1000 -0.02464359 -0.02420128 -0.02421213 -0.02455661 -0.02436112 1000
148 1.06 5.5 0.7 -1 0.01550252 0.01576653 0.01605265 0.01649565 0.01697947 1000 -0.0248529 -0.0247895 -0.0243091 -0.02383145 -0.02390183 1000
149 1.339999 4 0.7 0 0.01779648 0.01792489 0.0177168 0.01772496 0.01737321 1000 -0.02414081 -0.02410259 -0.02313284 -0.02285177 -0.02377326 1000
150 1.14 -5.5 0.6 -1 0.0152843 0.01323516 0.01352633 0.01380174 0.01416471 1000 -0.01647447 -0.01548788 -0.01636402 -0.01674549 -0.01648087 1000
151 0.6999999 4.75 0.5 -1 0.01593524 0.01611163 0.01635511 0.01622626 0.0166456 1000 -0.01845074 -0.01843554 -0.01803146 -0.01866557 -0.01875143 1000
152 1.06 -4.75 0.7 -1 0.01527321 0.0150335 0.0150568 0.01503296 0.01524408 1000 -0.01866589 -0.01909751 -0.01916149 -0.01908968 -0.01899253 1000
153 0.6999999 -4 0.3 0 0.01612644 0.01620388 0.01651992 0.01631065 0.01657945 1000 -0.01900443 -0.01900215 -0.01844819 -0.01897666 -0.01914164 1000
154 0.9999996 4.75 0.7 0 0.01550284 0.01534081 0.01515612 0.01509559 0.0153123 1000 -0.01936729 -0.01943166 -0.01955545 -0.01940486 -0.01899546 1000
155 0.6599999 4.75 0.5 -1 0.01575032 0.01576756 0.01569343 0.01585193 0.01622027 1000 -0.01915297 -0.01928896 -0.01936971 -0.0190695 -0.01897561 1000
156 0.6 5.5 0.3 0 0.01523621 0.01523157 0.01522331 0.01519257 0.01491902 1000 -0.01999115 -0.02021398 -0.02036778 -0.02047303 -0.02056947 1000
157 0.9799996 -4 0.7 1 0.01599229 0.01608953 0.01601762 0.01616419 0.01641346 1000 -0.02033434 -0.02058635 -0.02058609 -0.0202983 -0.02022256 1000
158 0.9399996 -4 0.5 0 0.01396548 0.01400887 0.01397156 0.01411526 0.01425836 1000 -0.02056003 -0.02028467 -0.0202228 -0.02032486 -0.02032186 1000
159 1.179999 4.75 0.7 -1 0.01592567 0.01607995 0.01617182 0.01630869 0.01607415 1000 -0.02007232 -0.02009413 -0.01977313 -0.01984765 -0.02037181 1000
160 0.2 -4 0.1 0 0.01412117 0.01444426 0.01461422 0.01503738 0.01504462 1000 -0.02168877 -0.02133003 -0.02126953 -0.02176413 -0.02184223 1000
161 0.4800001 -4.75 0.6 1 0.01575335 0.0162115 0.0159462 0.01579347 0.01571068 1000 -0.02211303 -0.02119334 -0.02136205 -0.02185282 -0.02178244 1000
162 0.7799998 4.75 0.4 0 0.01367815 0.01370931 0.01346075 0.0133705 0.01372209 1000 -0.02108486 -0.02113504 -0.02112515 -0.02129232 -0.0212028 1000
163 1.339999 5.5 0.7 1 0.01580436 0.01623727 0.01591204 0.01606985 0.01608298 1000 -0.02152475 -0.02155187 -0.02190786 -0.02169776 -0.02183986 1000
164 0.24 4.75 0.3 0 0.01467562 0.01496634 0.01521216 0.01522974 0.0157907 1000 -0.02256646 -0.0223698 -0.02196633 -0.02147715 -0.02143063 1000
165 1.399999 -5.5 0.7 -1 0.01668707 0.01691284 0.01662149 0.01666821 0.01679725 1000 -0.02166392 -0.02135214 -0.02150376 -0.02184095 -0.02153463 1000
166 0.6 -4.75 0.3 0 0.01508629 0.01588261 0.016154 0.01639027 0.01669668 1000 -0.02376156 -0.02344244 -0.02325789 -0.02304469 -0.02332971 1000
167 0.8199998 -4 0.6 -1 0.01701477 0.01706797 0.0172678 0.01716193 0.01712547 1000 -0.0230124 -0.02277258 -0.02279129 -0.02308084 -0.0233399 1000
168 0.7999998 5.5 0.5 1 0.01525371 0.01567936 0.01634664 0.01649299 0.01630922 1000 -0.02459879 -0.02464566 -0.02402274 -0.02404136 -0.02360293 1000
169 0.28 4 0.2 0 0.01684046 0.01727065 0.01732408 0.0170491 0.01711445 1000 -0.02271065 -0.02261994 -0.02287498 -0.02310902 -0.02318554 1000
170 1.219999 -4.75 0.7 -1 0.01505198 0.01483178 0.01493481 0.0152585 0.01540909 1000 -0.02372062 -0.02372958 -0.02342761 -0.02383686 -0.02437888 1000
171 1.219999 -4 0.8 0 0.01828395 0.01827187 0.01826889 0.01856378 0.01844032 1000 -0.02457148 -0.02406222 -0.02324368 -0.02316233 -0.02354466 1000
172 0.4600001 5.5 0.5 -1 0.01704478 0.01706203 0.01721362 0.01773554 0.01788745 1000 -0.02441343 -0.02443059 -0.02422476 -0.02425886 -0.02449076 1000
173 0.9999996 -4 0.8 0 0.01845433 0.01884305 0.01880728 0.01873911 0.01890305 1000 -0.0245393 -0.02451359 -0.02439045 -0.02458143 -0.02482581 1000
174 0.6599999 4.75 0.7 -1 0.01760124 0.01769122 0.01748758 0.01735133 0.01766128 1000 -0.02456902 -0.02475543 -0.02452829 -0.0245111 -0.02453066 1000
175 0.9399996 4 0.7 1 0.01908443 0.01930374 0.01917403 0.01936705 0.0194553 1000 -0.02408233 -0.02406494 -0.02414578 -0.02382373 -0.02391966 1000
176 1.06 -5.5 0.7 1 0.01933325 0.01935964 0.01920728 0.01876903 0.01891791 1000 -0.02400607 -0.02351927 -0.02392319 -0.02437749 -0.02416278 1000
177 0.28 4 0.1 0 0.0189621 0.01931996 0.01911695 0.01927691 0.0193006 1000 -0.02391489 -0.02371824 -0.02434675 -0.02474609 -0.02482132 1000
178 1.619999 -5.5 0.9 0 0.01936738 0.01959691 0.01939591 0.01959331 0.01964578 1000 -0.02442314 -0.02387299 -0.02420517 -0.02419067 -0.023973 1000
179 0.8199998 -5.5 0.5 0 0.01804206 0.01846415 0.01845614 0.0185759 0.01841977 1000 -0.02273355 -0.02241806 -0.02313941 -0.02340063 -0.02348361 1000
180 0.9799996 -5.5 0.5 -1 0.01879173 0.01874325 0.01884448 0.01886899 0.01834684 1000 -0.02378378 -0.02365769 -0.02319583 -0.02342686 -0.02367445 1000
181 0.9999996 4.75 0.8 0 0.01807739 0.01812954 0.01831397 0.01840619 0.01839975 1000 -0.02473857 -0.02515127 -0.02537211 -0.02493591 -0.02479944 1000
182 1.04 -4.75 1 0 0.01902973 0.0188335 0.01897024 0.01892487 0.01874067 1000 -0.02457067 -0.02486258 -0.02437648 -0.02452332 -0.02496143 1000
183 0.2 -5.5 0.2 0 0.01761286 0.01814553 0.01827466 0.01829401 0.01824704 1000 -0.02477179 -0.02459196 -0.02453667 -0.02481853 -0.02487924 1000
184 0.5000001 -4.75 0.5 1 0.01935199 0.0192252 0.01947565 0.01940515 0.01937511 1000 -0.02414297 -0.0247143 -0.02430388 -0.02444303 -0.02496412 1000
185 0.7999998 -4.75 0.6 1 0.01759266 0.0176187 0.01754483 0.01757168 0.01770399 1000 -0.02440794 -0.02433264 -0.02434591 -0.02416063 -0.02397323 1000
186 0.7399998 4 0.6 -1 0.01914009 0.01908989 0.01940511 0.01947702 0.01945405 1000 -0.02473192 -0.02534349 -0.02514892 -0.02513286 -0.02526559 1000
187 0.8799997 5.5 0.6 1 0.01854027 0.01832659 0.01838802 0.0181793 0.01798238 1000 -0.02426214 -0.02474925 -0.0250691 -0.02495263 -0.02483462 1000
188 0.24 4.75 0.1 0 0.01903607 0.01955455 0.01962688 0.01979597 0.01994392 1000 -0.02499629 -0.02492371 -0.02535662 -0.02556593 -0.02521835 1000
189 0.16 -4.75 0.1 0 0.0197068 0.0196434 0.01928894 0.01915759 0.01898836 1000 -0.0247976 -0.02428532 -0.025001 -0.02568114 -0.02536441 1000
190 0.9399996 -5.5 0.7 0 0.01832499 0.01573259 0.01636524 0.01746177 0.01738213 1000 -0.02278251 -0.0193041 -0.01920248 -0.02222733 -0.02224846 1000
191 0.8599997 -4.75 0.5 -1 0.01731505 0.0175193 0.01718491 0.01760286 0.01756454 1000 -0.02272606 -0.02269418 -0.02305001 -0.02308106 -0.02311936 1000
192 0.14 4.75 0.2 0 0.01795833 0.0179821 0.01786883 0.0174117 0.0173371 1000 -0.02308974 -0.0227827 -0.02246848 -0.02289062 -0.02303566 1000
193 0.12 -4 0.1 0 0.01651477 0.01664762 0.01669218 0.01711861 0.01722169 1000 -0.02398599 -0.02375999 -0.02349251 -0.02363437 -0.02365673 1000
194 1.14 -5.5 0.6 0 0.01868966 0.01875298 0.01887581 0.01902922 0.01916544 1000 -0.02351634 -0.02292494 -0.02283609 -0.02328847 -0.02311264 1000
195 0.9799996 -4 0.7 1 0.0187161 0.01824679 0.01803189 0.0181088 0.01825897 1000 -0.02322913 -0.02378699 -0.02347634 -0.02334013 -0.02354966 1000
196 0.9999996 4 0.9 0 0.01931976 0.01947207 0.01937643 0.01938835 0.01967254 1000 -0.02417183 -0.02456779 -0.02480368 -0.02486976 -0.02471996 1000
197 0.22 4 0.4 0 0.01816243 0.01844419 0.01834432 0.01794161 0.01763152 1000 -0.02369052 -0.02353105 -0.0235764 -0.02402556 -0.02399495 1000
198 0.8199998 5.5 0.5 0 0.01827984 0.01859256 0.01900071 0.01890795 0.0189451 1000 -0.02307534 -0.02342228 -0.023164 -0.02293178 -0.02334574 1000
199 0.9999996 4.75 0.5 0 0.01950016 0.01937569 0.01893651 0.01878562 0.01857296 1000 -0.02316201 -0.02331704 -0.02388817 -0.02357486 -0.02389049 1000
200 1.02 -5.5 0.7 1 0.02029828 0.01931517 0.02006727 0.02040469 0.02030413 1000 -0.02178769 -0.02151687 -0.02243068 -0.02195456 -0.02180349 1000
201 1.379999 -5.5 0.5 0 0.01861496 0.01896432 0.01898852 0.01942562 0.01943641 1000 -0.02301992 -0.02275517 -0.0224898 -0.02231784 -0.02270588 1000
202 1.12 -4 0.5 1 0.01923941 0.01877653 0.0188318 0.01869672 0.01846912 1000 -0.02289882 -0.02329668 -0.02310362 -0.02323148 -0.02344182 1000
203 0.9999996 -4 0.6 1 0.01904165 0.01918059 0.01915943 0.01913069 0.0193734 1000 -0.02274711 -0.02292559 -0.02327508 -0.02338679 -0.02312353 1000
204 1.419999 4.75 0.9 0 0.01835226 0.01834226 0.01794433 0.01787851 0.01812533 1000 -0.02323043 -0.02329799 -0.02346844 -0.02331514 -0.02319718 1000
205 0.54 4 0.3 0 0.01859588 0.01869112 0.01892835 0.0189865 0.01908076 1000 -0.0227877 -0.02311283 -0.02262384 -0.02265207 -0.02306565 1000
206 0.58 4.75 0.6 -1 0.01771221 0.01754028 0.01732625 0.01752826 0.01765759 1000 -0.02339858 -0.02354726 -0.02314632 -0.02301595 -0.02311902 1000
207 1.359999 -4 0.7 0 0.01783714 0.01802876 0.01764959 0.01784441 0.0180715 1000 -0.0235868 -0.0235968 -0.02393247 -0.02418168 -0.02444107 1000
208 1.14 -4 0.6 -1 0.01750724 0.01783163 0.01750332 0.0172004 0.0172213 1000 -0.02343651 -0.02327176 -0.02345273 -0.0235609 -0.02336407 1000
209 0.8399997 5.5 0.5 -1 0.01794547 0.01818478 0.01840694 0.01864305 0.01896057 1000 -0.02400399 -0.02388272 -0.02393762 -0.02393906 -0.02367605 1000
210 0.7999998 4 0.5 0 0.01749305 0.01757994 0.01765278 0.01750932 0.01723925 1000 -0.02518743 -0.02502311 -0.02507166 -0.02523797 -0.0250944 1000
211 0.9399996 4.75 0.5 0 0.01806172 0.01800627 0.01826134 0.0183962 0.01861478 1000 -0.02452036 -0.02510803 -0.02498764 -0.02490463 -0.02527284 1000
212 1.159999 -4.75 0.7 -1 0.01823696 0.01798136 0.01750065 0.01776148 0.01771633 1000 -0.02443947 -0.02472609 -0.02558761 -0.02549961 -0.02558559 1000
213 0.6599999 5.5 0.4 0 0.01779843 0.01822023 0.01830758 0.01827586 0.01835399 1000 -0.02324479 -0.02324081 -0.02303942 -0.02319203 -0.02340291 1000
214 0.9399996 -4 0.5 -1 0.01762426 0.01748583 0.01744564 0.01699843 0.01719574 1000 -0.02454215 -0.02443436 -0.02422873 -0.0246842 -0.02473665 1000
215 0.9999996 5.5 0.6 -1 0.01792686 0.0179092 0.01835139 0.01835273 0.01879637 1000 -0.02516572 -0.02479922 -0.0245322 -0.02515999 -0.02485793 1000
216 0.4 -4.75 0.1 0 0.01354756 0.0117469 0.013187 0.01394162 0.01426207 1000 -0.01999678 -0.01429362 -0.01778245 -0.01992945 -0.01771007 1000
217 0.7399998 -4 0.8 0 0.01600713 0.01621342 0.01621491 0.01646275 0.01637744 1000 -0.0191784 -0.01907613 -0.01912702 -0.01927724 -0.02002049 1000
218 0.24 -5.5 0.2 0 0.01456485 0.01460466 0.01471492 0.01473144 0.01490011 1000 -0.02060569 -0.02056732 -0.02048757 -0.02090863 -0.0209173 1000
219 1.1 5.5 0.7 0 0.01631626 0.01649515 0.01636793 0.016652 0.01668106 1000 -0.02025511 -0.02068999 -0.02065264 -0.02066286 -0.02095204 1000
220 1.299999 5.5 0.6 0 0.01692536 0.01673825 0.0163221 0.01635109 0.01645839 1000 -0.01973573 -0.01993204 -0.02024009 -0.01990506 -0.0202006 1000
221 1.1 5.5 0.6 1 0.01614199 0.01642645 0.01631918 0.01617089 0.01612097 1000 -0.02080542 -0.02068964 -0.02103561 -0.02088533 -0.02040066 1000
222 0.26 4 0.6 0 0.01586323 0.01558433 0.01551573 0.01572141 0.01538418 1000 -0.02064199 -0.02080784 -0.02074261 -0.02059332 -0.02061279 1000
223 0.7399998 5.5 0.6 -1 0.01532407 0.0157391 0.0159626 0.0164 0.01636828 1000 -0.02074201 -0.02054317 -0.02000162 -0.01962548 -0.02016517 1000
224 1.419999 -5.5 1 0 0.01720261 0.01742606 0.01755744 0.01735896 0.01730135 1000 -0.02067349 -0.02038207 -0.02006709 -0.02048447 -0.02047918 1000
225 0.08 -5.5 0.1 0 0.01663992 0.01669865 0.01700404 0.01705475 0.01674888 1000 -0.02013195 -0.02017299 -0.01978643 -0.02012902 -0.02050981 1000
226 0.6599999 4 0.6 1 0.01819416 0.01829769 0.01788836 0.01818656 0.0183103 1000 -0.02010769 -0.01934849 -0.01997294 -0.02037531 -0.02030015 1000
227 1.239999 4.75 0.9 0 0.01589532 0.01646849 0.01654153 0.01658146 0.01693085 1000 -0.02066925 -0.02027192 -0.02018108 -0.01998662 -0.01965753 1000
228 0.6199999 -4 0.5 1 0.01781251 0.01817219 0.01812649 0.01787981 0.01784652 1000 -0.01895086 -0.01880525 -0.01874763 -0.01915789 -0.01940124 1000
229 1.159999 -5.5 0.8 0 0.01639624 0.016696 0.01679274 0.01722695 0.01709703 1000 -0.02062855 -0.02040276 -0.02009231 -0.01993823 -0.02034639 1000
230 1.1 5.5 0.7 -1 0.01819135 0.01829199 0.01820412 0.01755199 0.0174786 1000 -0.02057146 -0.02002773 -0.02011962 -0.02034249 -0.01958073 1000
231 1.06 5.5 0.6 0 0.01770707 0.01791641 0.01777009 0.0179973 0.01808638 1000 -0.02009773 -0.02025191 -0.02041064 -0.02049554 -0.0205791 1000
232 0.7999998 4 0.6 0 0.01856282 0.01788888 0.01768532 0.01788194 0.01766627 1000 -0.02050658 -0.02097787 -0.0211318 -0.02113727 -0.02124534 1000
233 1.499999 4.75 0.8 0 0.01819477 0.0186706 0.01867763 0.01846465 0.01848987 1000 -0.0203422 -0.02040394 -0.02049149 -0.02076538 -0.02086974 1000
234 1.419999 -4 0.7 0 0.01810455 0.01806066 0.01808194 0.01788393 0.01766997 1000 -0.02049701 -0.02060086 -0.02015843 -0.02033661 -0.02074983 1000
235 0.6799999 -4 0.2 0 0.01979585 0.02003635 0.01978933 0.01976067 0.02019513 1000 -0.02165598 -0.02167746 -0.02180762 -0.02195917 -0.02146624 1000
236 1.319999 -5.5 0.5 0 0.01820774 0.01838814 0.01861462 0.01842842 0.0183676 1000 -0.02230402 -0.0213761 -0.02110125 -0.02189765 -0.02201799 1000
237 0.7199998 5.5 0.4 0 0.02004826 0.02035814 0.02031377 0.02008117 0.02027437 1000 -0.02094444 -0.02081958 -0.02026539 -0.0203135 -0.02087952 1000
238 0.36 -4 0.2 0 0.0186021 0.01866559 0.0187705 0.01849124 0.01845123 1000 -0.02148771 -0.02149677 -0.0213534 -0.02158919 -0.02196469 1000
239 0.7599998 -4.75 0.6 0 0.02056793 0.02078293 0.0206934 0.02046959 0.02078144 1000 -0.0222913 -0.02189561 -0.02189171 -0.02267948 -0.0226915 1000
240 0.8799997 -4 0.6 1 0.02047712 0.02037814 0.01976389 0.0195082 0.01969646 1000 -0.02302018 -0.02334149 -0.02330705 -0.02326819 -0.02310569 1000
241 0.36 -5.5 0.2 0 0.02010631 0.02024814 0.02016417 0.02009724 0.02005348 1000 -0.02411189 -0.02390761 -0.02409428 -0.02436378 -0.02430777 1000
242 0.6999999 -4 0.5 -1 0.0211687 0.0211597 0.02082435 0.02049328 0.02053662 1000 -0.02422853 -0.02385219 -0.02422003 -0.02452007 -0.02417734 1000
243 0.7999998 4.75 0.7 0 0.01721143 0.01793748 0.01803457 0.01845955 0.0185622 1000 -0.02174938 -0.02153057 -0.0214662 -0.02184705 -0.0220119 1000
244 0.52 4.75 0.7 -1 0.01945161 0.01953859 0.01937735 0.01897343 0.01852428 1000 -0.02249445 -0.02218389 -0.0225294 -0.02329895 -0.02315453 1000
245 0.7999998 -4.75 1 0 0.01825997 0.01876999 0.01896482 0.01879637 0.01876076 1000 -0.02393144 -0.02424283 -0.02371197 -0.02347247 -0.02397387 1000
246 0.8199998 -4.75 0.6 1 0.02002441 0.01938257 0.01939256 0.01919862 0.01883625 1000 -0.02314101 -0.02353842 -0.02323611 -0.02328982 -0.02366631 1000
247 0.9199997 -4 1 0 0.01844779 0.01871131 0.01838963 0.01864952 0.01877766 1000 -0.02249101 -0.02209442 -0.02240117 -0.02264158 -0.02279367 1000
248 0.9199997 -4.75 1 0 0.01901871 0.01890977 0.01814785 0.0182081 0.01828637 1000 -0.02352717 -0.02326339 -0.02372451 -0.02403943 -0.02435259 1000
249 0.9199997 -4.75 0.5 -1 0.01931315 0.01940683 0.01914427 0.01912504 0.0191694 1000 -0.02322243 -0.02314548 -0.0235502 -0.02377233 -0.02405386 1000
250 0.7999998 4 0.5 0 0.01776005 0.01719659 0.01847149 0.01890318 0.01886037 1000 -0.0226294 -0.02243548 -0.022657 -0.02272925 -0.0227832 1000
251 0.9599996 5.5 0.5 1 0.01977453 0.01994923 0.01934355 0.01936126 0.01923106 1000 -0.02134305 -0.02130761 -0.02191086 -0.02184142 -0.02177169 1000
252 1.159999 -5.5 0.7 -1 0.01853942 0.01868837 0.01871898 0.01875353 0.01878641 1000 -0.02172063 -0.02180944 -0.02213802 -0.0223244 -0.02250884 1000
253 0.38 4.75 0.7 -1 0.01894287 0.01902858 0.01877014 0.01847289 0.01833481 1000 -0.02262113 -0.02234066 -0.0228212 -0.02312029 -0.02269476 1000
254 0.8799997 -4 0.7 0 0.01821379 0.01874766 0.01852962 0.01858096 0.01891154 1000 -0.02387946 -0.02373722 -0.02339469 -0.02348896 -0.02334186 1000
255 0.9199997 4 0.4 0 0.02006775 0.01992412 0.0195137 0.01905284 0.0189892 1000 -0.02373789 -0.02349056 -0.02354379 -0.02411659 -0.02424223 1000
256 1.279999 -4.75 0.7 -1 0.01842775 0.01889404 0.01889799 0.01875486 0.01885246 1000 -0.02469667 -0.02458352 -0.02442858 -0.02461951 -0.02463376 1000
257 1.359999 -4 0.6 0 0.01779726 0.0180097 0.01807365 0.01771684 0.01774432 1000 -0.02160697 -0.02203095 -0.02227076 -0.02260196 -0.02306843 1000
258 0.9399996 -4 0.4 0 0.01793281 0.01801587 0.01812751 0.01796414 0.01815013 1000 -0.02353446 -0.02372798 -0.02394209 -0.02413001 -0.02386919 1000
259 0.9999996 4.75 0.5 1 0.01826912 0.01833432 0.01777293 0.017504 0.01762041 1000 -0.02351386 -0.02337006 -0.02346262 -0.02341982 -0.02326669 1000
260 0.9199997 -5.5 0.6 1 0.01816464 0.01841391 0.01838715 0.01829263 0.01835503 1000 -0.02283009 -0.02296598 -0.02314266 -0.02342383 -0.02335678 1000
261 0.58 -4 0.7 1 0.01820511 0.01761865 0.01759483 0.01756225 0.01735244 1000 -0.02326627 -0.02332908 -0.02308048 -0.02343979 -0.02340715 1000
262 1.1 -4.75 0.6 0 0.01793349 0.01811401 0.01793412 0.01828309 0.01819313 1000 -0.02297768 -0.02296994 -0.02307866 -0.02284144 -0.02323418 1000
263 0.6599999 4.75 0.4 0 0.01838205 0.01801886 0.01785896 0.01769126 0.0175574 1000 -0.02361283 -0.02362954 -0.02332973 -0.02388207 -0.02414919 1000
264 0.6799999 -5.5 0.7 1 0.01699437 0.0175473 0.01754402 0.01748235 0.01733104 1000 -0.02403497 -0.02389778 -0.02380834 -0.02393769 -0.02404822 1000
265 0.18 -4.75 0.2 0 0.018106 0.0182447 0.01820256 0.01773738 0.01784325 1000 -0.02351111 -0.02312565 -0.02329767 -0.02401958 -0.02398532 1000
266 0.09999999 -5.5 0.1 0 0.01680278 0.01682 0.01701607 0.01715049 0.01732538 1000 -0.02495623 -0.02442923 -0.02408754 -0.02468659 -0.02468437 1000
267 0.6 -4.75 0.5 0 0.01906734 0.01901365 0.01854827 0.01851386 0.01889897 1000 -0.02461284 -0.02377441 -0.02376629 -0.02411558 -0.02383532 1000
268 0.8199998 -4.75 0.6 0 0.01856834 0.01854948 0.01805843 0.01749792 0.0177373 1000 -0.02430955 -0.02391339 -0.02397011 -0.02468172 -0.02483546 1000
269 1.339999 -5.5 1 0 0.01456599 0.01430976 0.01571571 0.01574305 0.01520329 1000 -0.02084904 -0.01866898 -0.02190277 -0.02197674 -0.02059926 1000
270 0.5000001 5.5 0.4 0 0.01509092 0.01513233 0.01557108 0.01574796 0.01577761 1000 -0.02208062 -0.02174206 -0.02171399 -0.02230916 -0.02247463 1000
271 0.6199999 4.75 0.8 0 0.01760018 0.01743336 0.01728781 0.01725072 0.01728027 1000 -0.02187176 -0.02132982 -0.02172067 -0.02171295 -0.02074137 1000
272 1.459999 -4.75 0.9 0 0.0158405 0.01605427 0.01615397 0.01642303 0.01661673 1000 -0.02139934 -0.02156563 -0.02148543 -0.02126042 -0.02137277 1000
273 1.539999 5.5 1 0 0.01794374 0.01802137 0.01813006 0.01799094 0.01744111 1000 -0.02186114 -0.02156536 -0.02119706 -0.02161909 -0.02162325 1000
