trial Response_Time velH Occlusion_Duration velH_Subject xRotations_first0 xRotations_first1 xRotations_first2 xRotations_first3 xRotations_first4 xRotations_first5 yRotations_first0 yRotations_first1 yRotations_first2 yRotations_first3 yRotations_first4 yRotations_first5
1 0.08 -5.5 0.4 0 -0.003094262 0.008649919 0.01823734 0.02368407 0.02420179 1000 -0.006174603 -0.001544251 0.003198838 0.005559549 0.003465911 1000
2 0.34 4.75 0.6 -1 0.003769123 0.000129377 -0.0003947812 0.004087261 0.002853739 1000 0.0007510752 0.0008387387 0.003469269 0.003378211 0.004435932 1000
3 0.18 -4 0.6 1 -0.005905721 -0.005406193 -0.005768444 -0.00432001 -0.004223236 1000 0.005316226 0.006184853 0.005735351 0.002509747 0.0001987775 1000
4 0.34 -4 0.5 0 -0.00380683 -0.001270278 -0.0004547607 0.0004305827 0.0003219306 1000 0.001479809 0.001000706 0.0002980504 -0.0004447707 -0.001058088 1000
5 0.4600001 5.5 0.7 1 0.0007047442 -0.0004473299 -0.001200162 -0.002088038 -0.002189995 1000 -0.0007553587 -0.0009002633 -0.00138182 -0.00151949 -0.001222859 1000
6 0.36 -4 0.7 1 -0.003786757 -0.003260229 -0.004355329 -0.004543343 -0.004604512 1000 -0.003749324 -0.002596898 -0.0004271693 -0.0002308921 -0.00097361 1000
7 0.3 -4.75 0.6 1 -0.003294144 -0.002143773 -0.002305268 -0.002825066 -0.002920676 1000 0.0005696273 -0.0001328423 -0.0004733832 -0.0002062194 -0.000563663 1000
8 0.26 4 0.5 1 -0.003201338 -0.002164577 -0.002125584 -0.002566853 -0.002993844 1000 -0.001137754 -0.00068058 -0.0004454741 -0.0007117806 -0.0001551891 1000
9 0.4800001 -4 0.7 0 -0.003369622 -0.002998517 -0.002865281 -0.003473654 -0.003711402 1000 -0.0001943051 0.0002905977 0.0006378925 0.0002214222 0.0007009773 1000
10 0.38 -4 0.7 0 -0.005837944 -0.005687462 -0.005690926 -0.00496343 -0.005820289 1000 0.001992019 0.001321692 0.001423093 0.001393556 0.0009163393 1000
11 0.18 -5.5 0.1 0 -0.005763243 -0.005514514 -0.005288932 -0.004999504 -0.004978537 1000 0.0009263345 0.0003448185 0.0005429965 0.0008148257 0.0007159507 1000
12 0.36 4.75 0.7 -1 -0.004017541 -0.005015306 -0.005462945 -0.005263509 -0.005345277 1000 0.0004375654 0.0009029966 0.001540186 0.001353335 0.002003447 1000
13 0.56 -4.75 0.7 -1 -0.007071473 -0.006396358 -0.005754471 -0.006171685 -0.006171771 1000 0.002027038 0.002086504 0.002128721 0.002530745 0.002376854 1000
14 0.6599999 4 0.7 1 -0.006485972 -0.006329488 -0.005559598 -0.005516928 -0.005161779 1000 0.002267577 0.002047438 0.0022083 0.002681339 0.002798659 1000
15 0.32 4 0.6 -1 -0.007391306 -0.007713808 -0.007589947 -0.008007151 -0.008178933 1000 0.004513104 0.004381772 0.004146635 0.004976583 0.004668959 1000
16 0.6 -4.75 1 0 -0.007847114 -0.007747174 -0.007690914 -0.007477755 -0.006966789 1000 0.002613451 0.002634672 0.002638567 0.002889145 0.002902205 1000
17 0.28 4.75 0.1 0 -0.006969612 -0.006920659 -0.006375364 -0.005753481 -0.006532826 1000 0.003742194 0.004118859 0.00257902 0.002477865 0.002987247 1000
18 0.42 4.75 0.5 1 -0.007775852 -0.008228372 -0.008350831 -0.008173703 -0.007907492 1000 0.002914802 0.003489951 0.003042961 0.002570847 0.002795726 1000
19 0.04 4 0.2 0 -0.009113899 -0.009140351 -0.009120363 -0.008994579 -0.008900335 1000 0.01623907 0.01684042 0.0172834 0.01697484 0.01647754 1000
20 0.5000001 -4 0.5 -1 -0.01033292 -0.01006886 -0.009289077 -0.009148476 -0.009194947 1000 0.01463114 0.01410191 0.01431684 0.01408812 0.01430484 1000
21 0.6999999 4.75 0.8 0 -0.009029867 -0.009193541 -0.009240136 -0.008496463 -0.008880743 1000 0.01401194 0.01465569 0.01473957 0.0150851 0.0154216 1000
22 0.36 -4.75 0.3 0 -0.008066465 -0.007815971 -0.008670335 -0.008740195 -0.008976296 1000 0.01582698 0.01618857 0.01597476 0.01577679 0.01588516 1000
23 0.6 -5.5 0.6 1 -0.007179018 -0.007607216 -0.008322235 -0.00805526 -0.008660655 1000 0.01546529 0.01609819 0.01589961 0.01601973 0.01582296 1000
24 0.4600001 4 0.7 0 -0.01171823 -0.01113672 -0.01136184 -0.01132503 -0.01080494 1000 0.01327024 0.0137263 0.0141364 0.01371351 0.01371056 1000
25 0.16 4 0.7 1 -0.008311669 -0.008806334 -0.01001793 -0.01026743 -0.00994527 1000 0.01052455 0.009310581 0.006465301 0.0001304357 -0.002428056 1000
26 0.58 5.5 0.7 0 -0.01037243 -0.01039905 -0.01050521 -0.009356044 -0.008861623 1000 0.001067812 0.001798153 0.001073052 0.001294869 0.001962883 1000
27 0.4 -5.5 0.7 1 -0.01144263 -0.01121669 -0.01077363 -0.01057223 -0.01130086 1000 -0.0007259285 -0.0005657427 -0.0005528274 -0.0005560371 -0.0007521254 1000
28 0.6399999 -4.75 0.7 0 -0.01128796 -0.01092866 -0.01085073 -0.01127468 -0.011805 1000 -0.000296297 -0.0004397556 0.0002601476 -0.0005320593 3.260525E-05 1000
29 0.34 4.75 0.5 1 -0.01127036 -0.01134837 -0.01119686 -0.01136603 -0.01128103 1000 -0.001950748 -0.001368279 -0.00160514 -0.001931534 -0.001925859 1000
30 0.38 -4.75 0.3 0 -0.01120052 -0.01151017 -0.01162601 -0.01197236 -0.01206632 1000 -0.002320103 -0.001905131 -0.001787702 -0.001867078 -0.00128921 1000
31 0.4400001 5.5 0.6 0 -0.01212408 -0.01243306 -0.01230473 -0.01248156 -0.01268637 1000 -0.00309409 -0.00307689 -0.003300409 -0.003367599 -0.002925523 1000
32 0.24 4 0.4 0 -0.01134164 -0.01111146 -0.01077201 -0.01088227 -0.01082819 1000 -0.005012316 -0.004688308 -0.004500588 -0.003878674 -0.00451409 1000
33 0.4600001 -4.75 0.7 -1 -0.01178934 -0.01152398 -0.0117527 -0.01137054 -0.01135098 1000 -0.005229928 -0.005477029 -0.005710823 -0.005860655 -0.005365841 1000
34 0.54 4.75 0.7 1 -0.01065156 -0.01037152 -0.01009692 -0.01018903 -0.01044528 1000 -0.00619839 -0.006113629 -0.005740221 -0.005367791 -0.003212118 1000
35 0.6399999 -4.75 0.9 0 -0.0103598 -0.01065703 -0.01126981 -0.01108788 -0.01100045 1000 -0.005369618 -0.005233443 -0.005195708 -0.005417091 -0.006205149 1000
36 0.52 5.5 0.5 1 -0.01101107 -0.01111208 -0.01120391 -0.0108394 -0.01085726 1000 -0.007200747 -0.00733924 -0.007264966 -0.006937549 -0.007465303 1000
37 0.4800001 -5.5 0.7 0 -0.01105077 -0.01115897 -0.01093266 -0.01181367 -0.01236299 1000 -0.006894958 -0.007779656 -0.007142024 -0.007247149 -0.007861247 1000
38 0.36 -5.5 1 0 -0.01358922 -0.01363465 -0.014044 -0.01365251 -0.01322435 1000 -0.007717092 -0.007870206 -0.008120826 -0.008295526 -0.00821793 1000
39 0.34 -4.75 0.9 0 -0.01367311 -0.01395459 -0.01323671 -0.01331668 -0.01324489 1000 -0.007907992 -0.008230884 -0.008176756 -0.008224989 -0.008579426 1000
40 0.6199999 4 1 0 -0.01369456 -0.01326875 -0.01246232 -0.01265845 -0.01290429 1000 -0.009810436 -0.009709242 -0.009389898 -0.009531929 -0.009511204 1000
41 0.56 4 0.8 0 -0.01115195 -0.01074116 -0.009873911 -0.01012879 -0.010461 1000 -0.008468308 -0.007831031 -0.008172861 -0.008260936 -0.008176739 1000
42 0.42 4 0.6 1 -0.01162004 -0.01179361 -0.0118201 -0.01160084 -0.01161658 1000 -0.01012177 -0.00985276 -0.009893338 -0.009922082 -0.009692207 1000
43 0.6399999 -4 0.7 -1 -0.01156231 -0.01101487 -0.01084498 -0.01176169 -0.01170953 1000 -0.009045167 -0.008807193 -0.008871706 -0.009278696 -0.009650309 1000
44 0.6399999 5.5 0.6 1 -0.01103525 -0.01086383 -0.01089335 -0.01104359 -0.01135015 1000 -0.01071888 -0.01042036 -0.01003496 -0.009825898 -0.009915832 1000
45 0.42 -5.5 0.3 0 -0.01205847 -0.01250529 -0.01235446 -0.01196774 -0.01120384 1000 -0.01141684 -0.01099568 -0.01078154 -0.01142049 -0.01075035 1000
46 0.5000001 -4 1 0 -0.01215431 -0.01240306 -0.01240734 -0.0125549 -0.01285439 1000 -0.01020274 -0.008957924 -0.008815272 -0.00935682 -0.008825674 1000
47 0.22 4.75 0.1 0 -0.01349344 -0.01285562 -0.0117918 -0.0105932 -0.009707235 1000 -0.009140763 -0.008833428 -0.009895113 -0.009992016 -0.01016918 1000
48 0.6999999 5.5 1 0 -0.01151051 -0.01170754 -0.01188716 -0.01194108 -0.01177135 1000 -0.01044727 -0.00988014 -0.01045308 -0.01124207 -0.01079953 1000
49 0.6 -5.5 0.7 1 -0.01221907 -0.01178444 -0.01173045 -0.01085657 -0.01077874 1000 -0.01115159 -0.01124632 -0.01170568 -0.01151164 -0.01140009 1000
50 0.28 -4 0.6 1 -0.01233038 -0.01211701 -0.01178201 -0.01198487 -0.0120363 1000 -0.01241559 -0.01178085 -0.01134759 -0.0122131 -0.01240091 1000
51 0.02 -5.5 0.5 1 -0.01533265 -0.01562955 -0.01585178 -0.01595237 -0.01494987 1000 -0.01212486 -0.01144614 -0.0118237 -0.01182069 -0.01144891 1000
52 0.4800001 -5.5 0.5 -1 -0.01395122 -0.01233827 -0.01142286 -0.01170391 -0.01175638 1000 -0.01077859 -0.01109195 -0.01069699 -0.01073261 -0.01125388 1000
53 0.52 -5.5 0.5 -1 -0.01092354 -0.01071476 -0.01052957 -0.0114677 -0.01250061 1000 -0.01203096 -0.01234327 -0.01248022 -0.01213766 -0.01167745 1000
54 0.2 -4 0.5 1 -0.01188304 -0.01218065 -0.0123831 -0.01230392 -0.01228625 1000 -0.0130461 -0.01224404 -0.01236552 -0.01185463 -0.01121918 1000
55 0.6399999 4 1 0 -0.01477938 -0.01479553 -0.01437792 -0.01522775 -0.01539792 1000 -0.01302053 -0.01296622 -0.01253033 -0.01241795 -0.01241885 1000
56 0.34 5.5 0.9 0 -0.01461704 -0.01436788 -0.01478541 -0.01502622 -0.01556952 1000 -0.01181318 -0.01171695 -0.0119953 -0.01178466 -0.01147269 1000
57 0.34 -4.75 0.6 1 -0.01397649 -0.01339701 -0.01393539 -0.01430822 -0.01475734 1000 -0.01207586 -0.01246161 -0.01437419 -0.01362817 -0.013104 1000
58 0.36 -4 0.6 1 -0.01408333 -0.01365058 -0.01379078 -0.01330293 -0.01296817 1000 -0.01339367 -0.01304208 -0.01275749 -0.01294978 -0.01269408 1000
59 0.4600001 4.75 0.9 0 -0.01439772 -0.01432157 -0.01426229 -0.0136442 -0.01278551 1000 -0.01506738 -0.01491057 -0.01543393 -0.01531586 -0.01494832 1000
60 0.4800001 -5.5 1 0 -0.01272266 -0.01267647 -0.01269231 -0.01221024 -0.01225334 1000 -0.01451681 -0.01384061 -0.01295292 -0.01300107 -0.01231259 1000
61 0.06 4 0.1 0 -0.01570726 -0.01562322 -0.01530745 -0.01453933 -0.01459271 1000 -0.01090677 -0.01100793 -0.01059985 -0.01047033 -0.01103538 1000
62 0.34 5.5 0.5 0 -0.01508205 -0.01556973 -0.01598191 -0.01630548 -0.01583254 1000 -0.01258569 -0.01268422 -0.01262545 -0.01336171 -0.01356677 1000
63 0.58 4.75 1 0 -0.01680308 -0.01704666 -0.01750262 -0.01698342 -0.0170552 1000 -0.01323179 -0.01371964 -0.01451573 -0.01428986 -0.01406519 1000
64 0.36 -5.5 0.6 0 -0.01507125 -0.01541532 -0.01559369 -0.01578962 -0.01571932 1000 -0.01686316 -0.0164817 -0.01626461 -0.01603774 -0.01632039 1000
65 0.42 -4.75 0.7 -1 -0.01596545 -0.01572751 -0.01591614 -0.01667346 -0.01674385 1000 -0.01651241 -0.01690347 -0.01625881 -0.01633578 -0.01645189 1000
66 0.3 5.5 0.8 0 -0.01486654 -0.01494117 -0.01548407 -0.01500931 -0.01483686 1000 -0.01742032 -0.01743841 -0.01638295 -0.01670374 -0.01693736 1000
67 0.5000001 -4.75 0.7 -1 -0.01396973 -0.01379193 -0.01428224 -0.01441911 -0.01483311 1000 -0.01562145 -0.0157962 -0.01566339 -0.01593645 -0.01575793 1000
68 0.4600001 4 0.5 1 -0.01295306 -0.01348005 -0.01385794 -0.01410962 -0.01418067 1000 -0.01795167 -0.0181327 -0.01734111 -0.01735808 -0.01739676 1000
69 0.42 4.75 0.3 0 -0.01482163 -0.01498201 -0.01529556 -0.01568002 -0.01585137 1000 -0.01685711 -0.0170391 -0.01684474 -0.01676314 -0.01704593 1000
70 0.32 -4 0.6 1 -0.01596573 -0.01539713 -0.01471299 -0.01431491 -0.01394914 1000 -0.01803141 -0.01786531 -0.01719782 -0.01705441 -0.01725289 1000
71 0.38 -4 0.5 0 -0.01340919 -0.01326269 -0.01310049 -0.0144379 -0.01463793 1000 -0.01729752 -0.01714245 -0.01672706 -0.01653677 -0.0167702 1000
72 0.34 -4 0.6 0 -0.01495853 -0.01440411 -0.01330204 -0.01372486 -0.01432234 1000 -0.01779345 -0.0177132 -0.01742122 -0.01757936 -0.01764211 1000
73 0.38 4 0.3 0 -0.01352192 -0.01365251 -0.01387104 -0.01360209 -0.01371821 1000 -0.01815475 -0.01735975 -0.01639343 -0.01693732 -0.01638926 1000
74 0.18 4 0.2 0 -0.01619401 -0.01653075 -0.01595416 -0.01620682 -0.01535826 1000 -0.01746173 -0.01736914 -0.01733814 -0.01740117 -0.01733096 1000
75 0.4 -4 0.6 -1 -0.01535456 -0.01563132 -0.01548352 -0.01517828 -0.01521009 1000 -0.01879429 -0.01800822 -0.01834688 -0.01869579 -0.01858371 1000
76 0.4800001 -4 0.5 0 -0.01859083 -0.01890912 -0.01904207 -0.01876763 -0.01893275 1000 -0.01675748 -0.01713765 -0.01638006 -0.01734322 -0.01764981 1000
77 0.4 -5.5 0.7 1 -0.01714282 -0.01737246 -0.01701278 -0.01680515 -0.01698149 1000 -0.01812431 -0.01733887 -0.01762998 -0.01819188 -0.01747477 1000
78 0.24 -4.75 0.3 0 -0.01859494 -0.01898198 -0.01877372 -0.01841995 -0.01826215 1000 -0.01740848 -0.01737994 -0.01697152 -0.01730875 -0.01755032 1000
79 0.18 4 0.2 0 -0.01830228 -0.01845389 -0.01810076 -0.01820967 -0.01793234 1000 -0.0188388 -0.01858078 -0.01791229 -0.01778162 -0.01825094 1000
80 0.04 4.75 0.4 0 -0.01717368 -0.01693828 -0.01682512 -0.01623706 -0.01681435 1000 -0.01770213 -0.01780989 -0.01731699 -0.01767853 -0.01764286 1000
81 0.34 4 0.7 0 -0.0180368 -0.01826232 -0.01793202 -0.01787291 -0.01791717 1000 -0.01807695 -0.01837223 -0.0183497 -0.01800056 -0.01786713 1000
82 0.4 4 0.9 0 -0.01780129 -0.01805789 -0.01828352 -0.01781799 -0.01841801 1000 -0.01979802 -0.01836937 -0.01793417 -0.01820856 -0.01785199 1000
83 0.52 -4 0.4 0 -0.0196833 -0.01890776 -0.01857247 -0.01778656 -0.01824856 1000 -0.01868021 -0.01912479 -0.01945412 -0.01927613 -0.01900794 1000
84 0.26 5.5 0.5 0 -0.01907883 -0.01928793 -0.01980577 -0.0194737 -0.01897467 1000 -0.01791466 -0.01859664 -0.01795712 -0.0169912 -0.01766718 1000
85 0.42 -4 0.6 1 -0.02067036 -0.02060057 -0.0204084 -0.01962611 -0.01878867 1000 -0.018331 -0.01857651 -0.01778981 -0.01815364 -0.01865219 1000
86 0.52 -5.5 0.6 1 -0.01804311 -0.0181327 -0.0189447 -0.01886795 -0.01894981 1000 -0.01857578 -0.01808567 -0.01782147 -0.01770644 -0.01702111 1000
87 0.32 -5.5 0.5 0 -0.01951703 -0.01856865 -0.01882302 -0.01862231 -0.01865397 1000 -0.01694398 -0.01692201 -0.0170741 -0.01759615 -0.01777161 1000
88 0.6 4.75 0.6 0 -0.01802924 -0.0184636 -0.01902348 -0.01870924 -0.01847576 1000 -0.01903011 -0.01815278 -0.01726221 -0.01732924 -0.01707618 1000
89 0.42 -4.75 0.6 -1 -0.02052388 -0.01998514 -0.0201999 -0.02032579 -0.01984083 1000 -0.01744563 -0.01691462 -0.01670585 -0.01763066 -0.01729064 1000
90 0.26 -4 0.1 0 -0.01926289 -0.01984269 -0.01964167 -0.02014405 -0.02022015 1000 -0.01705739 -0.01707656 -0.01643511 -0.01649074 -0.01675108 1000
91 0.36 -4 0.6 0 -0.02089 -0.02111904 -0.02061324 -0.0204178 -0.01986653 1000 -0.0165551 -0.01636508 -0.01665101 -0.01683847 -0.01674358 1000
92 0.32 -4.75 0.2 0 -0.02135725 -0.0209836 -0.02044598 -0.0200519 -0.02040889 1000 -0.01864139 -0.01848238 -0.01824087 -0.01879648 -0.01816278 1000
93 0.22 5.5 0.2 0 -0.0202315 -0.01994024 -0.02017196 -0.02066919 -0.02121848 1000 -0.01826934 -0.01815844 -0.01790118 -0.0179424 -0.01814427 1000
94 0.26 -5.5 0.2 0 -0.01953323 -0.01925478 -0.01915794 -0.01911875 -0.01905233 1000 -0.01892592 -0.01934209 -0.01897781 -0.01854694 -0.01838377 1000
95 0.32 -5.5 0.5 1 -0.01727323 -0.01704378 -0.01726631 -0.01794934 -0.01836994 1000 -0.01575839 -0.01678397 -0.01607252 -0.01624754 -0.01656051 1000
96 0.42 -5.5 0.9 0 -0.01933609 -0.01870593 -0.01885244 -0.01919653 -0.01987875 1000 -0.01766193 -0.01807567 -0.01793764 -0.01759752 -0.01737394 1000
97 0.06 4 0.5 -1 -0.01926227 -0.01939105 -0.01967585 -0.01950401 -0.01938677 1000 -0.01825591 -0.01789801 -0.01770906 -0.01740262 -0.0170372 1000
98 0.52 5.5 0.9 0 -0.0202818 -0.01987194 -0.020591 -0.02045732 -0.02141726 1000 -0.01634822 -0.0165923 -0.01633318 -0.01667606 -0.01662966 1000
99 0.08 5.5 0.1 0 -0.02059687 -0.02102888 -0.02127903 -0.02135048 -0.02119136 1000 -0.01732855 -0.01746536 -0.0170466 -0.01694419 -0.01699436 1000
100 0.32 -5.5 0.5 -1 -0.02231585 -0.02287155 -0.0235393 -0.02356829 -0.02352786 1000 -0.01640437 -0.0155256 -0.01505385 -0.01596612 -0.0156238 1000
101 0.08 -4 0.4 0 -0.02137898 -0.02128286 -0.02172295 -0.02208787 -0.02239182 1000 -0.01580454 -0.01525861 -0.01511303 -0.01488399 -0.01461954 1000
102 0.3 -4 0.3 0 -0.02129595 -0.02134058 -0.0216951 -0.02186511 -0.02211978 1000 -0.01451194 -0.01451657 -0.01440586 -0.01399546 -0.01466199 1000
103 0.54 -5.5 0.6 0 -0.02398475 -0.02362771 -0.02350867 -0.02318924 -0.02337091 1000 -0.01544319 -0.01554488 -0.01596639 -0.01623989 -0.01604052 1000
104 0.32 -4.75 0.5 -1 -0.02210383 -0.0224294 -0.02208762 -0.02229512 -0.02264079 1000 -0.01495929 -0.01528292 -0.01430343 -0.01373844 -0.01432353 1000
105 0.4600001 4 0.3 0 -0.02439269 -0.02424031 -0.02376715 -0.02260366 -0.02286506 1000 -0.01479576 -0.01503585 -0.01500064 -0.01448035 -0.01496409 1000
106 0.7799998 -4 0.6 0 -0.02190409 -0.021662 -0.02054559 -0.02078689 -0.02129117 1000 -0.01586386 -0.0154916 -0.01495993 -0.01543827 -0.01544233 1000
107 0.52 -5.5 0.3 0 -0.02163593 -0.02197904 -0.02169638 -0.02183115 -0.02159594 1000 -0.01561278 -0.01615106 -0.0158914 -0.01607885 -0.01646981 1000
108 0.36 4 0.6 -1 -0.02047476 -0.0202666 -0.02000469 -0.02005024 -0.0199675 1000 -0.01627191 -0.01570616 -0.01542862 -0.01580566 -0.01583928 1000
109 0.9999996 4 0.8 0 -0.02125772 -0.02136526 -0.02089136 -0.02105468 -0.02070493 1000 -0.01513872 -0.01425774 -0.01453798 -0.01455688 -0.01428412 1000
110 0.6599999 4.75 0.4 0 -0.01919985 -0.01934938 -0.01935633 -0.01924618 -0.01944324 1000 -0.01630686 -0.01599666 -0.01618632 -0.01612919 -0.01505758 1000
111 0.6399999 -5.5 0.9 0 -0.01929079 -0.0189199 -0.01879513 -0.0190072 -0.01835481 1000 -0.01637648 -0.01722268 -0.01716026 -0.01676085 -0.01723337 1000
112 0.7799998 4 0.5 0 -0.01906852 -0.01965275 -0.01929273 -0.01878776 -0.01881598 1000 -0.0169582 -0.01605913 -0.01522847 -0.01598147 -0.01583719 1000
113 0.54 5.5 0.4 0 -0.02009397 -0.01919621 -0.01922396 -0.01925038 -0.01933006 1000 -0.01642425 -0.0160359 -0.01598209 -0.01626571 -0.01596406 1000
114 0.58 -4 0.5 1 -0.01942601 -0.01973256 -0.019663 -0.01837989 -0.01862109 1000 -0.01515545 -0.01446044 -0.01436758 -0.01437987 -0.01397143 1000
115 0.4400001 -4.75 0.6 0 -0.02051382 -0.01955384 -0.01920551 -0.01901951 -0.01881036 1000 -0.01384129 -0.01356388 -0.01378372 -0.01440028 -0.0145296 1000
116 0.8199998 4 0.9 0 -0.02111779 -0.02180035 -0.02185994 -0.02232321 -0.02201584 1000 -0.01418447 -0.01360372 -0.013044 -0.01312391 -0.01291393 1000
117 0.7799998 4.75 0.6 -1 -0.0216053 -0.02196973 -0.02126483 -0.02077753 -0.02018455 1000 -0.01348071 -0.01319565 -0.01335346 -0.01403264 -0.01382907 1000
118 0.52 -4 0.6 -1 -0.02333095 -0.02297954 -0.02279037 -0.02268091 -0.0228646 1000 -0.01308591 -0.0130574 -0.01266325 -0.01313012 -0.01297564 1000
119 0.58 -5.5 0.6 -1 -0.02427564 -0.02416361 -0.02407576 -0.02386695 -0.02409096 1000 -0.01379091 -0.01365632 -0.01233779 -0.01303155 -0.01353082 1000
120 0.32 4 0.2 0 -0.01604348 -0.01191147 -0.008565239 -0.00755115 -0.007335619 1000 -0.01008635 -0.01043348 -0.01097406 -0.009812797 -0.009897918 1000
121 0.4600001 4.75 0.5 1 -0.009020032 -0.008804643 -0.008449054 -0.007291325 -0.007663931 1000 -0.01199844 -0.01299329 -0.01287332 -0.01301474 -0.01325151 1000
122 0.38 5.5 0.4 0 -0.008575588 -0.008381056 -0.008370032 -0.008903912 -0.009092118 1000 -0.01385391 -0.01372751 -0.01397184 -0.01360218 -0.01320611 1000
123 0.52 4.75 0.6 0 -0.006722529 -0.008309293 -0.009324061 -0.01040998 -0.01087666 1000 -0.0147794 -0.01463083 -0.01473444 -0.01518345 -0.01471675 1000
124 0.8799997 4.75 0.8 0 -0.009303282 -0.009579498 -0.009438682 -0.008975727 -0.009244361 1000 -0.01553186 -0.01527657 -0.01532192 -0.01532519 -0.01535081 1000
125 0.6 -5.5 0.6 1 -0.01050872 -0.01080542 -0.01004417 -0.009391687 -0.007832736 1000 -0.01523131 -0.01479392 -0.01543247 -0.01587704 -0.01551219 1000
126 0.42 -4 0.2 0 -0.009948884 -0.01214636 -0.01259001 -0.01283984 -0.01104832 1000 -0.01514995 -0.01498314 -0.01476599 -0.0145738 -0.01517733 1000
127 0.6599999 -5.5 0.6 0 -0.01111379 -0.0111068 -0.01122839 -0.01099745 -0.01087281 1000 -0.01591924 -0.01570483 -0.01594459 -0.01612546 -0.01616946 1000
128 0.52 -4.75 0.7 1 -0.01092518 -0.01081121 -0.01079307 -0.01079963 -0.01122618 1000 -0.01629733 -0.01652377 -0.01680543 -0.01653656 -0.01630395 1000
129 0.7999998 -5.5 0.7 0 -0.01183543 -0.01119223 -0.01191485 -0.01247848 -0.01304294 1000 -0.01490581 -0.01450186 -0.01500463 -0.01487918 -0.01508746 1000
130 0.6999999 5.5 0.8 0 -0.01198862 -0.01209383 -0.01216072 -0.01271816 -0.01241127 1000 -0.01615245 -0.01569316 -0.01642294 -0.01621137 -0.01512279 1000
131 0.6999999 5.5 0.8 0 -0.01503578 -0.01456142 -0.01457365 -0.0134324 -0.01345591 1000 -0.01610489 -0.01631038 -0.01642093 -0.01621295 -0.01620011 1000
132 0.38 -4 0.5 -1 -0.01323934 -0.01222144 -0.01154878 -0.0117093 -0.01148861 1000 -0.01283388 -0.01398906 -0.01465104 -0.01434916 -0.01512878 1000
133 0.6399999 4.75 1 0 -0.01240234 -0.01156984 -0.01240431 -0.01328732 -0.01384937 1000 -0.01588891 -0.01549684 -0.01557752 -0.01578491 -0.01547221 1000
134 0.7199998 5.5 0.7 1 -0.0147732 -0.01531622 -0.01526281 -0.01543128 -0.01511347 1000 -0.01795777 -0.0180669 -0.01712985 -0.0168455 -0.01755793 1000
135 0.28 4 0.3 0 -0.01803412 -0.0176223 -0.01694935 -0.01686677 -0.0165299 1000 -0.01526116 -0.01542427 -0.01493188 -0.01524288 -0.01544662 1000
136 0.5000001 5.5 0.7 0 -0.01526767 -0.01526268 -0.01549226 -0.01589419 -0.01571816 1000 -0.01585672 -0.01633373 -0.01586788 -0.01488025 -0.01509608 1000
137 0.36 -4.75 0.6 -1 -0.0173909 -0.01757112 -0.01722499 -0.01626022 -0.01587658 1000 -0.01584101 -0.01548883 -0.01566941 -0.01562334 -0.01533617 1000
138 0.38 4.75 0.4 0 -0.01440435 -0.01437678 -0.0140131 -0.01330312 -0.01333387 1000 -0.01655272 -0.01645134 -0.01652933 -0.01608632 -0.01615329 1000
139 0.58 4.75 0.5 1 -0.01295807 -0.01236547 -0.01288677 -0.01304956 -0.01341182 1000 -0.01502411 -0.01471835 -0.01497744 -0.01531145 -0.01527203 1000
140 0.4800001 5.5 0.6 -1 -0.01480413 -0.01441826 -0.01412017 -0.0147713 -0.01478321 1000 -0.01625046 -0.01634259 -0.01657846 -0.01638176 -0.0161182 1000
141 0.32 -4.75 0.1 0 -0.01692947 -0.01770138 -0.01761885 -0.01712492 -0.01678542 1000 -0.01513945 -0.01507054 -0.0145896 -0.01515612 -0.01473583 1000
142 0.52 -5.5 0.6 -1 -0.01892565 -0.01913868 -0.01874814 -0.01816473 -0.01754919 1000 -0.01476648 -0.01438725 -0.01426776 -0.01494156 -0.01483325 1000
143 0.58 -4 1 0 -0.01414775 -0.01420696 -0.0144471 -0.01499699 -0.01567107 1000 -0.01647427 -0.01617689 -0.01588767 -0.01608747 -0.01551929 1000
144 0.6 5.5 0.4 0 -0.01612518 -0.01618762 -0.01572889 -0.01550803 -0.01480561 1000 -0.01591574 -0.0154215 -0.01553977 -0.01600078 -0.01599594 1000
145 0.7999998 -4 0.5 0 -0.01462239 -0.01472832 -0.01525493 -0.01567455 -0.01570895 1000 -0.01700243 -0.01710252 -0.01616269 -0.01590445 -0.01594855 1000
146 0.7599998 4.75 0.7 1 -0.01642924 -0.01679929 -0.01709318 -0.0172765 -0.01750205 1000 -0.01564586 -0.01548092 -0.01554651 -0.01546808 -0.01512901 1000
147 0.4800001 4 0.5 -1 -0.01763897 -0.0177197 -0.0176982 -0.01772663 -0.01785645 1000 -0.01393509 -0.01329794 -0.01256541 -0.01327751 -0.01321007 1000
148 0.6599999 4 0.5 0 -0.01766546 -0.01795975 -0.01749914 -0.01731852 -0.01641395 1000 -0.01401317 -0.01341552 -0.01397308 -0.01417872 -0.0141179 1000
149 0.6799999 -4.75 0.8 0 -0.01702174 -0.01651889 -0.01638186 -0.016795 -0.01737783 1000 -0.01430588 -0.01421914 -0.01377099 -0.01348953 -0.01386317 1000
150 0.6399999 -4.75 0.8 0 -0.01741399 -0.01683563 -0.0165299 -0.01601734 -0.01640463 1000 -0.01365904 -0.01376711 -0.01322856 -0.01349102 -0.01346839 1000
151 0.6399999 4.75 0.6 1 -0.016563 -0.0168805 -0.01685835 -0.01694607 -0.01686997 1000 -0.01377195 -0.01379737 -0.01404763 -0.01384273 -0.01373192 1000
152 0.42 4 0.4 0 -0.0173513 -0.01796479 -0.01833785 -0.01820941 -0.01790264 1000 -0.01335464 -0.01339107 -0.01334316 -0.01396356 -0.01381666 1000
153 0.7399998 -5.5 1 0 -0.0181971 -0.01815425 -0.01771108 -0.01667834 -0.0161885 1000 -0.01511239 -0.01428225 -0.01493217 -0.01469302 -0.01496801 1000
154 0.9599996 5.5 0.7 0 -0.01770068 -0.01841014 -0.01847787 -0.0180997 -0.01760883 1000 -0.01498328 -0.01526487 -0.01452916 -0.01398844 -0.01513869 1000
155 0.26 -4 0.1 0 -0.01737984 -0.01688845 -0.01753596 -0.01745583 -0.01757487 1000 -0.01419989 -0.01375922 -0.01409268 -0.01454089 -0.0144209 1000
156 0.3 -5.5 0.5 1 -0.0164444 -0.01758587 -0.01801756 -0.01828566 -0.01790984 1000 -0.012545 -0.01251157 -0.01243944 -0.01189981 -0.01205605 1000
157 0.4800001 4.75 0.5 1 -0.01694723 -0.0171882 -0.01725671 -0.0172359 -0.01690573 1000 -0.01201365 -0.01204202 -0.01231345 -0.0123949 -0.01195354 1000
158 0.58 4 0.6 0 -0.01547922 -0.01539225 -0.01542702 -0.01568815 -0.01593235 1000 -0.01397032 -0.01294277 -0.01224963 -0.01275208 -0.01236513 1000
159 0.6999999 4.75 0.7 -1 -0.01594143 -0.01758048 -0.01844113 -0.01931071 -0.02025608 1000 -0.01121968 -0.01128649 -0.0115532 -0.01108347 -0.01135873 1000
160 0.3 5.5 0.1 0 -0.01615985 -0.01603858 -0.01686703 -0.01706822 -0.01751231 1000 -0.01174494 -0.01036803 -0.00904142 -0.008792195 -0.008465119 1000
161 0.24 -4 0.4 0 -0.01741867 -0.01817947 -0.01889057 -0.01853163 -0.01859481 1000 -0.008203541 -0.008213031 -0.007742014 -0.008435465 -0.00909423 1000
162 0.4 4 0.5 0 -0.01734952 -0.01652888 -0.01584275 -0.01516562 -0.01493521 1000 -0.01005676 -0.01056824 -0.01015938 -0.01063451 -0.01084172 1000
163 0.6599999 4 0.6 -1 -0.01754726 -0.01818845 -0.01868309 -0.01805022 -0.01861038 1000 -0.01025096 -0.009452374 -0.009563506 -0.01093036 -0.009160244 1000
164 0.8399997 -4.75 0.9 0 -0.01791506 -0.01842291 -0.01856069 -0.01799787 -0.01740732 1000 -0.009308864 -0.008899225 -0.008294194 -0.009309424 -0.009431284 1000
165 0.7199998 4.75 0.7 1 -0.01954314 -0.01901921 -0.01879568 -0.01837906 -0.01825063 1000 -0.007678667 -0.007773907 -0.007913413 -0.007557642 -0.007789025 1000
166 0.36 4.75 0.7 -1 -0.0170466 -0.01694316 -0.01613514 -0.01495956 -0.01480077 1000 -0.006827449 -0.006677898 -0.007335684 -0.00802605 -0.008649791 1000
167 0.56 -5.5 0.6 0 -0.01728682 -0.01843529 -0.01837701 -0.01807997 -0.01780721 1000 -0.007762436 -0.007713383 -0.008398072 -0.008612074 -0.008096622 1000
168 0.3 -5.5 0.1 0 -0.01787941 -0.01798763 -0.01779308 -0.01707474 -0.01631035 1000 -0.0081424 -0.00843351 -0.008182473 -0.007981839 -0.007967258 1000
169 0.4600001 4 0.6 0 -0.01577142 -0.01581566 -0.0157505 -0.01539276 -0.01478641 1000 -0.008617625 -0.008221865 -0.007839045 -0.007404647 -0.007492702 1000
170 0.3 -5.5 0.2 0 -0.01714412 -0.01705099 -0.01634703 -0.01643617 -0.01649765 1000 -0.008598352 -0.008495355 -0.008809456 -0.009266167 -0.008818965 1000
171 0.6599999 -4 0.8 0 -0.01782086 -0.01843301 -0.01890159 -0.01908324 -0.01997811 1000 -0.008680577 -0.008592865 -0.007959288 -0.007924355 -0.007775109 1000
172 0.56 5.5 0.7 1 -0.0179204 -0.01848074 -0.01839173 -0.01865923 -0.01899444 1000 -0.00834032 -0.008318125 -0.009577293 -0.009694695 -0.008766864 1000
173 0.6999999 4 0.7 0 -0.02083658 -0.02058242 -0.02188691 -0.02279934 -0.02287974 1000 -0.007067196 -0.008778813 -0.01031552 -0.00687038 -0.006681004 1000
174 0.52 -4 0.7 -1 -0.02355446 -0.02425505 -0.02423869 -0.02401015 -0.02411343 1000 -0.005425055 -0.005434654 -0.005425052 -0.006703992 -0.00809304 1000
175 0.4800001 -4 0.1 0 -0.01982607 -0.01952361 -0.0192778 -0.01892081 -0.01924958 1000 -0.01003317 -0.01043245 -0.0108829 -0.01037485 -0.0106912 1000
176 0.24 4 0.1 0 -0.01777747 -0.01777738 -0.01808284 -0.01765077 -0.01688348 1000 -0.01282512 -0.01265172 -0.01238149 -0.0123341 -0.01147374 1000
177 0.4 -5.5 0.3 0 -0.01674805 -0.01637729 -0.01532004 -0.01532148 -0.01522182 1000 -0.01114024 -0.01126396 -0.01110026 -0.01192194 -0.01107499 1000
178 0.6 4.75 0.4 0 -0.01299727 -0.01211742 -0.01357616 -0.01446861 -0.01480122 1000 -0.01186781 -0.01200612 -0.01202249 -0.0118157 -0.01162575 1000
179 0.6799999 5.5 0.6 1 -0.01452144 -0.01300675 -0.01168722 -0.01189733 -0.01294367 1000 -0.0117827 -0.01191565 -0.01222596 -0.0116276 -0.01090753 1000
180 0.5000001 4 0.9 0 -0.01921085 -0.01839299 -0.0178018 -0.01819067 -0.01830859 1000 -0.01224034 -0.01311958 -0.01282977 -0.01362513 -0.0148025 1000
181 0.6399999 4.75 0.6 -1 -0.01480416 -0.0154469 -0.01677313 -0.01740471 -0.01770867 1000 -0.01353562 -0.0139592 -0.0138604 -0.01310618 -0.01302858 1000
182 0.6799999 -5.5 0.6 -1 -0.01623411 -0.01606171 -0.01535628 -0.01501689 -0.01503248 1000 -0.01456608 -0.01506434 -0.01446902 -0.01505483 -0.01540468 1000
183 0.7599998 4.75 1 0 -0.01329297 -0.01379192 -0.01456065 -0.01442495 -0.01469132 1000 -0.01526174 -0.01434087 -0.01352782 -0.01291867 -0.01340368 1000
184 0.7199998 -5.5 0.7 -1 -0.01613192 -0.01563053 -0.01578252 -0.01647805 -0.01626098 1000 -0.01416311 -0.01447961 -0.01483207 -0.01664635 -0.01898325 1000
185 0.7999998 -5.5 0.7 0 -0.01625776 -0.01584078 -0.01597244 -0.01520632 -0.01501781 1000 -0.01816683 -0.01806225 -0.01766243 -0.01803099 -0.01682783 1000
186 0.3 4.75 0.2 0 -0.01779428 -0.01830449 -0.01875456 -0.01877245 -0.01846265 1000 -0.01654028 -0.01615709 -0.01634895 -0.01667312 -0.01687048 1000
187 0.4800001 -5.5 0.7 1 -0.01714956 -0.01664194 -0.01646043 -0.01698216 -0.0171227 1000 -0.01769848 -0.0180326 -0.01818526 -0.01699496 -0.01673304 1000
188 0.8199998 -4.75 0.6 -1 -0.01763373 -0.01811982 -0.01843361 -0.0184882 -0.01860623 1000 -0.01739685 -0.01746581 -0.01730649 -0.01696522 -0.01675161 1000
189 1.1 -5.5 0.7 -1 -0.01888041 -0.01835601 -0.01816912 -0.01824467 -0.01919745 1000 -0.01772633 -0.01683492 -0.01654873 -0.01651795 -0.01627173 1000
190 0.7599998 -5.5 0.6 1 -0.02197219 -0.02219277 -0.02131928 -0.02110212 -0.0207802 1000 -0.01747917 -0.01768326 -0.01739348 -0.0179997 -0.01860977 1000
191 0.8999997 -4 1 0 -0.01860314 -0.01882489 -0.01943448 -0.0190693 -0.01936954 1000 -0.01659626 -0.01592387 -0.01477879 -0.01460363 -0.01462494 1000
192 0.8999997 -4 0.8 0 -0.02069657 -0.02070924 -0.0209543 -0.02006722 -0.01993335 1000 -0.01650826 -0.01641234 -0.01602759 -0.01663654 -0.01707139 1000
193 1.159999 -5.5 0.9 0 -0.0198323 -0.01990205 -0.01907472 -0.0184202 -0.0187288 1000 -0.01582401 -0.01549622 -0.01462796 -0.01553295 -0.01595261 1000
194 0.54 -4.75 0.4 0 -0.01868923 -0.01831187 -0.01873434 -0.01910963 -0.01949858 1000 -0.01682799 -0.01685176 -0.01637319 -0.0162049 -0.01549448 1000
195 0.52 -4.75 0.4 0 -0.01855425 -0.01830816 -0.01870354 -0.01820111 -0.01849433 1000 -0.0145167 -0.01478002 -0.01475341 -0.01458639 -0.01444896 1000
196 0.8599997 4 0.6 1 -0.01933511 -0.01896131 -0.01897244 -0.01876517 -0.01775911 1000 -0.01483522 -0.01500851 -0.0142956 -0.01414543 -0.01465899 1000
197 0.8799997 4 0.8 0 -0.01801781 -0.01740778 -0.01628522 -0.01465413 -0.01510493 1000 -0.01219455 -0.01318061 -0.01326603 -0.01340047 -0.01373172 1000
198 0.2 4 0.1 0 -0.01751238 -0.01815547 -0.01805433 -0.01787555 -0.01655492 1000 -0.01396125 -0.01390853 -0.01383466 -0.01368766 -0.01354873 1000
199 0.22 -4 0.2 0 -0.01697739 -0.01639307 -0.01640996 -0.01639799 -0.01670444 1000 -0.0128662 -0.01340701 -0.0131353 -0.01355203 -0.01345432 1000
200 0.6199999 -4.75 0.5 -1 -0.02000498 -0.01964953 -0.01898785 -0.01851835 -0.01835751 1000 -0.01738414 -0.0161223 -0.01584997 -0.01609697 -0.01552805 1000
201 0.4400001 5.5 0.2 0 -0.01799424 -0.01817442 -0.01796835 -0.0171466 -0.01717337 1000 -0.01508717 -0.01553752 -0.01542685 -0.01505402 -0.0154384 1000
202 0.5000001 4 0.6 1 -0.01758878 -0.01690793 -0.0169334 -0.016888 -0.01715319 1000 -0.01591825 -0.01530538 -0.01488028 -0.01523392 -0.01542795 1000
203 0.56 -4 0.7 1 -0.01678792 -0.01727151 -0.01678552 -0.01755446 -0.01786518 1000 -0.01399917 -0.01464426 -0.01398496 -0.0145423 -0.01519357 1000
204 0.42 4 0.3 0 -0.01772809 -0.01785432 -0.0172645 -0.01746502 -0.01767048 1000 -0.01686354 -0.01680243 -0.01591742 -0.01562096 -0.01548913 1000
205 0.4800001 -4 0.6 0 -0.01712105 -0.0172948 -0.01712674 -0.01791158 -0.01782761 1000 -0.0147928 -0.0153516 -0.01502747 -0.01516123 -0.01485184 1000
206 0.9799996 -4.75 0.9 0 -0.01834707 -0.01790412 -0.01821561 -0.01819611 -0.01824582 1000 -0.01651451 -0.01586883 -0.01511063 -0.01515017 -0.01478077 1000
207 0.6399999 -4 0.8 0 -0.01899111 -0.01900329 -0.01742147 -0.01724361 -0.01734492 1000 -0.01410157 -0.01359476 -0.01319049 -0.01415948 -0.01356358 1000
208 0.8999997 -4 0.7 -1 -0.01965378 -0.019423 -0.01931177 -0.01920561 -0.01923361 1000 -0.01436785 -0.01451119 -0.01412033 -0.0145948 -0.01508928 1000
209 1.04 -5.5 0.9 0 -0.01929845 -0.01837871 -0.01855675 -0.01832644 -0.01930041 1000 -0.01346856 -0.01321272 -0.01280626 -0.01230233 -0.0126916 1000
210 0.52 -4 0.3 0 -0.01866434 -0.01869993 -0.01856672 -0.01809253 -0.01743124 1000 -0.01424775 -0.01411608 -0.01383345 -0.01335811 -0.01285845 1000
211 0.56 -5.5 0.4 0 -0.01817985 -0.01837598 -0.01832934 -0.01864912 -0.01876396 1000 -0.01251692 -0.01210467 -0.01146951 -0.01162059 -0.01224632 1000
212 0.9199997 5.5 0.6 0 -0.02272788 -0.02249211 -0.02160517 -0.02076962 -0.0200367 1000 -0.01113801 -0.01144904 -0.01223536 -0.01234635 -0.01178723 1000
213 0.6999999 5.5 0.8 0 -0.01972632 -0.01930011 -0.01908595 -0.01810252 -0.01801628 1000 -0.0101386 -0.01042268 -0.009964281 -0.01041684 -0.01116686 1000
214 0.58 -4 0.7 0 -0.02039953 -0.02070925 -0.02049447 -0.01998212 -0.0199033 1000 -0.01348348 -0.01479459 -0.01556635 -0.01600082 -0.01714218 1000
215 0.6199999 5.5 0.7 1 -0.01865961 -0.0184086 -0.01771495 -0.01692915 -0.01539591 1000 -0.01525421 -0.01492587 -0.01510253 -0.01494181 -0.01400644 1000
216 0.8199998 4 0.5 0 -0.01413538 -0.01327499 -0.01320339 -0.01313377 -0.01336491 1000 -0.01613773 -0.01657216 -0.01696414 -0.01728297 -0.01719928 1000
217 0.7599998 5.5 0.7 0 -0.01653465 -0.01706383 -0.0173828 -0.01742345 -0.01726724 1000 -0.01607485 -0.01542824 -0.01513658 -0.01569603 -0.01730961 1000
218 0.7999998 4 0.7 1 -0.01735056 -0.01696708 -0.01626322 -0.01536993 -0.01520683 1000 -0.01505859 -0.01563999 -0.01538058 -0.0160286 -0.01614821 1000
219 1.04 -4 1 0 -0.01593203 -0.01622876 -0.01668107 -0.01783197 -0.0175595 1000 -0.01547388 -0.01490473 -0.01467917 -0.01456421 -0.01510247 1000
220 0.8599997 4 0.5 1 -0.01934965 -0.01932177 -0.01905126 -0.01879263 -0.01834001 1000 -0.01656427 -0.01674855 -0.01636714 -0.01595346 -0.01645038 1000
221 0.6599999 4.75 0.5 -1 -0.01682846 -0.01696111 -0.01673157 -0.01570354 -0.01527628 1000 -0.01390592 -0.01375587 -0.01352185 -0.01445202 -0.01434367 1000
222 0.8799997 4.75 0.7 1 -0.01645536 -0.01615827 -0.01558293 -0.01542267 -0.01599294 1000 -0.01673038 -0.01761093 -0.01752475 -0.01727289 -0.01710431 1000
223 0.56 -4 0.5 -1 -0.01346453 -0.01368804 -0.01385489 -0.01455516 -0.01488895 1000 -0.0160073 -0.01660203 -0.01588635 -0.01590535 -0.01624371 1000
224 0.6399999 5.5 0.5 -1 -0.01594103 -0.01596483 -0.01529328 -0.01529028 -0.01488216 1000 -0.01925175 -0.0193991 -0.01907649 -0.01844736 -0.01788607 1000
225 0.8999997 -4 0.8 0 -0.01460406 -0.01675614 -0.01825668 -0.01961797 -0.01967699 1000 -0.01684319 -0.01766098 -0.01806247 -0.01742094 -0.01870445 1000
226 0.8799997 -4 0.6 0 -0.0183812 -0.01862446 -0.01852887 -0.01809583 -0.01765931 1000 -0.02362419 -0.0229707 -0.0222976 -0.02319061 -0.02315539 1000
227 0.8599997 -4 0.6 0 -0.01271148 -0.0146354 -0.01607071 -0.01740104 -0.01763483 1000 -0.02263074 -0.02292938 -0.02250924 -0.02154409 -0.02191743 1000
228 1.06 4 1 0 -0.01375588 -0.01417896 -0.01481452 -0.01472093 -0.01486233 1000 -0.02236566 -0.02225131 -0.02091661 -0.02025579 -0.01996853 1000
229 1.239999 -4 1 0 -0.01882839 -0.01877608 -0.01858197 -0.01805661 -0.01690664 1000 -0.02210912 -0.02196708 -0.02196267 -0.02186054 -0.0227528 1000
230 1.06 -4.75 0.9 0 -0.02140149 -0.02160868 -0.02234271 -0.02229624 -0.02178102 1000 -0.02212517 -0.02140141 -0.0210025 -0.02168838 -0.02237763 1000
231 0.7799998 -4.75 0.7 0 -0.02081721 -0.02066145 -0.02054079 -0.02032458 -0.02050833 1000 -0.02363816 -0.02391417 -0.02359433 -0.02361742 -0.02393758 1000
232 0.7599998 -5.5 0.6 -1 -0.02076233 -0.02084872 -0.02062913 -0.02081067 -0.02096102 1000 -0.0225092 -0.02300032 -0.02248904 -0.02214617 -0.02291087 1000
233 0.6199999 -4 0.1 0 -0.02175157 -0.0178005 -0.01526067 -0.01364699 -0.01132875 1000 -0.02241026 -0.01986905 -0.01504698 -0.0125848 -0.01388433 1000
234 0.7399998 -5.5 0.7 -1 -0.006496467 -0.005918434 -0.005044323 -0.004472568 -0.003987085 1000 -0.01191275 -0.01243486 -0.01308562 -0.01333865 -0.01361995 1000
235 0.6199999 4.75 0.7 -1 -0.008499995 -0.009296891 -0.008932205 -0.007823119 -0.007541775 1000 -0.01429319 -0.01326468 -0.01325524 -0.01346437 -0.01316347 1000
236 0.6199999 4.75 0.6 -1 -0.006915187 -0.006167131 -0.006035624 -0.005628115 -0.005028411 1000 -0.01527103 -0.01549036 -0.01573306 -0.01558753 -0.01569958 1000
237 0.7399998 5.5 0.6 1 -0.004076815 -0.0037139 -0.004444948 -0.0052567 -0.005427703 1000 -0.01867727 -0.01916913 -0.0197099 -0.01904949 -0.01848921 1000
238 0.7199998 -4.75 0.1 0 -0.003004706 -0.002530397 -0.002044182 -0.001431029 -0.001729261 1000 -0.01571431 -0.0156169 -0.01601283 -0.01668209 -0.01773065 1000
239 0.2 -4 0.1 0 -0.003906398 -0.003782135 -0.003587349 -0.002514655 -0.003391007 1000 -0.01975877 -0.01995725 -0.01947544 -0.01891596 -0.01903024 1000
240 0.26 5.5 0.2 0 -0.003896002 -0.003853209 -0.003095119 -0.002336794 -0.003573485 1000 -0.01888519 -0.01941496 -0.01890574 -0.01911973 -0.01967208 1000
241 0.8199998 4 0.9 0 -0.005594084 -0.005424256 -0.004803502 -0.004363936 -0.003559364 1000 -0.02093692 -0.02094736 -0.02102956 -0.02135845 -0.02169446 1000
242 0.32 4.75 0.5 1 -0.006138502 -0.006892439 -0.006923991 -0.006429742 -0.005572913 1000 -0.02224081 -0.02289253 -0.02235001 -0.0216176 -0.02188666 1000
243 0.4600001 -4 0.7 1 -0.007195614 -0.007776645 -0.007608328 -0.007555934 -0.007185074 1000 -0.02320221 -0.02316833 -0.02331528 -0.02407984 -0.02370694 1000
244 0.34 -5.5 0.2 0 -0.005483902 -0.002907083 -0.001862744 -0.0009195479 0.0001109809 1000 -0.02101216 -0.01629931 -0.01585534 -0.01259536 -0.01010946 1000
245 0.42 -4 0.7 1 0.0008995266 0.0008057283 0.001590101 0.001445139 0.002220938 1000 -0.01117817 -0.01066056 -0.01122825 -0.01168713 -0.01156749 1000
246 0.36 4 0.5 1 0.0001691068 0.0009409811 0.001433484 0.002158557 0.00246896 1000 -0.01250421 -0.01235847 -0.01273257 -0.01344625 -0.01349814 1000
247 0.6399999 -4.75 1 0 4.210664E-05 -0.0007514729 -0.001123996 -0.001643725 -0.001253139 1000 -0.01420857 -0.01375093 -0.01389727 -0.01352797 -0.01406368 1000
248 0.7999998 -5.5 0.8 0 -0.001670173 -0.001672666 -0.001290131 -0.0006122814 -0.0001544534 1000 -0.01433221 -0.01363559 -0.01420015 -0.01459914 -0.0144648 1000
249 0.18 4 0.1 0 0.001829045 0.001539342 0.001270476 0.0006864558 0.0001044767 1000 -0.01524744 -0.01554587 -0.01512772 -0.01482534 -0.01467422 1000
250 0.6399999 -4 0.3 0 -0.004758194 -0.004466533 -0.003340015 -0.001638694 -0.001091343 1000 -0.01668419 -0.01667213 -0.01652806 -0.01717578 -0.01786247 1000
251 0.6399999 -4.75 0.5 0 -0.002565202 -0.002655443 -0.002670426 -0.002941604 -0.002518846 1000 -0.01803996 -0.01873072 -0.01853221 -0.018569 -0.01908133 1000
252 0.24 -5.5 0.1 0 -0.004663525 -0.005105069 -0.005610161 -0.004643921 -0.004634352 1000 -0.0174492 -0.01759623 -0.01789101 -0.01698716 -0.01761856 1000
253 0.38 5.5 0.7 0 -0.0067524 -0.007023745 -0.00685978 -0.005923338 -0.006618513 1000 -0.01734563 -0.01718226 -0.01800118 -0.017746 -0.01880489 1000
254 0.6999999 -4.75 0.5 -1 -0.006398906 -0.005610611 -0.004112521 -0.003903246 -0.004393114 1000 -0.02142148 -0.02108846 -0.02063337 -0.02180786 -0.02155487 1000
255 0.04 4 0.2 0 -0.01054765 -0.006822319 -0.004589596 -0.006093934 -0.009403934 1000 -0.01725737 -0.01274833 -0.01280733 -0.01765756 -0.02130925 1000
256 0.7199998 -4 0.5 -1 -0.009523275 -0.008299102 -0.008061443 -0.008304251 -0.009099425 1000 -0.0165538 -0.01735713 -0.01812589 -0.0171896 -0.01571062 1000
257 0.56 -4 0.6 0 -0.008953953 -0.009412962 -0.009677107 -0.009373583 -0.009043405 1000 -0.01922354 -0.01974511 -0.01999838 -0.01944872 -0.01992213 1000
258 0.6999999 -4.75 0.8 0 -0.008709377 -0.008744378 -0.009544207 -0.01035416 -0.01093965 1000 -0.02220053 -0.02199912 -0.02206017 -0.02216643 -0.02234887 1000
259 0.7199998 4.75 0.4 0 -0.01132579 -0.01111335 -0.0114459 -0.01038279 -0.01023533 1000 -0.02295389 -0.02360788 -0.02369449 -0.0233231 -0.02386771 1000
260 0.6599999 -4 0.6 -1 -0.009523045 -0.009577618 -0.01060721 -0.01091519 -0.01134835 1000 -0.0241653 -0.02428419 -0.02377685 -0.02355712 -0.0241824 1000
261 0.38 -5.5 0.7 -1 -0.01321114 -0.0129189 -0.01284329 -0.0137964 -0.01406752 1000 -0.02422682 -0.02346465 -0.02296636 -0.02351958 -0.02323378 1000
262 0.42 4.75 0.6 -1 -0.006897106 -0.003145182 -0.001890085 0.0002202899 -8.019089E-05 1000 -0.02147327 -0.01704222 -0.01613587 -0.01446148 -0.01138445 1000
263 0.52 -4.75 0.2 0 -0.004409297 -0.00366457 -0.002593214 -0.002978094 -0.003383986 1000 -0.01136168 -0.01105141 -0.01107319 -0.01187217 -0.01181012 1000
264 0.28 -4.75 0.3 0 -0.002660432 -0.002682918 -0.002989133 -0.003619409 -0.004400006 1000 -0.0125249 -0.01289034 -0.01356201 -0.01346534 -0.01319627 1000
265 0.22 -4 0.5 1 -0.006791183 -0.006799891 -0.007227805 -0.006791574 -0.006668178 1000 -0.01420874 -0.01433648 -0.01455112 -0.01497442 -0.01387444 1000
266 0.38 -5.5 0.8 0 -0.00476157 -0.006148687 -0.005987986 -0.006147688 -0.006766073 1000 -0.01585076 -0.01536194 -0.01502554 -0.01432284 -0.0150282 1000
267 0.42 4 0.6 1 -0.006007344 -0.005997321 -0.005300931 -0.005437568 -0.005432012 1000 -0.01525854 -0.0154994 -0.01563772 -0.01618177 -0.01629826 1000
268 0.12 5.5 0.1 0 -0.008328098 -0.008916756 -0.008746347 -0.008353706 -0.008848379 1000 -0.01662808 -0.01721092 -0.0175416 -0.01688914 -0.01672809 1000
269 0.4800001 -4 0.7 1 -0.01115569 -0.01126441 -0.01172729 -0.0109539 -0.01018098 1000 -0.01665992 -0.01675669 -0.01775968 -0.01740957 -0.01735263 1000
270 0.04 -5.5 0.1 0 -0.01189171 -0.01135538 -0.0109714 -0.01155396 -0.01201609 1000 -0.0176644 -0.01729633 -0.01671061 -0.01762605 -0.0176872 1000
271 0.54 4.75 0.6 0 -0.01267106 -0.01251554 -0.01181482 -0.01212731 -0.01247458 1000 -0.01807908 -0.01793791 -0.01754796 -0.01731799 -0.01701209 1000
272 0.42 -4 0.2 0 -0.009568129 -0.01008099 -0.01035593 -0.01119412 -0.01147143 1000 -0.01753275 -0.01786416 -0.01819515 -0.01831214 -0.01824307 1000
273 0.36 4.75 0.9 0 -0.01414505 -0.01484984 -0.01490017 -0.01508461 -0.01488128 1000 -0.01922187 -0.01937878 -0.01894893 -0.01885547 -0.01899952 1000
